-0    -0    -0    0
0.785398    -0.785398    -3.14159    -0.785398
1.5708    -1.5708    -6.28319    -1.36456
2.35619    -2.35619    -9.42478    -0.57916
3.14159    -3.14159    -12.5664    0
3.92699    -3.92699    -15.708    0
4.71239    -4.71239    -18.8496    0
5.44293    -5.49779    -21.9911    0
4.65753    -6.28319    -25.1327    0
3.87213    -5.9035    -28.2743    0
3.08673    -5.1181    -31.4159    0
2.30133    -4.3327    -31.4159    0
1.51594    -3.5473    -31.4159    0
0.730537    -2.7619    -31.4159    0
0    -1.97651    -31.4159    0
0    -1.19111    -31.4159    0
0    -0.405709    -31.4159    0
0    0    -31.4159    0
0    0    -31.4159    0
0    0    -31.4159    0
0    0    -31.4159    0
0    0    -31.4159    0
0    0    -31.4159    0
0    0    -31.4159    0
0    0    -31.4159    0
0    0    -31.4159    0
0    0    -31.4159    0
0    0    -31.4159    0
0    0    -31.4159    0
0    0    -31.4159    0
0    0    -31.4159    0
0    0    -31.4159    0
0    0    -31.4159    0
0    0    -31.4159    0
0    0    -31.4159    0
0    0    -31.4159    0
0    0    -31.4159    0
0    0    -31.4159    0
0    0    -31.4159    0
0    0    -31.4159    0
0    0    -31.4159    0
0    0    -31.4159    0
0    0    -31.4159    0
0    -0.654905    -31.4159    0
0    -1.4403    -31.4159    0
0.421351    -2.2257    -31.3459    0
1.20675    -3.0111    -28.2043    0
1.99215    -3.7965    -25.0627    0
2.77754    -4.5819    -21.9211    0
3.56294    -5.36729    -18.7795    0
4.34834    -5.8499    -15.6379    0
5.0645    -5.0645    -12.4963    0
4.27911    -4.27911    -9.35472    0
3.49371    -3.49371    -6.21312    0
2.70831    -2.70831    -3.07153    -0.158655
1.92291    -1.92291    0.0700618    -0.944054
1.13751    -1.13751    3.21165    -1.13751
0.352116    -0.352116    1.40846    -0.352116
-0.433282    0.433282    4.55006    0.0995694
-1.21868    1.21868    7.69165    0.0995694
-1.3638    1.93086    10.8332    0.0995694
-1.3638    1.93086    13.9748    0.0995694
-1.3638    1.93086    17.1164    0.0995694
-1.3638    1.93086    20.258    0.0995694
-1.3638    1.93086    23.3996    0.0995694
-1.3638    1.93086    26.5412    0.0995694
-1.3638    1.93086    29.6828    0.0995694
-1.3638    1.93086    31.4159    0.0995694
-1.3638    1.93086    31.4159    0.0995694
-1.3638    1.93086    31.4159    0.0995694
-1.3638    1.93086    31.4159    0.0995694
-1.3638    1.93086    31.4159    0.0995694
-1.3638    1.93086    31.4159    0.0995694
-1.3638    1.93086    31.4159    0.0995694
-1.3638    1.93086    31.4159    0.0995694
-1.3638    1.93086    31.4159    0.0995694
-1.3638    1.93086    31.4159    0.0995694
-1.3638    1.93086    31.4159    0.0995694
-1.3638    1.93086    31.4159    0.0995694
-1.3638    1.93086    31.4159    0.0995694
-1.3638    1.93086    31.4159    0.0995694
-1.3638    1.93086    31.4159    0.0995694
-1.3638    1.93086    31.4159    0.0995694
-1.3638    1.93086    31.4159    0.0995694
-1.3638    1.93086    31.4159    0.0995694
-1.3638    1.93086    31.4159    0.0995694
-1.3638    1.93086    31.4159    0.0995694
-1.3638    1.93086    31.4159    0.0995694
-1.3638    1.93086    31.4159    0.0995694
-1.3638    1.93086    31.4159    0.0995694
-1.3638    1.93086    31.4159    0.0995694
-1.3638    1.93086    31.4159    0.0995694
-1.3638    1.93086    31.4159    0.0995694
-1.3638    1.93086    31.4159    0.0995694
-1.3638    1.93086    31.4159    0.0995694
-1.3638    1.93086    31.4159    0.0995694
-1.3638    1.93086    31.4159    0.0995694
-1.3638    1.93086    31.4159    0.0995694
-1.3638    1.93086    31.4159    0.0995694
-1.3638    1.93086    31.4159    0.0995694
-1.3638    1.93086    31.4159    0.0995694
-1.3638    1.93086    31.4159    0.0995694
-1.3638    1.93086    29.5211    0.0995694
-1.3638    1.93086    26.3795    0.0995694
-1.3638    1.93086    23.238    0.0995694
-1.3638    1.93086    20.0964    0.0995694
-1.3638    1.93086    16.9548    0.0995694
-1.3638    1.93086    13.8132    0.0995694
-1.3638    1.93086    10.6716    0.0995694
-1.3638    1.8825    7.52999    0.0995694
-1.0971    1.0971    4.3884    0.0995694
