-0.683659    1.45225    16.9536    2.81727
-0.683659    1.45225    16.9536    2.81727
-0.683658    1.45225    16.9536    2.81727
-0.683656    1.45225    16.9536    2.81727
-0.683651    1.45224    16.9536    2.81727
-0.683643    1.45223    16.9536    2.81727
-0.683631    1.45222    16.9535    2.81726
-0.683615    1.45221    16.9535    2.81726
-0.683593    1.45218    16.9534    2.81726
-0.683566    1.45215    16.9533    2.81725
-0.683536    1.45212    16.9531    2.81725
-0.683502    1.45208    16.9529    2.81725
-0.683467    1.45204    16.9527    2.81725
-0.683429    1.45199    16.9525    2.81724
-0.683391    1.45194    16.9522    2.81724
-0.683353    1.45189    16.9519    2.81724
-0.683315    1.45184    16.9516    2.81724
-0.683277    1.45178    16.9513    2.81723
-0.683239    1.45173    16.9509    2.81723
-0.683201    1.45167    16.9504    2.81723
-0.683163    1.45162    16.95    2.81722
-0.683125    1.45157    16.9495    2.81722
-0.683087    1.45151    16.949    2.81722
-0.683048    1.45146    16.9484    2.81722
-0.68301    1.45141    16.9478    2.81721
-0.682972    1.45135    16.9472    2.81721
-0.682934    1.4513    16.9466    2.81721
-0.682896    1.45125    16.9459    2.81721
-0.682858    1.45119    16.9452    2.8172
-0.68282    1.45114    16.9445    2.8172
-0.682782    1.45109    16.9437    2.8172
-0.682744    1.45103    16.9429    2.81719
-0.682706    1.45098    16.9421    2.81719
-0.682667    1.45092    16.9412    2.81719
-0.682629    1.45087    16.9403    2.81719
-0.682591    1.45082    16.9394    2.81718
-0.682553    1.45076    16.9384    2.81718
-0.682515    1.45071    16.9374    2.81718
-0.682477    1.45066    16.9364    2.81718
-0.682439    1.4506    16.9354    2.81717
-0.682401    1.45055    16.9343    2.81717
-0.682363    1.4505    16.9332    2.81717
-0.682325    1.45044    16.932    2.81716
-0.682286    1.45039    16.9308    2.81716
-0.682248    1.45033    16.9296    2.81716
-0.68221    1.45028    16.9284    2.81716
-0.682172    1.45022    16.9271    2.81715
-0.682132    1.45016    16.9258    2.81715
-0.68209    1.4501    16.9245    2.81715
-0.682046    1.45003    16.9231    2.81714
-0.681998    1.44995    16.9218    2.81714
-0.681945    1.44987    16.9204    2.81714
-0.681888    1.44979    16.919    2.81714
-0.681826    1.4497    16.9176    2.81713
-0.681761    1.4496    16.9162    2.81713
-0.681693    1.44951    16.9148    2.81713
-0.681624    1.44941    16.9134    2.81712
-0.681553    1.44931    16.9119    2.81712
-0.681482    1.44921    16.9105    2.81711
-0.681411    1.44911    16.9091    2.81711
-0.681341    1.44901    16.9077    2.8171
-0.681273    1.44892    16.9064    2.8171
-0.681206    1.44882    16.905    2.81709
-0.681141    1.44873    16.9036    2.81709
-0.681077    1.44864    16.9023    2.81708
-0.681014    1.44855    16.901    2.81708
-0.680952    1.44847    16.8997    2.81707
-0.680892    1.44838    16.8985    2.81707
-0.680834    1.4483    16.8972    2.81707
-0.680776    1.44822    16.896    2.81706
-0.68072    1.44814    16.8949    2.81706
-0.680666    1.44806    16.8938    2.81705
-0.680613    1.44799    16.8927    2.81705
-0.680561    1.44792    16.8916    2.81705
-0.68051    1.44785    16.8906    2.81704
-0.680461    1.44778    16.8896    2.81704
-0.680413    1.44771    16.8886    2.81703
-0.680367    1.44765    16.8876    2.81703
-0.680322    1.44758    16.8867    2.81703
-0.680278    1.44752    16.8859    2.81702
-0.680236    1.44746    16.885    2.81702
-0.680195    1.44741    16.8842    2.81702
-0.680155    1.44735    16.8834    2.81702
-0.680117    1.4473    16.8827    2.81701
-0.68008    1.44724    16.882    2.81701
-0.680045    1.4472    16.8813    2.81701
-0.680011    1.44715    16.8806    2.817
-0.679978    1.4471    16.88    2.817
-0.679947    1.44706    16.8794    2.817
-0.679916    1.44702    16.8788    2.817
-0.679888    1.44698    16.8783    2.817
-0.67986    1.44694    16.8778    2.81699
-0.679835    1.4469    16.8773    2.81699
-0.67981    1.44687    16.8769    2.81699
-0.679787    1.44684    16.8765    2.81699
-0.679765    1.44681    16.8761    2.81699
-0.679744    1.44678    16.8758    2.81698
-0.679725    1.44675    16.8755    2.81698
-0.679707    1.44673    16.8752    2.81698
-0.679691    1.4467    16.8749    2.81698
-0.679676    1.44668    16.8747    2.81698
-0.679662    1.44666    16.8745    2.81698
-0.67965    1.44665    16.8744    2.81698
-0.679639    1.44663    16.8743    2.81698
-0.679629    1.44662    16.8742    2.81698
-0.679621    1.44661    16.8741    2.81697
-0.679614    1.4466    16.874    2.81697
-0.679609    1.44659    16.874    2.81697
-0.679605    1.44659    16.874    2.81697
-0.679602    1.44659    16.874    2.81697
-0.679601    1.44658    16.8739    2.81697
