0    0    0    0
0.000392699    -0.000392699    -0.0015708    -0.000392699
0.0015708    -0.0015708    -0.00628319    -0.00155726
0.00353429    -0.00353429    -0.0141372    -0.00252912
0.00628319    -0.00628319    -0.0251327    -0.00274265
0.00981748    -0.00981748    -0.0392699    -0.00274265
0.0141372    -0.0141372    -0.0565487    -0.00274265
0.0192413    -0.0192423    -0.076969    -0.00274265
0.0242915    -0.0251327    -0.100531    -0.00274265
0.0285564    -0.0313765    -0.127235    -0.00274265
0.0320358    -0.0368873    -0.15708    -0.00274265
0.0347298    -0.0416127    -0.188496    -0.00274265
0.0366384    -0.0455527    -0.219911    -0.00274265
0.0377617    -0.0487073    -0.251327    -0.00274265
0.0381014    -0.0510765    -0.282743    -0.00274265
0.0381014    -0.0526604    -0.314159    -0.00274265
0.0381014    -0.0534588    -0.345575    -0.00274265
0.0381014    -0.0535635    -0.376991    -0.00274265
0.0381014    -0.0535635    -0.408407    -0.00274265
0.0381014    -0.0535635    -0.439823    -0.00274265
0.0381014    -0.0535635    -0.471239    -0.00274265
0.0381014    -0.0535635    -0.502655    -0.00274265
0.0381014    -0.0535635    -0.534071    -0.00274265
0.0381014    -0.0535635    -0.565487    -0.00274265
0.0381014    -0.0535635    -0.596903    -0.00274265
0.0381014    -0.0535635    -0.628319    -0.00274265
0.0381014    -0.0535635    -0.659734    -0.00274265
0.0381014    -0.0535635    -0.69115    -0.00274265
0.0381014    -0.0535635    -0.722566    -0.00274265
0.0381014    -0.0535635    -0.753982    -0.00274265
0.0381014    -0.0535635    -0.785398    -0.00274265
0.0381014    -0.0535635    -0.816814    -0.00274265
0.0381014    -0.0535635    -0.84823    -0.00274265
0.0381014    -0.0535635    -0.879646    -0.00274265
0.0381014    -0.0535635    -0.911062    -0.00274265
0.0381014    -0.0535635    -0.942478    -0.00274265
0.0381014    -0.0535635    -0.973894    -0.00274265
0.0381014    -0.0535635    -1.00531    -0.00274265
0.0381014    -0.0535635    -1.03673    -0.00274265
0.0381014    -0.0535635    -1.06814    -0.00274265
0.0381014    -0.0535635    -1.09956    -0.00274265
0.0381014    -0.0535635    -1.13097    -0.00274265
0.0381014    -0.0535635    -1.16239    -0.00274265
0.0381014    -0.0538366    -1.19381    -0.00274265
0.0381014    -0.0548842    -1.22522    -0.00274265
0.0382145    -0.0567172    -1.25664    -0.00274265
0.0390285    -0.0593356    -1.28641    -0.00274265
0.040628    -0.0627394    -1.31304    -0.00274265
0.0430128    -0.0669286    -1.33654    -0.00274265
0.0461831    -0.0719032    -1.35689    -0.00274265
0.0501387    -0.077634    -1.3741    -0.00274265
0.0548782    -0.0830912    -1.38816    -0.00274265
0.05955    -0.087763    -1.39909    -0.00274265
0.0634364    -0.0916494    -1.40687    -0.00274265
0.0665374    -0.0947504    -1.41151    -0.00275868
0.068853    -0.097066    -1.41302    -0.00331003
0.0703833    -0.0985963    -1.41137    -0.00453525
0.0711281    -0.0993411    -1.40854    -0.00528007
0.0710875    -0.0993005    -1.40556    -0.00531038
0.0702615    -0.0984745    -1.39944    -0.00521081
0.0689111    -0.0968665    -1.39018    -0.00511124
0.0675473    -0.0949357    -1.37777    -0.00501167
0.0661835    -0.0930048    -1.36223    -0.0049121
0.0648197    -0.091074    -1.34354    -0.00481253
0.0634559    -0.0891431    -1.32171    -0.00471297
0.0620921    -0.0872123    -1.29674    -0.0046134
0.0607283    -0.0852814    -1.26863    -0.00451383
0.0593645    -0.0833505    -1.23769    -0.00441426
0.0580007    -0.0814197    -1.20627    -0.00431469
0.0566369    -0.0794888    -1.17486    -0.00421512
0.0552731    -0.077558    -1.14344    -0.00411555
0.0539093    -0.0756271    -1.11203    -0.00401598
0.0525455    -0.0736963    -1.08061    -0.00391641
0.0511817    -0.0717654    -1.04919    -0.00381684
0.0498179    -0.0698345    -1.01778    -0.00371727
0.0484541    -0.0679037    -0.986362    -0.0036177
0.0470903    -0.0659728    -0.954946    -0.00351813
0.0457265    -0.064042    -0.92353    -0.00341856
0.0443627    -0.0621111    -0.892114    -0.00331899
0.0429989    -0.0601803    -0.860698    -0.00321942
0.0416351    -0.0582494    -0.829282    -0.00311986
0.0402713    -0.0563185    -0.797866    -0.00302029
0.0389074    -0.0543877    -0.76645    -0.00292072
0.0375436    -0.0524568    -0.735034    -0.00282115
0.0361798    -0.050526    -0.703618    -0.00272158
0.034816    -0.0485951    -0.672203    -0.00262201
0.0334522    -0.0466643    -0.640787    -0.00252244
0.0320884    -0.0447334    -0.609371    -0.00242287
0.0307246    -0.0428026    -0.577955    -0.0023233
0.0293608    -0.0408717    -0.546539    -0.00222373
0.027997    -0.0389408    -0.515123    -0.00212416
0.0266332    -0.03701    -0.483707    -0.00202459
0.0252694    -0.0350791    -0.452291    -0.00192502
0.0239056    -0.0331483    -0.420875    -0.00182545
0.0225418    -0.0312174    -0.389459    -0.00172588
0.021178    -0.0292866    -0.358043    -0.00162631
0.0198142    -0.0273557    -0.326627    -0.00152675
0.0184504    -0.0254248    -0.295211    -0.00142718
0.0170866    -0.023494    -0.263795    -0.00132761
0.0157228    -0.0215631    -0.23238    -0.00122804
0.014359    -0.0196323    -0.200964    -0.00112847
0.0129952    -0.0177014    -0.169548    -0.0010289
0.0116314    -0.0157706    -0.138703    -0.000929329
0.0102676    -0.0138397    -0.110753    -0.00082976
0.00890379    -0.0119088    -0.0859441    -0.00073019
0.00753998    -0.00997799    -0.0642769    -0.000630621
0.00617618    -0.00804713    -0.0457513    -0.000531052
0.00481238    -0.00611628    -0.0303674    -0.000431482
0.00344858    -0.00418542    -0.018125    -0.000331913
0.00208477    -0.00225605    -0.00902421    -0.000232343
0.000766253    -0.000766253    -0.00306501    -0.000132774
