-39.915    84.2464    54.7551    161.447
-39.915    84.2464    54.7551    161.447
-39.915    84.2464    54.7551    161.447
-39.915    84.2464    54.7551    161.447
-39.915    84.2464    54.7551    161.447
-39.915    84.2464    54.7551    161.447
-39.915    84.2464    54.7551    161.447
-39.915    84.2464    54.7551    161.447
-39.915    84.2464    54.7551    161.447
-39.915    84.2464    54.7551    161.447
-39.915    84.2464    54.7551    161.447
-39.915    84.2464    54.7551    161.447
-39.915    84.2464    54.7551    161.447
-39.915    84.2464    54.7551    161.447
-39.915    84.2464    54.7551    161.447
-39.915    84.2464    54.7551    161.447
-39.915    84.2464    54.7551    161.447
-39.915    84.2464    54.7551    161.447
-39.915    84.2464    54.7551    161.447
-39.915    84.2464    54.7551    161.447
-39.915    84.2464    54.7551    161.447
-39.915    84.2464    54.7551    161.447
-39.915    84.2464    54.7551    161.447
-39.915    84.2464    54.7551    161.447
-39.915    84.2464    54.7551    161.447
-39.915    84.2464    54.7551    161.447
-39.915    84.2464    54.7551    161.447
-39.915    84.2464    54.7551    161.447
-39.915    84.2464    54.7551    161.447
-39.915    84.2464    54.7551    161.447
-39.915    84.2464    54.7551    161.447
-39.915    84.2464    54.7551    161.447
-39.915    84.2464    54.7551    161.447
-39.915    84.2464    54.7551    161.447
-39.915    84.2464    54.7551    161.447
-39.915    84.2464    54.7551    161.447
-39.915    84.2464    54.7551    161.447
-39.915    84.2464    54.7551    161.447
-39.915    84.2464    54.7551    161.447
-39.915    84.2464    54.7551    161.447
-39.915    84.2464    54.7551    161.447
-39.915    84.2464    54.7551    161.447
-39.915    84.2464    54.7551    161.447
-39.915    84.2464    54.7551    161.447
-39.915    84.2464    54.7551    161.447
-39.915    84.2464    54.7551    161.447
-39.915    84.2464    54.7551    161.447
-39.915    84.2464    54.7551    161.447
-39.7581    84.0321    54.8813    161.44
-39.6415    83.8727    54.975    161.434
-39.4877    83.662    55.0986    161.426
-39.3548    83.4796    55.2053    161.419
-39.2427    83.3255    55.2952    161.413
-39.1277    83.1673    55.3874    161.407
-38.9948    82.9841    55.4939    161.399
-38.8547    82.7907    55.6061    161.39
-38.7386    82.6302    55.699    161.383
-38.6352    82.4871    55.7817    161.376
-38.5343    82.3472    55.8624    161.369
-38.4184    82.1864    55.955    161.361
-38.3191    82.0484    56.0343    161.354
-38.2143    81.9025    56.118    161.346
-38.0672    81.6977    56.2354    161.335
-37.942    81.523    56.3352    161.325
-37.8209    81.3537    56.4317    161.316
-37.7219    81.2153    56.5105    161.308
-37.615    81.0655    56.5955    161.299
-37.5152    80.9255    56.6749    161.29
-37.4041    80.7694    56.7632    161.28
-37.3027    80.627    56.8437    161.271
-37.198    80.4795    56.9269    161.262
-37.099    80.3401    57.0054    161.252
-37.0171    80.2244    57.0704    161.245
-36.9238    80.0928    57.1443    161.236
-36.8167    79.9414    57.2291    161.225
-36.7115    79.7924    57.3124    161.214
-36.6144    79.6549    57.3892    161.205
-36.5313    79.5371    57.4548    161.196
-36.4364    79.4023    57.5298    161.186
-36.3459    79.2737    57.6013    161.176
-36.2647    79.1581    57.6654    161.168
-36.1754    79.0309    57.7358    161.158
-36.1017    78.9258    57.7939    161.149
-36.0217    78.8117    57.857    161.14
-35.931    78.6824    57.9283    161.13
-35.8432    78.5568    57.9974    161.12
-35.7697    78.4516    58.0553    161.111
-35.6995    78.3511    58.1104    161.103
-35.614    78.2286    58.1776    161.093
-35.5432    78.1272    58.2332    161.084
-35.4653    78.0153    58.2944    161.075
-35.3822    77.8959    58.3595    161.064
-35.309    77.7907    58.4169    161.055
-35.2226    77.6664    58.4846    161.044
-35.1459    77.5559    58.5447    161.034
-35.0796    77.4603    58.5965    161.026
-35.0039    77.3511    58.6558    161.016
-34.9405    77.2596    58.7053    161.007
-34.8692    77.1567    58.761    160.998
-34.8019    77.0592    58.8136    160.989
-34.7246    76.9475    58.8739    160.978
-34.6636    76.8592    58.9215    160.97
-34.6088    76.7798    58.9642    160.962
-34.5403    76.6804    59.0176    160.953
-34.4738    76.5839    59.0694    160.943
-34.4228    76.5098    59.1092    160.936
-34.3587    76.4168    59.159    160.927
-34.3001    76.3316    59.2046    160.918
-34.2463    76.2534    59.2464    160.911
-34.1899    76.1713    59.2902    160.902
-34.1403    76.0991    59.3288    160.895
-34.0828    76.0153    59.3734    160.887
-34.0343    75.9446    59.411    160.879
-33.9841    75.8713    59.45    160.872
-33.9382    75.8043    59.4856    160.865
-33.8937    75.7394    59.5201    160.858
-33.8483    75.6731    59.5553    160.851
-33.799    75.601    59.5935    160.844
-33.7527    75.5334    59.6293    160.837
-33.7109    75.4722    59.6617    160.83
-33.6585    75.3955    59.7022    160.822
-33.619    75.3376    59.7328    160.816
-33.5795    75.2798    59.7633    160.81
-33.5354    75.2151    59.7974    160.803
-33.4879    75.1456    59.834    160.795
-33.4375    75.0716    59.873    160.787
-33.3893    75.0009    59.9102    160.779
-33.3455    74.9365    59.944    160.772
-33.3051    74.8771    59.9752    160.766
-33.2616    74.8133    60.0087    160.759
-33.2239    74.7578    60.0378    160.753
-33.1875    74.7043    60.0658    160.747
-33.1525    74.6528    60.0928    160.741
-33.1135    74.5954    60.1228    160.734
-33.0794    74.5451    60.1491    160.729
-33.0459    74.4959    60.1748    160.723
-33.0068    74.4382    60.2049    160.717
-32.9755    74.392    60.229    160.711
-32.9368    74.335    60.2587    160.705
-32.9059    74.2894    60.2824    160.7
-32.865    74.2291    60.3138    160.693
-32.8361    74.1863    60.3361    160.688
-32.798    74.1301    60.3653    160.681
-32.7702    74.089    60.3867    160.676
-32.7378    74.0412    60.4115    160.671
-32.7095    73.9993    60.4332    160.666
-32.6808    73.9569    60.4552    160.661
-32.647    73.9069    60.4812    160.655
-32.6143    73.8585    60.5062    160.649
-32.583    73.8121    60.5302    160.644
-32.5491    73.762    60.5561    160.638
-32.519    73.7174    60.5792    160.633
-32.4882    73.6717    60.6028    160.627
-32.464    73.6359    60.6213    160.623
-32.4397    73.5999    60.6399    160.619
-32.4123    73.5592    60.6609    160.614
-32.3892    73.525    60.6786    160.61
-32.3664    73.4912    60.6959    160.606
-32.3428    73.4562    60.714    160.601
-32.3174    73.4184    60.7335    160.597
-32.2894    73.3768    60.7548    160.592
-32.2638    73.3389    60.7744    160.587
-32.2372    73.2994    60.7947    160.582
-32.2166    73.2688    60.8104    160.579
-32.1954    73.2373    60.8266    160.575
-32.168    73.1966    60.8475    160.57
-32.1472    73.1656    60.8634    160.566
-32.1214    73.1273    60.883    160.561
-32.1018    73.098    60.898    160.558
-32.0761    73.0598    60.9176    160.553
-32.0575    73.0321    60.9318    160.549
-32.0334    72.9963    60.9501    160.545
-32.0153    72.9694    60.9639    160.542
-31.9979    72.9434    60.9772    160.538
-31.9745    72.9086    60.995    160.534
-31.9537    72.8776    61.0109    160.53
-31.9359    72.8511    61.0244    160.527
-31.9184    72.825    61.0377    160.523
-31.8997    72.7971    61.052    160.52
-31.8781    72.7649    61.0684    160.516
-31.8574    72.7341    61.0842    160.512
-31.8398    72.7079    61.0975    160.509
-31.8214    72.6803    61.1116    160.505
-31.803    72.6529    61.1255    160.502
-31.7857    72.6271    61.1387    160.498
-31.7673    72.5996    61.1527    160.495
-31.7524    72.5775    61.164    160.492
-31.7354    72.552    61.1769    160.489
-31.7174    72.5252    61.1906    160.485
-31.7022    72.5024    61.2022    160.483
-31.6835    72.4745    61.2163    160.479
-31.6673    72.4503    61.2286    160.476
-31.6498    72.4242    61.2419    160.473
-31.6333    72.3995    61.2544    160.469
-31.6176    72.3761    61.2664    160.466
-31.605    72.3573    61.2759    160.464
-31.5892    72.3336    61.2879    160.461
-31.5733    72.3097    61.3    160.458
-31.5572    72.2857    61.3122    160.455
-31.5416    72.2624    61.324    160.452
-31.5265    72.2398    61.3355    160.449
-31.511    72.2165    61.3472    160.446
-31.4967    72.1953    61.358    160.443
-31.4821    72.1733    61.3691    160.44
-31.4673    72.1512    61.3803    160.437
-31.4541    72.1314    61.3903    160.435
-31.4418    72.113    61.3997    160.432
-31.431    72.0968    61.4078    160.43
-31.4177    72.0769    61.4179    160.427
-31.4044    72.057    61.428    160.425
-31.3923    72.0389    61.4371    160.422
-31.3804    72.021    61.4462    160.42
-31.3701    72.0056    61.454    160.418
-31.3586    71.9884    61.4627    160.416
-31.3487    71.9735    61.4701    160.414
-31.3373    71.9564    61.4788    160.412
-31.3274    71.9416    61.4863    160.41
-31.3175    71.9268    61.4937    160.408
-31.3082    71.9128    61.5008    160.406
-31.2995    71.8998    61.5074    160.404
-31.2891    71.8842    61.5152    160.402
-31.2802    71.8709    61.522    160.4
-31.27    71.8556    61.5297    160.398
-31.2605    71.8413    61.5369    160.396
-31.2497    71.8251    61.545    160.394
-31.2411    71.8122    61.5515    160.393
-31.2319    71.7984    61.5585    160.391
-31.2223    71.784    61.5657    160.389
-31.2146    71.7725    61.5715    160.387
-31.2061    71.7596    61.578    160.386
-31.1972    71.7464    61.5847    160.384
-31.1876    71.7319    61.592    160.382
-31.1795    71.7197    61.5981    160.38
-31.1718    71.7081    61.6039    160.379
-31.1629    71.6947    61.6107    160.377
-31.1551    71.6831    61.6165    160.375
-31.1486    71.6734    61.6214    160.374
-31.1413    71.6624    61.6269    160.373
-31.1335    71.6506    61.6328    160.371
-31.1253    71.6383    61.6391    160.369
-31.1186    71.6282    61.6441    160.368
-31.1109    71.6167    61.6499    160.366
-31.1038    71.6061    61.6552    160.365
-31.0969    71.5956    61.6605    160.364
-31.0904    71.5859    61.6654    160.362
-31.0832    71.575    61.6708    160.361
-31.0772    71.566    61.6753    160.36
-31.0703    71.5557    61.6805    160.358
-31.0648    71.5474    61.6847    160.357
-31.0586    71.5381    61.6894    160.356
-31.0519    71.528    61.6944    160.354
-31.0453    71.5181    61.6994    160.353
-31.0389    71.5085    61.7042    160.352
-31.0332    71.5    61.7085    160.351
-31.0279    71.492    61.7125    160.35
-31.0219    71.4829    61.7171    160.348
-31.0159    71.4739    61.7216    160.347
-31.0098    71.4648    61.7262    160.346
-31.0046    71.4569    61.7301    160.345
-30.9987    71.448    61.7346    160.344
-30.9938    71.4407    61.7382    160.343
-30.9878    71.4316    61.7428    160.341
-30.9822    71.4233    61.747    160.34
-30.9768    71.4151    61.751    160.339
-30.9722    71.4081    61.7546    160.338
-30.9671    71.4005    61.7583    160.337
-30.9629    71.3941    61.7615    160.336
-30.9584    71.3874    61.7649    160.335
-30.9531    71.3794    61.7689    160.334
-30.9481    71.3719    61.7727    160.333
-30.9441    71.3659    61.7757    160.332
-30.9401    71.3599    61.7787    160.332
-30.9358    71.3534    61.7819    160.331
-30.9313    71.3466    61.7854    160.33
-30.9268    71.3398    61.7887    160.329
-30.9223    71.333    61.7922    160.328
-30.9183    71.3271    61.7951    160.327
-30.9138    71.3202    61.7985    160.326
-30.91    71.3145    61.8014    160.325
-30.9062    71.3088    61.8043    160.325
-30.9026    71.3034    61.807    160.324
-30.898    71.2966    61.8104    160.323
-30.8948    71.2917    61.8128    160.322
-30.8906    71.2854    61.816    160.321
-30.8871    71.28    61.8187    160.321
-30.8838    71.2751    61.8212    160.32
-30.8802    71.2697    61.8238    160.319
-30.8761    71.2635    61.8269    160.319
-30.8721    71.2574    61.83    160.318
-30.8683    71.2518    61.8328    160.317
-30.8647    71.2463    61.8355    160.316
-30.8618    71.2419    61.8377    160.316
-30.8582    71.2366    61.8404    160.315
-30.8551    71.2319    61.8427    160.314
-30.8516    71.2267    61.8453    160.313
-30.848    71.2213    61.8481    160.313
-30.8445    71.216    61.8507    160.312
-30.8411    71.2109    61.8532    160.311
-30.8384    71.2068    61.8553    160.311
-30.8352    71.2019    61.8577    160.31
-30.8323    71.1975    61.8599    160.309
-30.8296    71.1935    61.8619    160.309
-30.8264    71.1887    61.8643    160.308
-30.8233    71.184    61.8667    160.308
-30.8203    71.1794    61.869    160.307
-30.8176    71.1754    61.871    160.306
-30.8149    71.1713    61.873    160.306
-30.8126    71.1679    61.8747    160.305
-30.8102    71.1643    61.8765    160.305
-30.8074    71.1601    61.8786    160.304
-30.805    71.1564    61.8805    160.304
-30.8025    71.1527    61.8823    160.303
-30.7999    71.1487    61.8843    160.303
-30.7975    71.1452    61.8861    160.302
-30.7954    71.1419    61.8877    160.302
-30.7927    71.1379    61.8897    160.301
-30.7903    71.1343    61.8915    160.301
-30.788    71.1307    61.8933    160.3
-30.7861    71.1279    61.8947    160.3
-30.7838    71.1245    61.8964    160.299
-30.7817    71.1213    61.8979    160.299
-30.7794    71.1179    61.8997    160.299
-30.7772    71.1146    61.9013    160.298
-30.7754    71.1118    61.9027    160.298
-30.7736    71.1091    61.904    160.297
-30.7717    71.1062    61.9055    160.297
-30.77    71.1036    61.9068    160.297
-30.7683    71.1011    61.908    160.296
-30.7665    71.0984    61.9094    160.296
-30.7648    71.0958    61.9107    160.295
-30.7627    71.0927    61.9123    160.295
-30.7607    71.0896    61.9138    160.295
-30.7589    71.0869    61.9151    160.294
-30.7569    71.084    61.9166    160.294
-30.7551    71.0812    61.918    160.293
-30.7534    71.0786    61.9193    160.293
-30.7518    71.0763    61.9204    160.293
-30.7503    71.0739    61.9216    160.292
-30.7486    71.0714    61.9229    160.292
-30.747    71.0689    61.9241    160.292
-30.7455    71.0668    61.9252    160.291
-30.7442    71.0648    61.9262    160.291
-30.7429    71.0628    61.9272    160.291
-30.7416    71.0609    61.9281    160.291
-30.7401    71.0585    61.9293    160.29
-30.7387    71.0565    61.9303    160.29
-30.7374    71.0545    61.9313    160.29
-30.7361    71.0525    61.9323    160.289
-30.7349    71.0507    61.9332    160.289
-30.7335    71.0487    61.9342    160.289
-30.732    71.0464    61.9353    160.289
-30.7307    71.0443    61.9364    160.288
-30.7295    71.0425    61.9373    160.288
-30.7281    71.0405    61.9383    160.288
-30.7267    71.0384    61.9393    160.288
-30.7255    71.0366    61.9402    160.287
-30.7244    71.035    61.941    160.287
-30.7231    71.0329    61.9421    160.287
-30.7219    71.0311    61.943    160.287
-30.7207    71.0293    61.9439    160.286
-30.7197    71.0277    61.9446    160.286
-30.7185    71.026    61.9455    160.286
-30.7174    71.0244    61.9463    160.286
-30.7162    71.0226    61.9472    160.285
-30.7152    71.021    61.948    160.285
-30.7142    71.0195    61.9487    160.285
-30.7132    71.018    61.9495    160.285
-30.7121    71.0164    61.9503    160.284
-30.711    71.0148    61.9511    160.284
-30.7099    71.013    61.952    160.284
-30.709    71.0116    61.9527    160.284
-30.7079    71.01    61.9535    160.284
-30.707    71.0087    61.9541    160.283
-30.7061    71.0074    61.9548    160.283
-30.7054    71.0062    61.9554    160.283
-30.7044    71.0047    61.9561    160.283
-30.7034    71.0032    61.9569    160.283
-30.7026    71.002    61.9575    160.282
-30.7018    71.0008    61.958    160.282
-30.7009    70.9994    61.9588    160.282
-30.7    70.998    61.9594    160.282
-30.6993    70.997    61.96    160.282
-30.6985    70.9958    61.9606    160.282
-30.6975    70.9944    61.9613    160.281
-30.6967    70.9931    61.9619    160.281
-30.696    70.992    61.9624    160.281
-30.6952    70.9909    61.963    160.281
-30.6944    70.9896    61.9636    160.281
-30.6937    70.9887    61.9641    160.281
-30.6931    70.9877    61.9646    160.28
-30.6924    70.9866    61.9651    160.28
-30.6917    70.9856    61.9656    160.28
-30.691    70.9845    61.9662    160.28
-30.6902    70.9834    61.9667    160.28
-30.6896    70.9825    61.9672    160.28
-30.6891    70.9816    61.9676    160.28
-30.6885    70.9808    61.968    160.28
-30.6879    70.9798    61.9685    160.279
-30.6872    70.9787    61.969    160.279
-30.6865    70.9777    61.9695    160.279
-30.6859    70.9768    61.97    160.279
-30.6854    70.976    61.9704    160.279
-30.6847    70.9751    61.9709    160.279
-30.6841    70.9742    61.9713    160.279
-30.6835    70.9733    61.9718    160.278
-30.6829    70.9724    61.9722    160.278
-30.6824    70.9716    61.9726    160.278
-30.6819    70.9708    61.973    160.278
-30.6813    70.9698    61.9735    160.278
-30.6807    70.969    61.9739    160.278
-30.6803    70.9683    61.9742    160.278
-30.6797    70.9675    61.9747    160.278
-30.6792    70.9667    61.975    160.278
-30.6787    70.9659    61.9754    160.277
-30.6781    70.9651    61.9758    160.277
-30.6777    70.9645    61.9762    160.277
-30.6772    70.9636    61.9766    160.277
-30.6767    70.963    61.9769    160.277
-30.6763    70.9624    61.9772    160.277
-30.6758    70.9616    61.9776    160.277
-30.6754    70.961    61.9779    160.277
-30.6749    70.9603    61.9782    160.277
-30.6745    70.9597    61.9785    160.277
-30.6741    70.959    61.9789    160.277
-30.6737    70.9584    61.9792    160.276
-30.6733    70.9578    61.9795    160.276
-30.6728    70.9571    61.9799    160.276
-30.6724    70.9565    61.9801    160.276
-30.672    70.9558    61.9805    160.276
-30.6715    70.9552    61.9808    160.276
-30.6712    70.9547    61.981    160.276
-30.6708    70.9541    61.9813    160.276
-30.6704    70.9535    61.9816    160.276
-30.67    70.9529    61.9819    160.276
-30.6696    70.9523    61.9822    160.276
-30.6693    70.9518    61.9825    160.276
-30.669    70.9513    61.9827    160.275
-30.6687    70.9508    61.983    160.275
-30.6683    70.9503    61.9832    160.275
-30.668    70.9498    61.9835    160.275
-30.6676    70.9493    61.9837    160.275
-30.6673    70.9487    61.984    160.275
-30.6669    70.9482    61.9843    160.275
-30.6666    70.9478    61.9845    160.275
-30.6663    70.9473    61.9847    160.275
-30.666    70.9469    61.9849    160.275
-30.6657    70.9464    61.9852    160.275
-30.6655    70.946    61.9854    160.275
-30.6652    70.9456    61.9856    160.275
-30.6649    70.9451    61.9858    160.275
-30.6646    70.9447    61.986    160.275
-30.6643    70.9443    61.9862    160.274
-30.6641    70.9439    61.9864    160.274
-30.6638    70.9435    61.9866    160.274
-30.6636    70.9431    61.9868    160.274
-30.6633    70.9428    61.987    160.274
-30.663    70.9423    61.9872    160.274
-30.6628    70.942    61.9874    160.274
-30.6625    70.9415    61.9876    160.274
-30.6623    70.9412    61.9878    160.274
-30.662    70.9407    61.988    160.274
-30.6617    70.9403    61.9882    160.274
-30.6614    70.9399    61.9884    160.274
-30.6612    70.9396    61.9886    160.274
-30.661    70.9392    61.9887    160.274
-30.6607    70.9389    61.9889    160.274
-30.6605    70.9386    61.989    160.274
-30.6603    70.9382    61.9892    160.274
-30.6601    70.9379    61.9894    160.274
-30.6599    70.9375    61.9896    160.274
-30.6596    70.9372    61.9897    160.273
-30.6594    70.9369    61.9899    160.273
-30.6592    70.9366    61.99    160.273
-30.659    70.9362    61.9902    160.273
-30.6588    70.9359    61.9904    160.273
-30.6586    70.9356    61.9905    160.273
-30.6584    70.9353    61.9907    160.273
-30.6582    70.935    61.9908    160.273
-30.658    70.9348    61.9909    160.273
-30.6579    70.9345    61.9911    160.273
-30.6577    70.9342    61.9912    160.273
-30.6575    70.934    61.9913    160.273
-30.6573    70.9337    61.9915    160.273
-30.6571    70.9334    61.9916    160.273
-30.657    70.9332    61.9917    160.273
-30.6568    70.933    61.9918    160.273
-30.6567    70.9328    61.9919    160.273
-30.6565    70.9325    61.9921    160.273
-30.6564    70.9323    61.9922    160.273
-30.6562    70.9321    61.9923    160.273
-30.656    70.9318    61.9924    160.273
-30.6559    70.9316    61.9925    160.273
-30.6558    70.9314    61.9926    160.273
-30.6556    70.9311    61.9928    160.273
-30.6554    70.9309    61.9929    160.273
-30.6553    70.9306    61.993    160.273
-30.6552    70.9304    61.9931    160.273
-30.655    70.9302    61.9932    160.273
-30.6549    70.93    61.9933    160.272
-30.6547    70.9298    61.9934    160.272
-30.6546    70.9296    61.9935    160.272
-30.6545    70.9294    61.9936    160.272
-30.6543    70.9292    61.9937    160.272
-30.6542    70.929    61.9938    160.272
-30.6541    70.9288    61.9939    160.272
-30.654    70.9286    61.994    160.272
-30.6538    70.9284    61.9941    160.272
-30.6537    70.9282    61.9942    160.272
-30.6536    70.928    61.9943    160.272
-30.6534    70.9279    61.9944    160.272
-30.6533    70.9277    61.9945    160.272
-30.6532    70.9275    61.9946    160.272
-30.6531    70.9273    61.9947    160.272
-30.653    70.9271    61.9947    160.272
-30.6528    70.927    61.9948    160.272
-30.6527    70.9268    61.9949    160.272
-30.6526    70.9266    61.995    160.272
-30.6525    70.9265    61.9951    160.272
-30.6524    70.9263    61.9952    160.272
-30.6523    70.9261    61.9952    160.272
-30.6522    70.926    61.9953    160.272
-30.6521    70.9258    61.9954    160.272
-30.652    70.9257    61.9955    160.272
-30.6519    70.9255    61.9956    160.272
-30.6518    70.9254    61.9956    160.272
-30.6517    70.9252    61.9957    160.272
-30.6516    70.9251    61.9958    160.272
-30.6515    70.925    61.9958    160.272
-30.6514    70.9248    61.9959    160.272
-30.6513    70.9247    61.996    160.272
-30.6512    70.9245    61.996    160.272
-30.6512    70.9244    61.9961    160.272
-30.6511    70.9243    61.9962    160.272
-30.651    70.9242    61.9962    160.272
-30.6509    70.9241    61.9963    160.272
-30.6509    70.924    61.9963    160.272
-30.6508    70.9238    61.9964    160.272
-30.6507    70.9237    61.9965    160.272
-30.6506    70.9236    61.9965    160.272
-30.6505    70.9235    61.9966    160.272
-30.6505    70.9234    61.9966    160.272
-30.6504    70.9233    61.9967    160.272
-30.6503    70.9232    61.9967    160.272
-30.6503    70.9231    61.9968    160.272
-30.6502    70.923    61.9968    160.272
-30.6501    70.9229    61.9969    160.271
-30.6501    70.9228    61.9969    160.271
-30.65    70.9227    61.997    160.271
-30.65    70.9226    61.997    160.271
-30.6499    70.9225    61.9971    160.271
-30.6498    70.9224    61.9971    160.271
-30.6498    70.9223    61.9971    160.271
-30.6497    70.9222    61.9972    160.271
-30.6497    70.9222    61.9972    160.271
-30.6496    70.9221    61.9973    160.271
-30.6496    70.922    61.9973    160.271
-30.6495    70.9219    61.9973    160.271
-30.6494    70.9218    61.9974    160.271
-30.6494    70.9217    61.9974    160.271
