-39.915    84.2464    54.7551    161.447
-39.915    84.2464    54.7551    161.447
-39.915    84.2464    54.7551    161.447
-39.915    84.2464    54.7551    161.447
-39.915    84.2464    54.7551    161.447
-39.915    84.2464    54.7551    161.447
-39.915    84.2464    54.7551    161.447
-39.915    84.2464    54.7551    161.447
-39.915    84.2464    54.7551    161.447
-39.915    84.2464    54.7551    161.447
-39.915    84.2464    54.7551    161.447
-39.915    84.2464    54.7551    161.447
-39.915    84.2464    54.7551    161.447
-39.915    84.2464    54.7551    161.447
-39.915    84.2464    54.7551    161.447
-39.915    84.2464    54.7551    161.447
-39.915    84.2464    54.7551    161.447
-39.915    84.2464    54.7551    161.447
-39.915    84.2464    54.7551    161.447
-39.915    84.2464    54.7551    161.447
-39.915    84.2464    54.7551    161.447
-39.915    84.2464    54.7551    161.447
-39.915    84.2464    54.7551    161.447
-39.915    84.2464    54.7551    161.447
-39.915    84.2464    54.7551    161.447
-39.915    84.2464    54.7551    161.447
-39.915    84.2464    54.7551    161.447
-39.915    84.2464    54.7551    161.447
-39.915    84.2464    54.7551    161.447
-39.915    84.2464    54.7551    161.447
-39.915    84.2464    54.7551    161.447
-39.915    84.2464    54.7551    161.447
-39.915    84.2464    54.7551    161.447
-39.915    84.2464    54.7551    161.447
-39.915    84.2464    54.7551    161.447
-39.915    84.2464    54.7551    161.447
-39.915    84.2464    54.7551    161.447
-39.915    84.2464    54.7551    161.447
-39.915    84.2464    54.7551    161.447
-39.915    84.2464    54.7551    161.447
-39.915    84.2464    54.7551    161.447
-39.915    84.2464    54.7551    161.447
-39.915    84.2464    54.7551    161.447
-39.915    84.2464    54.7551    161.447
-39.915    84.2464    54.7551    161.447
-39.915    84.2464    54.7551    161.447
-39.915    84.2464    54.7551    161.447
-39.915    84.2464    54.7551    161.447
-39.915    84.2464    54.7551    161.447
-39.915    84.2464    54.7551    161.447
-39.915    84.2464    54.7551    161.447
-39.915    84.2464    54.7551    161.447
-39.915    84.2464    54.7551    161.447
-39.915    84.2464    54.7551    161.447
-39.915    84.2464    54.7551    161.447
-39.915    84.2464    54.7551    161.447
-39.915    84.2464    54.7551    161.447
-39.915    84.2464    54.7551    161.447
-39.915    84.2464    54.7551    161.447
-39.915    84.2464    54.7551    161.447
-39.915    84.2464    54.7551    161.447
-39.915    84.2464    54.7551    161.447
-39.915    84.2464    54.7551    161.447
-39.915    84.2464    54.7551    161.447
-39.915    84.2464    54.7551    161.447
-39.915    84.2464    54.7551    161.447
-39.915    84.2464    54.7551    161.447
-39.915    84.2464    54.7551    161.447
-39.915    84.2464    54.7551    161.447
-39.915    84.2464    54.7551    161.447
-39.915    84.2464    54.7551    161.447
-39.915    84.2464    54.7551    161.447
-39.915    84.2464    54.7551    161.447
-39.7772    84.0583    54.8659    161.44
-39.6413    83.8723    54.9752    161.434
-39.5071    83.6886    55.083    161.427
-39.3753    83.5077    55.1888    161.42
-39.2453    83.3292    55.2931    161.413
-39.1172    83.1528    55.3958    161.406
-38.9911    82.9789    55.4969    161.399
-38.8668    82.8074    55.5964    161.391
-38.7445    82.6384    55.6943    161.383
-38.6239    82.4714    55.7908    161.375
-38.5052    82.3068    55.8857    161.367
-38.3881    82.1443    55.9792    161.359
-38.2727    81.9839    56.0714    161.351
-38.1592    81.8258    56.162    161.342
-38.0472    81.6697    56.2514    161.334
-37.936    81.5146    56.3399    161.325
-37.8275    81.3629    56.4264    161.316
-37.7201    81.2127    56.5119    161.307
-37.6146    81.0648    56.5959    161.298
-37.5107    80.9192    56.6785    161.29
-37.3896    80.7491    56.7748    161.279
-37.2888    80.6074    56.8548    161.27
-37.1897    80.4679    56.9334    161.261
-37.0917    80.3297    57.0112    161.252
-36.9953    80.1938    57.0876    161.242
-36.9003    80.0595    57.1629    161.233
-36.8069    79.9274    57.2369    161.224
-36.7149    79.7972    57.3097    161.215
-36.624    79.6684    57.3816    161.206
-36.5345    79.5416    57.4523    161.196
-36.4465    79.4166    57.5218    161.187
-36.3598    79.2934    57.5903    161.178
-36.2744    79.1719    57.6577    161.169
-36.1902    79.052    57.7241    161.159
-36.1073    78.9339    57.7895    161.15
-36.0255    78.8172    57.8539    161.141
-35.9448    78.7019    57.9175    161.132
-35.8653    78.5884    57.98    161.122
-35.7871    78.4766    58.0415    161.113
-35.7101    78.3663    58.1021    161.104
-35.6342    78.2575    58.1617    161.095
-35.5595    78.1505    58.2204    161.086
-35.4856    78.0445    58.2784    161.077
-35.4131    77.9404    58.3352    161.068
-35.3417    77.8377    58.3912    161.059
-35.2711    77.7361    58.4466    161.05
-35.2016    77.6361    58.501    161.041
-35.1333    77.5377    58.5545    161.032
-35.0658    77.4403    58.6073    161.024
-34.9993    77.3445    58.6593    161.015
-34.9339    77.25    58.7104    161.006
-34.8694    77.1568    58.7608    160.998
-34.806    77.0651    58.8104    160.989
-34.7435    76.9747    58.8591    160.981
-34.6817    76.8853    58.9073    160.972
-34.6209    76.7972    58.9548    160.964
-34.56    76.7089    59.0023    160.955
-34.5011    76.6235    59.0481    160.947
-34.4431    76.5393    59.0933    160.939
-34.3796    76.4471    59.1427    160.93
-34.3235    76.3656    59.1864    160.922
-34.2681    76.285    59.2294    160.914
-34.2076    76.197    59.2765    160.905
-34.154    76.119    59.3181    160.897
-34.1011    76.0419    59.3592    160.889
-34.0489    75.9658    59.3997    160.882
-33.9976    75.8909    59.4395    160.874
-33.9402    75.8073    59.484    160.865
-33.8905    75.7347    59.5226    160.858
-33.8415    75.6632    59.5605    160.85
-33.7932    75.5924    59.598    160.843
-33.7456    75.523    59.6348    160.836
-33.6989    75.4546    59.6709    160.828
-33.6528    75.387    59.7066    160.821
-33.6073    75.3205    59.7418    160.814
-33.5625    75.2549    59.7764    160.807
-33.5184    75.1902    59.8105    160.8
-33.4749    75.1265    59.8441    160.793
-33.4322    75.0638    59.8771    160.786
-33.3899    75.0016    59.9097    160.779
-33.3484    74.9408    59.9417    160.773
-33.3076    74.8809    59.9732    160.766
-33.2674    74.8217    60.0042    160.76
-33.2278    74.7635    60.0348    160.753
-33.1887    74.706    60.0649    160.747
-33.1502    74.6494    60.0945    160.74
-33.1123    74.5935    60.1237    160.734
-33.075    74.5386    60.1524    160.728
-33.0382    74.4844    60.1807    160.722
-33.002    74.4311    60.2086    160.716
-32.9664    74.3786    60.236    160.71
-32.9312    74.3266    60.263    160.704
-32.8965    74.2755    60.2896    160.698
-32.8625    74.2253    60.3158    160.692
-32.8288    74.1756    60.3416    160.686
-32.7956    74.1266    60.3671    160.681
-32.7631    74.0785    60.3921    160.675
-32.731    74.0311    60.4167    160.67
-32.6994    73.9844    60.4409    160.664
-32.6684    73.9384    60.4648    160.659
-32.6377    73.893    60.4883    160.653
-32.6075    73.8485    60.5114    160.648
-32.5778    73.8045    60.5342    160.643
-32.5485    73.7611    60.5566    160.638
-32.5197    73.7184    60.5787    160.633
-32.4913    73.6763    60.6004    160.628
-32.4632    73.6347    60.6219    160.623
-32.4357    73.5939    60.643    160.618
-32.4085    73.5536    60.6638    160.613
-32.3817    73.5139    60.6843    160.608
-32.3554    73.4748    60.7044    160.604
-32.3295    73.4364    60.7242    160.599
-32.3039    73.3984    60.7437    160.594
-32.2787    73.361    60.763    160.59
-32.2539    73.3242    60.7819    160.585
-32.2295    73.2878    60.8006    160.581
-32.2054    73.2521    60.819    160.576
-32.1817    73.2169    60.837    160.572
-32.1584    73.1822    60.8549    160.568
-32.1354    73.148    60.8724    160.564
-32.1127    73.1143    60.8897    160.559
-32.0904    73.0811    60.9067    160.555
-32.0684    73.0484    60.9235    160.551
-32.0468    73.0162    60.9399    160.547
-32.0255    72.9845    60.9562    160.543
-32.0045    72.9533    60.9722    160.54
-31.9838    72.9225    60.9879    160.536
-31.9635    72.8921    61.0034    160.532
-31.9434    72.8622    61.0187    160.528
-31.9237    72.8329    61.0337    160.524
-31.9043    72.8039    61.0485    160.521
-31.8851    72.7754    61.0631    160.517
-31.8662    72.7472    61.0774    160.514
-31.8477    72.7195    61.0916    160.51
-31.8294    72.6923    61.1055    160.507
-31.8113    72.6654    61.1192    160.503
-31.7936    72.6389    61.1327    160.5
-31.7734    72.6088    61.148    160.496
-31.7558    72.5824    61.1614    160.493
-31.7388    72.5571    61.1743    160.49
-31.7222    72.5323    61.1869    160.486
-31.7058    72.5079    61.1994    160.483
-31.6897    72.4838    61.2116    160.48
-31.6738    72.46    61.2237    160.477
-31.6582    72.4367    61.2356    160.474
-31.6428    72.4136    61.2473    160.471
-31.6276    72.391    61.2588    160.468
-31.6127    72.3687    61.2701    160.465
-31.598    72.3467    61.2812    160.463
-31.5835    72.325    61.2923    160.46
-31.5692    72.3036    61.3031    160.457
-31.555    72.2825    61.3138    160.454
-31.5412    72.2618    61.3243    160.452
-31.5276    72.2414    61.3346    160.449
-31.5141    72.2213    61.3448    160.446
-31.5009    72.2015    61.3548    160.444
-31.4879    72.182    61.3647    160.441
-31.475    72.1628    61.3745    160.439
-31.4624    72.1438    61.3841    160.436
-31.4499    72.1252    61.3935    160.434
-31.4377    72.1069    61.4028    160.431
-31.4256    72.0888    61.4119    160.429
-31.4137    72.071    61.4209    160.427
-31.402    72.0534    61.4298    160.424
-31.3905    72.0362    61.4385    160.422
-31.3791    72.0191    61.4471    160.42
-31.368    72.0024    61.4556    160.418
-31.3569    71.9859    61.4639    160.415
-31.3461    71.9696    61.4721    160.413
-31.3354    71.9536    61.4802    160.411
-31.3249    71.9379    61.4881    160.409
-31.3145    71.9223    61.496    160.407
-31.3043    71.907    61.5037    160.405
-31.2943    71.892    61.5113    160.403
-31.2844    71.8771    61.5188    160.401
-31.2747    71.8625    61.5262    160.399
-31.2651    71.8481    61.5334    160.397
-31.2556    71.834    61.5405    160.395
-31.2463    71.82    61.5476    160.394
-31.2372    71.8063    61.5545    160.392
-31.2281    71.7927    61.5613    160.39
-31.2192    71.7794    61.5681    160.388
-31.2105    71.7662    61.5747    160.386
-31.2019    71.7533    61.5812    160.385
-31.1934    71.7406    61.5876    160.383
-31.185    71.728    61.5939    160.381
-31.1768    71.7156    61.6001    160.38
-31.1687    71.7035    61.6063    160.378
-31.1607    71.6915    61.6123    160.376
-31.1528    71.6797    61.6182    160.375
-31.1451    71.6681    61.6241    160.373
-31.1375    71.6566    61.6298    160.372
-31.13    71.6454    61.6355    160.37
-31.1226    71.6343    61.6411    160.369
-31.1153    71.6233    61.6465    160.367
-31.1082    71.6126    61.652    160.366
-31.1011    71.602    61.6573    160.364
-31.0942    71.5915    61.6625    160.363
-31.0873    71.5812    61.6677    160.362
-31.0806    71.5711    61.6728    160.36
-31.0739    71.5611    61.6778    160.359
-31.0674    71.5513    61.6827    160.358
-31.0609    71.5416    61.6876    160.356
-31.0546    71.5321    61.6924    160.355
-31.0483    71.5227    61.6971    160.354
-31.0422    71.5134    61.7017    160.352
-31.0361    71.5043    61.7063    160.351
-31.0302    71.4954    61.7108    160.35
-31.0243    71.4866    61.7152    160.349
-31.0185    71.4779    61.7196    160.348
-31.0128    71.4693    61.7239    160.347
-31.0072    71.4609    61.7281    160.345
-31.0017    71.4526    61.7323    160.344
-30.9963    71.4444    61.7364    160.343
-30.9909    71.4363    61.7404    160.342
-30.9857    71.4284    61.7444    160.341
-30.9805    71.4206    61.7483    160.34
-30.9754    71.4129    61.7521    160.339
-30.9703    71.4053    61.7559    160.338
-30.9653    71.3979    61.7597    160.337
-30.9605    71.3905    61.7634    160.336
-30.9557    71.3833    61.767    160.335
-30.9509    71.3761    61.7706    160.334
-30.9463    71.3691    61.7741    160.333
-30.9417    71.3622    61.7775    160.332
-30.9371    71.3554    61.7809    160.331
-30.9327    71.3487    61.7843    160.33
-30.9283    71.3421    61.7876    160.329
-30.924    71.3356    61.7909    160.328
-30.9197    71.3292    61.7941    160.327
-30.9155    71.3229    61.7972    160.327
-30.9114    71.3167    61.8003    160.326
-30.9074    71.3106    61.8034    160.325
-30.9034    71.3046    61.8064    160.324
-30.8994    71.2986    61.8093    160.323
-30.8956    71.2928    61.8123    160.323
-30.8917    71.2871    61.8151    160.322
-30.888    71.2814    61.818    160.321
-30.8843    71.2758    61.8208    160.32
-30.8806    71.2704    61.8235    160.319
-30.8771    71.2649    61.8262    160.319
-30.8735    71.2596    61.8289    160.318
-30.8694    71.2534    61.832    160.317
-30.866    71.2482    61.8346    160.316
-30.8626    71.2432    61.8371    160.316
-30.8593    71.2382    61.8396    160.315
-30.856    71.2333    61.842    160.314
-30.8528    71.2284    61.8445    160.314
-30.8496    71.2237    61.8468    160.313
-30.8465    71.219    61.8492    160.312
-30.8435    71.2143    61.8515    160.312
-30.8404    71.2098    61.8538    160.311
-30.8375    71.2053    61.856    160.311
-30.8345    71.2009    61.8582    160.31
-30.8316    71.1966    61.8604    160.309
-30.8288    71.1923    61.8625    160.309
-30.826    71.1881    61.8646    160.308
-30.8233    71.1839    61.8667    160.308
-30.8205    71.1798    61.8687    160.307
-30.8179    71.1758    61.8708    160.306
-30.8152    71.1719    61.8727    160.306
-30.8127    71.168    61.8747    160.305
-30.8101    71.1641    61.8766    160.305
-30.8076    71.1603    61.8785    160.304
-30.8051    71.1566    61.8803    160.304
-30.8027    71.1529    61.8822    160.303
-30.8003    71.1493    61.884    160.303
-30.7979    71.1458    61.8858    160.302
-30.7956    71.1423    61.8875    160.302
-30.7933    71.1388    61.8892    160.301
-30.7911    71.1354    61.8909    160.301
-30.7888    71.132    61.8926    160.3
-30.7866    71.1288    61.8942    160.3
-30.7845    71.1255    61.8959    160.3
-30.7824    71.1223    61.8975    160.299
-30.7803    71.1192    61.899    160.299
-30.7782    71.1161    61.9006    160.298
-30.7762    71.113    61.9021    160.298
-30.7742    71.11    61.9036    160.297
-30.7723    71.1071    61.9051    160.297
-30.7703    71.1042    61.9065    160.297
-30.7684    71.1013    61.908    160.296
-30.7666    71.0985    61.9094    160.296
-30.7647    71.0957    61.9107    160.295
-30.7629    71.093    61.9121    160.295
-30.7611    71.0903    61.9135    160.295
-30.7593    71.0876    61.9148    160.294
-30.7576    71.085    61.9161    160.294
-30.7559    71.0824    61.9174    160.294
-30.7542    71.0799    61.9186    160.293
-30.7526    71.0774    61.9199    160.293
-30.7509    71.0749    61.9211    160.293
-30.7493    71.0725    61.9223    160.292
-30.7477    71.0701    61.9235    160.292
-30.7462    71.0677    61.9247    160.292
-30.7446    71.0654    61.9258    160.291
-30.7431    71.0632    61.927    160.291
-30.7416    71.0609    61.9281    160.291
-30.7402    71.0587    61.9292    160.29
-30.7387    71.0565    61.9303    160.29
-30.7373    71.0544    61.9313    160.29
-30.7359    71.0523    61.9324    160.289
-30.7345    71.0502    61.9334    160.289
-30.7332    71.0482    61.9345    160.289
-30.7319    71.0462    61.9355    160.289
-30.7305    71.0442    61.9364    160.288
-30.7292    71.0422    61.9374    160.288
-30.728    71.0403    61.9384    160.288
-30.7267    71.0384    61.9393    160.288
-30.7255    71.0365    61.9402    160.287
-30.7243    71.0347    61.9412    160.287
-30.7231    71.0329    61.9421    160.287
-30.7219    71.0311    61.9429    160.287
-30.7207    71.0294    61.9438    160.286
-30.7196    71.0276    61.9447    160.286
-30.7185    71.0259    61.9455    160.286
-30.7173    71.0243    61.9464    160.286
-30.7163    71.0226    61.9472    160.285
-30.7152    71.021    61.948    160.285
-30.7141    71.0194    61.9488    160.285
-30.7131    71.0178    61.9496    160.285
-30.7121    71.0163    61.9503    160.284
-30.711    71.0148    61.9511    160.284
-30.71    71.0133    61.9519    160.284
-30.7091    71.0118    61.9526    160.284
-30.7081    71.0103    61.9533    160.284
-30.7071    71.0089    61.954    160.283
-30.7062    71.0075    61.9547    160.283
-30.7053    71.0061    61.9554    160.283
-30.7044    71.0047    61.9561    160.283
-30.7035    71.0034    61.9568    160.283
-30.7026    71.002    61.9574    160.282
-30.7017    71.0007    61.9581    160.282
-30.7009    70.9994    61.9587    160.282
-30.7    70.9982    61.9594    160.282
-30.6992    70.9969    61.96    160.282
-30.6984    70.9957    61.9606    160.282
-30.6976    70.9945    61.9612    160.281
-30.6968    70.9933    61.9618    160.281
-30.696    70.9921    61.9624    160.281
-30.6953    70.991    61.963    160.281
-30.6945    70.9898    61.9635    160.281
-30.6938    70.9887    61.9641    160.281
-30.693    70.9876    61.9646    160.28
-30.6923    70.9865    61.9652    160.28
-30.6916    70.9854    61.9657    160.28
-30.6909    70.9844    61.9662    160.28
-30.6902    70.9833    61.9668    160.28
-30.6895    70.9823    61.9673    160.28
-30.6889    70.9813    61.9678    160.28
-30.6882    70.9803    61.9683    160.279
-30.6876    70.9794    61.9687    160.279
-30.6869    70.9784    61.9692    160.279
-30.6863    70.9774    61.9697    160.279
-30.6857    70.9765    61.9702    160.279
-30.6851    70.9756    61.9706    160.279
-30.6845    70.9747    61.9711    160.279
-30.6839    70.9738    61.9715    160.279
-30.6833    70.9729    61.9719    160.278
-30.6827    70.9721    61.9724    160.278
-30.6822    70.9712    61.9728    160.278
-30.6816    70.9704    61.9732    160.278
-30.6811    70.9696    61.9736    160.278
-30.6805    70.9687    61.974    160.278
-30.68    70.9679    61.9744    160.278
-30.6795    70.9672    61.9748    160.278
-30.679    70.9664    61.9752    160.278
-30.6785    70.9656    61.9756    160.277
-30.678    70.9649    61.976    160.277
-30.6775    70.9641    61.9763    160.277
-30.677    70.9634    61.9767    160.277
-30.6765    70.9627    61.977    160.277
-30.6761    70.962    61.9774    160.277
-30.6756    70.9613    61.9777    160.277
-30.6751    70.9606    61.9781    160.277
-30.6747    70.9599    61.9784    160.277
-30.6743    70.9593    61.9788    160.277
-30.6738    70.9586    61.9791    160.276
-30.6734    70.958    61.9794    160.276
-30.673    70.9573    61.9797    160.276
-30.6726    70.9567    61.98    160.276
-30.6722    70.9561    61.9803    160.276
-30.6718    70.9555    61.9806    160.276
-30.6714    70.9549    61.9809    160.276
-30.671    70.9543    61.9812    160.276
-30.6706    70.9537    61.9815    160.276
-30.6702    70.9532    61.9818    160.276
-30.6698    70.9526    61.9821    160.276
-30.6695    70.9521    61.9823    160.276
-30.6691    70.9515    61.9826    160.275
-30.6688    70.951    61.9829    160.275
-30.6684    70.9504    61.9831    160.275
-30.6681    70.9499    61.9834    160.275
-30.6677    70.9494    61.9837    160.275
-30.6674    70.9489    61.9839    160.275
-30.6671    70.9484    61.9842    160.275
-30.6667    70.9479    61.9844    160.275
-30.6664    70.9475    61.9846    160.275
-30.6661    70.947    61.9849    160.275
-30.6658    70.9465    61.9851    160.275
-30.6654    70.946    61.9854    160.275
-30.6651    70.9455    61.9856    160.275
-30.6648    70.9451    61.9858    160.275
-30.6646    70.9446    61.986    160.275
-30.6643    70.9442    61.9863    160.274
-30.664    70.9438    61.9865    160.274
-30.6637    70.9434    61.9867    160.274
-30.6634    70.9429    61.9869    160.274
-30.6632    70.9425    61.9871    160.274
-30.6629    70.9421    61.9873    160.274
-30.6627    70.9418    61.9875    160.274
-30.6624    70.9414    61.9877    160.274
-30.6621    70.941    61.9878    160.274
-30.6619    70.9406    61.988    160.274
-30.6617    70.9402    61.9882    160.274
-30.6614    70.9399    61.9884    160.274
-30.6612    70.9395    61.9886    160.274
-30.6609    70.9392    61.9888    160.274
-30.6607    70.9388    61.9889    160.274
-30.6605    70.9385    61.9891    160.274
-30.6603    70.9382    61.9893    160.274
-30.66    70.9378    61.9894    160.274
-30.6598    70.9375    61.9896    160.274
-30.6596    70.9372    61.9897    160.273
-30.6594    70.9369    61.9899    160.273
-30.6592    70.9366    61.9901    160.273
-30.659    70.9363    61.9902    160.273
-30.6588    70.936    61.9904    160.273
-30.6586    70.9357    61.9905    160.273
-30.6584    70.9354    61.9907    160.273
-30.6582    70.9351    61.9908    160.273
-30.658    70.9348    61.9909    160.273
-30.6579    70.9345    61.9911    160.273
-30.6577    70.9342    61.9912    160.273
-30.6575    70.934    61.9913    160.273
-30.6573    70.9337    61.9915    160.273
-30.6571    70.9334    61.9916    160.273
-30.657    70.9332    61.9917    160.273
-30.6568    70.9329    61.9919    160.273
-30.6566    70.9327    61.992    160.273
-30.6565    70.9324    61.9921    160.273
-30.6563    70.9322    61.9922    160.273
-30.6562    70.9319    61.9924    160.273
-30.656    70.9317    61.9925    160.273
-30.6558    70.9315    61.9926    160.273
-30.6557    70.9313    61.9927    160.273
-30.6555    70.931    61.9928    160.273
-30.6554    70.9308    61.9929    160.273
-30.6553    70.9306    61.993    160.273
-30.6551    70.9304    61.9931    160.273
-30.655    70.9302    61.9932    160.273
-30.6548    70.93    61.9933    160.272
-30.6547    70.9298    61.9934    160.272
