-39.915    84.2464    54.7551    161.447
-39.915    84.2464    54.7551    161.447
-39.915    84.2464    54.7551    161.447
-39.915    84.2464    54.7551    161.447
-39.915    84.2464    54.7551    161.447
-39.915    84.2464    54.7551    161.447
-39.915    84.2464    54.7551    161.447
-39.915    84.2464    54.7551    161.447
-39.915    84.2464    54.7551    161.447
-39.915    84.2464    54.7551    161.447
-39.915    84.2464    54.7551    161.447
-39.915    84.2464    54.7551    161.447
-39.915    84.2464    54.7551    161.447
-39.915    84.2464    54.7551    161.447
-39.915    84.2464    54.7551    161.447
-39.915    84.2464    54.7551    161.447
-39.915    84.2464    54.7551    161.447
-39.915    84.2464    54.7551    161.447
-39.915    84.2464    54.7551    161.447
-39.915    84.2464    54.7551    161.447
-39.915    84.2464    54.7551    161.447
-39.915    84.2464    54.7551    161.447
-39.915    84.2464    54.7551    161.447
-39.915    84.2464    54.7551    161.447
-39.915    84.2464    54.7551    161.447
-39.915    84.2464    54.7551    161.447
-39.915    84.2464    54.7551    161.447
-39.915    84.2464    54.7551    161.447
-39.915    84.2464    54.7551    161.447
-39.915    84.2464    54.7551    161.447
-39.915    84.2464    54.7551    161.447
-39.915    84.2464    54.7551    161.447
-39.915    84.2464    54.7551    161.447
-39.915    84.2464    54.7551    161.447
-39.915    84.2464    54.7551    161.447
-39.915    84.2464    54.7551    161.447
-39.915    84.2464    54.7551    161.447
-39.915    84.2464    54.7551    161.447
-39.915    84.2464    54.7551    161.447
-39.915    84.2464    54.7551    161.447
-39.915    84.2464    54.7551    161.447
-39.915    84.2464    54.7551    161.447
-39.915    84.2464    54.7551    161.447
-39.915    84.2464    54.7551    161.447
-39.915    84.2464    54.7551    161.447
-39.915    84.2464    54.7551    161.447
-39.915    84.2464    54.7551    161.447
-39.915    84.2464    54.7551    161.447
-39.915    84.2464    54.7551    161.447
-39.915    84.2464    54.7551    161.447
-39.915    84.2464    54.7551    161.447
-39.915    84.2464    54.7551    161.447
-39.915    84.2464    54.7551    161.447
-39.915    84.2464    54.7551    161.447
-39.915    84.2464    54.7551    161.447
-39.915    84.2464    54.7551    161.447
-39.7979    84.0865    54.8493    161.441
-39.7193    83.9791    54.9124    161.438
-39.6476    83.8809    54.9701    161.434
-39.519    83.7047    55.0734    161.428
-39.4434    83.6011    55.1341    161.424
-39.346    83.4673    55.2123    161.419
-39.1351    83.1774    55.3815    161.407
-38.9589    82.9346    55.5227    161.397
-38.7924    82.7048    55.656    161.386
-38.6987    82.5751    55.731    161.38
-38.5743    82.4027    55.8305    161.372
-38.4705    82.2587    55.9135    161.365
-38.3238    82.055    56.0307    161.354
-38.2076    81.8934    56.1234    161.346
-38.0764    81.7107    56.228    161.336
-37.9624    81.5515    56.319    161.327
-37.9026    81.468    56.3666    161.322
-37.801    81.326    56.4475    161.314
-37.6492    81.1135    56.5684    161.302
-37.5006    80.9052    56.6865    161.289
-37.3758    80.73    56.7857    161.278
-37.2967    80.6186    56.8486    161.271
-37.1743    80.4464    56.9457    161.26
-37.0634    80.2901    57.0337    161.249
-36.9814    80.1743    57.0987    161.241
-36.8693    80.016    57.1875    161.23
-36.8065    79.9271    57.2372    161.224
-36.7199    79.8045    57.3058    161.216
-36.5953    79.628    57.4043    161.203
-36.4777    79.4611    57.4973    161.191
-36.4049    79.3578    57.5547    161.183
-36.3417    79.2679    57.6046    161.176
-36.2236    79.0998    57.6979    161.163
-36.1524    78.9984    57.754    161.155
-36.055    78.8595    57.8308    161.144
-35.9378    78.6922    57.9231    161.131
-35.8517    78.5692    57.9908    161.121
-35.7468    78.4191    58.0733    161.109
-35.6432    78.2708    58.1547    161.096
-35.5728    78.1699    58.21    161.088
-35.4681    78.0196    58.2922    161.075
-35.4028    77.9258    58.3435    161.067
-35.3094    77.7915    58.4167    161.055
-35.2267    77.6726    58.4814    161.045
-35.1302    77.5336    58.557    161.032
-35.0639    77.438    58.6089    161.024
-35.016    77.3689    58.6464    161.018
-34.9214    77.2323    58.7203    161.005
-34.8306    77.1011    58.7912    160.993
-34.7822    77.0311    58.829    160.986
-34.6967    76.9074    58.8957    160.975
-34.6273    76.8068    58.9499    160.965
-34.5715    76.7259    58.9934    160.957
-34.5054    76.6301    59.0449    160.948
-34.4598    76.5639    59.0804    160.942
-34.3863    76.4571    59.1376    160.931
-34.3406    76.3908    59.1731    160.925
-34.2877    76.3138    59.2143    160.917
-34.2475    76.2553    59.2456    160.911
-34.2098    76.2005    59.2748    160.906
-34.1679    76.1395    59.3074    160.899
-34.1119    76.0579    59.3509    160.891
-34.0639    75.9879    59.3882    160.884
-34.029    75.937    59.4152    160.879
-33.9576    75.8329    59.4706    160.868
-33.9271    75.7884    59.4942    160.864
-33.8958    75.7426    59.5186    160.859
-33.8468    75.6711    59.5565    160.851
-33.7863    75.5827    59.6033    160.842
-33.7165    75.4806    59.6574    160.831
-33.6505    75.3839    59.7085    160.821
-33.5969    75.3055    59.7499    160.813
-33.5573    75.2474    59.7806    160.806
-33.5025    75.1672    59.8228    160.798
-33.465    75.1121    59.8518    160.792
-33.4309    75.0621    59.8782    160.786
-33.3998    75.0165    59.9021    160.781
-33.3547    74.9503    59.9369    160.774
-33.324    74.9052    59.9606    160.769
-33.2973    74.8659    59.9812    160.765
-33.2481    74.7936    60.0191    160.757
-33.2231    74.7569    60.0384    160.753
-33.1729    74.683    60.0771    160.744
-33.1473    74.6453    60.0968    160.74
-33.0928    74.5651    60.1388    160.731
-33.0712    74.5333    60.1554    160.728
-33.0183    74.4554    60.1961    160.719
-32.9982    74.4257    60.2116    160.715
-32.9619    74.3721    60.2395    160.709
-32.9378    74.3366    60.258    160.705
-32.9119    74.2984    60.2779    160.701
-32.8676    74.233    60.3119    160.693
-32.8263    74.172    60.3437    160.686
-32.7882    74.1158    60.3729    160.68
-32.7409    74.0459    60.4092    160.672
-32.7048    73.9926    60.4369    160.665
-32.6657    73.9347    60.4669    160.659
-32.6473    73.9076    60.4809    160.655
-32.6279    73.8787    60.4959    160.652
-32.5972    73.8333    60.5194    160.647
-32.5798    73.8076    60.5327    160.644
-32.5629    73.7825    60.5457    160.641
-32.5422    73.7519    60.5615    160.637
-32.5145    73.7109    60.5827    160.632
-32.4773    73.6558    60.6112    160.625
-32.4475    73.6116    60.634    160.62
-32.4133    73.5609    60.6601    160.614
-32.3983    73.5386    60.6716    160.611
-32.3805    73.5123    60.6852    160.608
-32.3412    73.454    60.7153    160.601
-32.323    73.4268    60.7292    160.598
-32.2878    73.3747    60.7561    160.592
-32.272    73.3512    60.7681    160.589
-32.2353    73.2967    60.7962    160.582
-32.2217    73.2765    60.8066    160.58
-32.189    73.2279    60.8315    160.574
-32.1754    73.2077    60.8419    160.571
-32.1635    73.1899    60.851    160.569
-32.1309    73.1414    60.8759    160.563
-32.1062    73.1048    60.8947    160.558
-32.091    73.0821    60.9063    160.556
-32.0763    73.0602    60.9175    160.553
-32.0568    73.0313    60.9323    160.549
-32.0267    72.9865    60.9553    160.544
-31.9992    72.9454    60.9763    160.539
-31.9815    72.9191    60.9898    160.535
-31.9601    72.8872    61.006    160.531
-31.9385    72.8551    61.0224    160.527
-31.9198    72.8272    61.0367    160.524
-31.8969    72.793    61.0542    160.52
-31.8853    72.7758    61.063    160.517
-31.8659    72.7468    61.0777    160.514
-31.8426    72.7121    61.0955    160.509
-31.8279    72.6901    61.1066    160.507
-31.8012    72.6504    61.1269    160.502
-31.7823    72.6222    61.1413    160.498
-31.7587    72.5868    61.1593    160.493
-31.7375    72.5553    61.1753    160.489
-31.7188    72.5274    61.1895    160.486
-31.7099    72.5141    61.1963    160.484
-31.6897    72.4839    61.2117    160.48
-31.6686    72.4524    61.2276    160.476
-31.6466    72.4195    61.2444    160.472
-31.6258    72.3884    61.2602    160.468
-31.606    72.3588    61.2752    160.464
-31.5846    72.3267    61.2915    160.46
-31.5668    72.3002    61.3049    160.457
-31.5473    72.2709    61.3198    160.453
-31.527    72.2407    61.3351    160.449
-31.5114    72.2174    61.3469    160.446
-31.4983    72.1976    61.3569    160.443
-31.4896    72.1846    61.3635    160.442
-31.4725    72.1591    61.3764    160.438
-31.4551    72.1331    61.3896    160.435
-31.4462    72.1196    61.3964    160.433
-31.4322    72.0987    61.407    160.43
-31.4232    72.0852    61.4138    160.429
-31.4098    72.0652    61.4239    160.426
-31.4012    72.0523    61.4304    160.424
-31.3874    72.0316    61.4409    160.422
-31.3781    72.0177    61.4479    160.42
-31.3688    72.0038    61.4549    160.418
-31.3607    71.9916    61.4611    160.416
-31.3544    71.9821    61.4659    160.415
-31.3422    71.9638    61.4751    160.413
-31.3344    71.9522    61.481    160.411
-31.3223    71.9341    61.4901    160.409
-31.3119    71.9184    61.498    160.407
-31.2971    71.8962    61.5092    160.404
-31.2892    71.8845    61.5152    160.402
-31.279    71.8691    61.5229    160.4
-31.2673    71.8515    61.5318    160.398
-31.2614    71.8426    61.5362    160.397
-31.2523    71.829    61.5431    160.395
-31.2422    71.8138    61.5508    160.393
-31.2291    71.7942    61.5606    160.39
-31.2206    71.7815    61.567    160.388
-31.2133    71.7705    61.5726    160.387
-31.2017    71.753    61.5814    160.385
-31.1937    71.7411    61.5874    160.383
-31.1894    71.7347    61.5906    160.382
-31.1824    71.7241    61.5959    160.381
-31.1734    71.7106    61.6027    160.379
-31.1627    71.6946    61.6108    160.377
-31.1569    71.6858    61.6152    160.376
-31.1477    71.6721    61.6221    160.374
-31.1402    71.6607    61.6278    160.372
-31.1328    71.6496    61.6334    160.371
-31.1268    71.6405    61.6379    160.37
-31.1179    71.6272    61.6446    160.368
-31.1129    71.6198    61.6484    160.367
-31.1049    71.6078    61.6544    160.365
-31.1011    71.6019    61.6573    160.364
-31.0947    71.5924    61.6621    160.363
-31.0865    71.5801    61.6683    160.362
-31.0786    71.5682    61.6743    160.36
-31.0711    71.5569    61.6799    160.358
-31.0656    71.5487    61.6841    160.357
-31.0612    71.542    61.6874    160.356
-31.0541    71.5314    61.6927    160.355
-31.0471    71.5209    61.698    160.354
-31.0396    71.5096    61.7037    160.352
-31.0346    71.5021    61.7075    160.351
-31.0273    71.491    61.713    160.349
-31.0231    71.4848    61.7161    160.349
-31.015    71.4725    61.7223    160.347
-31.0083    71.4625    61.7273    160.346
-31.0019    71.4529    61.7321    160.344
-30.9978    71.4467    61.7352    160.343
-30.9923    71.4384    61.7394    160.342
-30.9891    71.4336    61.7418    160.342
-30.9851    71.4276    61.7448    160.341
-30.978    71.4169    61.7502    160.339
-30.972    71.4079    61.7547    160.338
-30.969    71.4034    61.757    160.338
-30.9659    71.3988    61.7593    160.337
-30.9617    71.3924    61.7624    160.336
-30.9565    71.3846    61.7664    160.335
-30.9513    71.3768    61.7703    160.334
-30.9459    71.3686    61.7744    160.333
-30.9423    71.3631    61.7771    160.332
-30.9365    71.3545    61.7814    160.331
-30.933    71.3492    61.7841    160.33
-30.9293    71.3437    61.7868    160.329
-30.9263    71.3392    61.7891    160.329
-30.92    71.3296    61.7939    160.328
-30.9179    71.3264    61.7955    160.327
-30.9123    71.3181    61.7996    160.326
-30.9089    71.313    61.8022    160.325
-30.9061    71.3088    61.8043    160.325
-30.9024    71.3031    61.8071    160.324
-30.8967    71.2946    61.8114    160.323
-30.8913    71.2865    61.8155    160.322
-30.8866    71.2793    61.819    160.321
-30.8822    71.2727    61.8223    160.32
-30.8799    71.2693    61.824    160.319
-30.8757    71.263    61.8272    160.318
-30.8726    71.2583    61.8296    160.318
-30.8682    71.2516    61.8329    160.317
-30.8633    71.2443    61.8365    160.316
-30.8587    71.2373    61.8401    160.315
-30.8543    71.2306    61.8434    160.314
-30.852    71.2272    61.8451    160.314
-30.8479    71.2211    61.8481    160.313
-30.8447    71.2162    61.8506    160.312
-30.8423    71.2126    61.8524    160.312
-30.838    71.2062    61.8556    160.311
-30.8339    71.2    61.8587    160.31
-30.83    71.1941    61.8616    160.309
-30.8272    71.1899    61.8637    160.308
-30.8242    71.1854    61.866    160.308
-30.8224    71.1826    61.8674    160.307
-30.8203    71.1795    61.8689    160.307
-30.8167    71.174    61.8717    160.306
-30.8141    71.1701    61.8736    160.306
-30.8116    71.1664    61.8755    160.305
-30.8082    71.1613    61.878    160.304
-30.8057    71.1575    61.8799    160.304
-30.8038    71.1546    61.8814    160.304
-30.8017    71.1514    61.8829    160.303
-30.7989    71.1472    61.8851    160.303
-30.796    71.1429    61.8872    160.302
-30.7945    71.1406    61.8883    160.302
-30.792    71.1369    61.8902    160.301
-30.7898    71.1335    61.8919    160.301
-30.7869    71.1291    61.8941    160.3
-30.7842    71.1251    61.8961    160.3
-30.7828    71.123    61.8972    160.299
-30.7813    71.1207    61.8983    160.299
-30.7792    71.1175    61.8999    160.298
-30.7779    71.1156    61.9008    160.298
-30.7766    71.1136    61.9018    160.298
-30.7749    71.111    61.9031    160.298
-30.7733    71.1086    61.9043    160.297
-30.7705    71.1044    61.9064    160.297
-30.7678    71.1004    61.9084    160.296
-30.7657    71.0972    61.91    160.296
-30.7633    71.0936    61.9118    160.295
-30.7609    71.09    61.9136    160.295
-30.7592    71.0874    61.9149    160.294
-30.7577    71.0852    61.916    160.294
-30.7562    71.0829    61.9172    160.294
-30.7543    71.0799    61.9186    160.293
-30.7524    71.0772    61.92    160.293
-30.7512    71.0753    61.9209    160.293
-30.7501    71.0737    61.9217    160.292
-30.7492    71.0723    61.9224    160.292
-30.7482    71.0708    61.9232    160.292
-30.7464    71.0681    61.9245    160.292
-30.7451    71.0661    61.9255    160.291
-30.7439    71.0643    61.9264    160.291
-30.7426    71.0624    61.9274    160.291
-30.7417    71.0611    61.928    160.291
-30.7404    71.059    61.929    160.29
-30.7383    71.0559    61.9306    160.29
-30.7368    71.0536    61.9317    160.29
-30.7357    71.052    61.9325    160.289
-30.7341    71.0496    61.9337    160.289
-30.7324    71.047    61.935    160.289
-30.7311    71.0451    61.936    160.288
-30.7303    71.0438    61.9367    160.288
-30.7285    71.0411    61.938    160.288
-30.7271    71.039    61.9391    160.288
-30.7258    71.0371    61.94    160.287
-30.7249    71.0357    61.9407    160.287
-30.7237    71.0338    61.9416    160.287
-30.7226    71.0322    61.9424    160.287
-30.721    71.0298    61.9436    160.286
-30.72    71.0283    61.9444    160.286
-30.7191    71.027    61.945    160.286
-30.7182    71.0256    61.9457    160.286
-30.7169    71.0235    61.9467    160.285
-30.7156    71.0217    61.9477    160.285
-30.714    71.0193    61.9489    160.285
-30.7132    71.018    61.9495    160.285
-30.7117    71.0158    61.9506    160.284
-30.7111    71.0148    61.9511    160.284
-30.7102    71.0135    61.9518    160.284
-30.7097    71.0127    61.9521    160.284
-30.7084    71.0108    61.9531    160.284
-30.7072    71.009    61.954    160.283
-30.7065    71.0079    61.9545    160.283
-30.7059    71.007    61.955    160.283
-30.7046    71.0051    61.9559    160.283
-30.7036    71.0035    61.9567    160.283
-30.7031    71.0027    61.9571    160.283
-30.7022    71.0015    61.9577    160.282
-30.701    70.9996    61.9587    160.282
-30.6999    70.998    61.9594    160.282
-30.6993    70.9971    61.9599    160.282
-30.6986    70.9959    61.9605    160.282
-30.6975    70.9943    61.9613    160.281
-30.697    70.9936    61.9617    160.281
-30.6965    70.9929    61.962    160.281
-30.6958    70.9918    61.9625    160.281
-30.6952    70.9909    61.963    160.281
-30.6943    70.9896    61.9637    160.281
-30.6934    70.9881    61.9644    160.281
-30.6929    70.9874    61.9647    160.28
-30.6925    70.9868    61.965    160.28
-30.6921    70.9862    61.9653    160.28
-30.6914    70.9852    61.9658    160.28
-30.6905    70.9838    61.9665    160.28
-30.6897    70.9826    61.9671    160.28
-30.6891    70.9817    61.9676    160.28
-30.6887    70.981    61.9679    160.28
-30.688    70.98    61.9684    160.279
-30.6873    70.9789    61.969    160.279
-30.6866    70.9779    61.9695    160.279
-30.686    70.9769    61.97    160.279
-30.6854    70.9761    61.9704    160.279
-30.6849    70.9754    61.9707    160.279
-30.6841    70.9741    61.9713    160.279
-30.6835    70.9733    61.9718    160.278
-30.6832    70.9727    61.9721    160.278
-30.6825    70.9717    61.9725    160.278
-30.6819    70.9709    61.973    160.278
-30.6813    70.9699    61.9734    160.278
-30.6807    70.969    61.9739    160.278
-30.6803    70.9685    61.9742    160.278
-30.6796    70.9674    61.9747    160.278
-30.6794    70.967    61.9749    160.278
-30.679    70.9665    61.9752    160.278
-30.6783    70.9654    61.9757    160.277
-30.678    70.9649    61.9759    160.277
-30.6775    70.9642    61.9763    160.277
-30.6772    70.9636    61.9766    160.277
-30.6765    70.9627    61.977    160.277
-30.6761    70.9621    61.9773    160.277
-30.6757    70.9615    61.9776    160.277
-30.6751    70.9606    61.9781    160.277
-30.6747    70.96    61.9784    160.277
-30.6742    70.9591    61.9788    160.277
-30.6737    70.9584    61.9792    160.276
-30.6734    70.958    61.9794    160.276
-30.6731    70.9576    61.9796    160.276
-30.6726    70.9568    61.98    160.276
-30.6721    70.9561    61.9803    160.276
-30.6716    70.9553    61.9807    160.276
-30.6713    70.9548    61.981    160.276
-30.671    70.9544    61.9812    160.276
-30.6707    70.9539    61.9814    160.276
-30.6703    70.9533    61.9817    160.276
-30.6701    70.953    61.9819    160.276
-30.6696    70.9523    61.9822    160.276
-30.6692    70.9516    61.9826    160.275
-30.6688    70.951    61.9829    160.275
-30.6685    70.9506    61.9831    160.275
-30.6682    70.9501    61.9833    160.275
-30.6679    70.9497    61.9835    160.275
-30.6676    70.9492    61.9838    160.275
-30.6674    70.9489    61.9839    160.275
-30.6671    70.9484    61.9842    160.275
-30.6667    70.9479    61.9844    160.275
-30.6665    70.9476    61.9846    160.275
-30.6662    70.9471    61.9848    160.275
-30.666    70.9468    61.9849    160.275
-30.6658    70.9464    61.9851    160.275
-30.6655    70.946    61.9853    160.275
-30.6652    70.9457    61.9855    160.275
-30.6649    70.9451    61.9858    160.275
-30.6647    70.9448    61.986    160.275
-30.6643    70.9443    61.9862    160.274
-30.664    70.9438    61.9864    160.274
-30.6636    70.9433    61.9867    160.274
-30.6636    70.9433    61.9867    160.274
-30.6636    70.9433    61.9867    160.274
-30.6636    70.9433    61.9867    160.274
-30.6636    70.9433    61.9867    160.274
-30.6636    70.9433    61.9867    160.274
-30.6636    70.9433    61.9867    160.274
-30.6636    70.9433    61.9867    160.274
-30.6636    70.9433    61.9867    160.274
-30.6636    70.9433    61.9867    160.274
-30.6636    70.9433    61.9867    160.274
-30.6636    70.9433    61.9867    160.274
-30.6636    70.9433    61.9867    160.274
-30.6636    70.9433    61.9867    160.274
-30.6636    70.9433    61.9867    160.274
-30.6636    70.9433    61.9867    160.274
-30.6636    70.9433    61.9867    160.274
-30.6636    70.9433    61.9867    160.274
-30.6636    70.9433    61.9867    160.274
-30.6636    70.9433    61.9867    160.274
-30.6636    70.9433    61.9867    160.274
-30.6636    70.9433    61.9867    160.274
-30.6636    70.9433    61.9867    160.274
-30.6636    70.9433    61.9867    160.274
-30.6636    70.9433    61.9867    160.274
-30.6636    70.9433    61.9867    160.274
-30.6636    70.9433    61.9867    160.274
-30.6636    70.9433    61.9867    160.274
-30.6636    70.9433    61.9867    160.274
-30.6636    70.9433    61.9867    160.274
-30.6636    70.9433    61.9867    160.274
-30.6636    70.9433    61.9867    160.274
-30.6636    70.9433    61.9867    160.274
-30.6636    70.9433    61.9867    160.274
-30.6636    70.9433    61.9867    160.274
-30.6636    70.9433    61.9867    160.274
-30.6636    70.9433    61.9867    160.274
-30.6636    70.9433    61.9867    160.274
-30.6636    70.9433    61.9867    160.274
-30.6636    70.9433    61.9867    160.274
-30.6636    70.9433    61.9867    160.274
-30.6636    70.9433    61.9867    160.274
-30.6636    70.9433    61.9867    160.274
-30.6636    70.9433    61.9867    160.274
-30.6636    70.9433    61.9867    160.274
-30.6636    70.9433    61.9867    160.274
-30.6636    70.9433    61.9867    160.274
-30.6636    70.9433    61.9867    160.274
-30.6636    70.9433    61.9867    160.274
-30.6636    70.9433    61.9867    160.274
-30.6636    70.9433    61.9867    160.274
-30.6636    70.9433    61.9867    160.274
-30.6636    70.9433    61.9867    160.274
-30.6636    70.9433    61.9867    160.274
-30.6636    70.9433    61.9867    160.274
-30.6636    70.9433    61.9867    160.274
-30.6636    70.9433    61.9867    160.274
-30.6636    70.9433    61.9867    160.274
-30.6636    70.9433    61.9867    160.274
-30.6636    70.9433    61.9867    160.274
-30.6636    70.9433    61.9867    160.274
-30.6636    70.9433    61.9867    160.274
-30.6636    70.9433    61.9867    160.274
-30.6636    70.9433    61.9867    160.274
-30.6636    70.9433    61.9867    160.274
-30.6636    70.9433    61.9867    160.274
-30.6636    70.9433    61.9867    160.274
-30.6636    70.9433    61.9867    160.274
-30.6636    70.9433    61.9867    160.274
-30.6636    70.9433    61.9867    160.274
-30.6636    70.9433    61.9867    160.274
-30.6636    70.9433    61.9867    160.274
-30.6636    70.9433    61.9867    160.274
-30.6636    70.9433    61.9867    160.274
-30.6636    70.9433    61.9867    160.274
-30.6636    70.9433    61.9867    160.274
-30.6636    70.9433    61.9867    160.274
-30.6636    70.9433    61.9867    160.274
-30.6636    70.9433    61.9867    160.274
-30.6636    70.9433    61.9867    160.274
-30.6636    70.9433    61.9867    160.274
-30.6636    70.9433    61.9867    160.274
-30.6636    70.9433    61.9867    160.274
-30.6636    70.9433    61.9867    160.274
-30.6636    70.9433    61.9867    160.274
