-39.915    84.2464    54.7551    161.447
-39.915    84.2464    54.7551    161.447
-39.915    84.2464    54.7551    161.447
-39.915    84.2464    54.7551    161.447
-39.915    84.2464    54.7551    161.447
-39.915    84.2464    54.7551    161.447
-39.915    84.2464    54.7551    161.447
-39.915    84.2464    54.7551    161.447
-39.915    84.2464    54.7551    161.447
-39.915    84.2464    54.7551    161.447
-39.915    84.2464    54.7551    161.447
-39.915    84.2464    54.7551    161.447
-39.915    84.2464    54.7551    161.447
-39.915    84.2464    54.7551    161.447
-39.915    84.2464    54.7551    161.447
-39.915    84.2464    54.7551    161.447
-39.915    84.2464    54.7551    161.447
-39.915    84.2464    54.7551    161.447
-39.915    84.2464    54.7551    161.447
-39.915    84.2464    54.7551    161.447
-39.915    84.2464    54.7551    161.447
-39.915    84.2464    54.7551    161.447
-39.915    84.2464    54.7551    161.447
-39.915    84.2464    54.7551    161.447
-39.915    84.2464    54.7551    161.447
-39.915    84.2464    54.7551    161.447
-39.915    84.2464    54.7551    161.447
-39.915    84.2464    54.7551    161.447
-39.915    84.2464    54.7551    161.447
-39.915    84.2464    54.7551    161.447
-39.915    84.2464    54.7551    161.447
-39.915    84.2464    54.7551    161.447
-39.915    84.2464    54.7551    161.447
-39.915    84.2464    54.7551    161.447
-39.915    84.2464    54.7551    161.447
-39.915    84.2464    54.7551    161.447
-39.915    84.2464    54.7551    161.447
-39.915    84.2464    54.7551    161.447
-39.915    84.2464    54.7551    161.447
-39.915    84.2464    54.7551    161.447
-39.915    84.2464    54.7551    161.447
-39.915    84.2464    54.7551    161.447
-39.915    84.2464    54.7551    161.447
-39.915    84.2464    54.7551    161.447
-39.915    84.2464    54.7551    161.447
-39.915    84.2464    54.7551    161.447
-39.915    84.2464    54.7551    161.447
-39.915    84.2464    54.7551    161.447
-39.915    84.2464    54.7551    161.447
-39.915    84.2464    54.7551    161.447
-39.915    84.2464    54.7551    161.447
-39.915    84.2464    54.7551    161.447
-39.8516    84.1598    54.8061    161.444
-39.769    84.047    54.8725    161.44
-39.6041    83.8215    55.005    161.432
-39.4024    83.5451    55.167    161.422
-39.2979    83.4014    55.2509    161.416
-39.2426    83.3254    55.2953    161.413
-39.1947    83.2596    55.3336    161.41
-39.0744    83.0938    55.4301    161.403
-39.0201    83.019    55.4736    161.4
-38.938    82.9057    55.5394    161.395
-38.7138    82.596    55.7189    161.381
-38.5304    82.342    55.8656    161.369
-38.3592    82.1044    56.0024    161.357
-38.279    81.9929    56.0664    161.351
-38.159    81.8258    56.1622    161.342
-38.0654    81.6953    56.2369    161.335
-37.9167    81.4879    56.3554    161.324
-37.8063    81.3336    56.4433    161.315
-37.676    81.1513    56.547    161.304
-37.5666    80.9979    56.6341    161.295
-37.5255    80.9402    56.6668    161.291
-37.4311    80.8076    56.7419    161.283
-37.2725    80.5848    56.8678    161.269
-37.1179    80.367    56.9905    161.254
-36.9932    80.1912    57.0894    161.243
-36.9251    80.095    57.1433    161.236
-36.802    79.9209    57.2408    161.224
-36.6932    79.7669    57.327    161.213
-36.6199    79.6631    57.3849    161.206
-36.5084    79.5048    57.4731    161.194
-36.4589    79.4345    57.5122    161.189
-36.3784    79.3201    57.5757    161.18
-36.25    79.1376    57.677    161.166
-36.1301    78.9668    57.7716    161.153
-36.0663    78.8758    57.8219    161.146
-36.0139    78.801    57.8632    161.14
-35.8922    78.6273    57.959    161.126
-35.829    78.5368    58.0087    161.119
-35.7321    78.3983    58.0849    161.107
-35.6099    78.2232    58.1809    161.093
-35.5269    78.1041    58.2461    161.083
-35.4233    77.9554    58.3274    161.07
-35.318    77.8041    58.4099    161.057
-35.2527    77.71    58.4612    161.048
-35.1451    77.5552    58.5454    161.035
-35.0864    77.4705    58.5913    161.027
-34.9923    77.3348    58.665    161.015
-34.9112    77.2177    58.7284    161.004
-34.8127    77.0753    58.8053    160.991
-34.7513    76.9865    58.8532    160.982
-34.7125    76.9303    58.8835    160.977
-34.6153    76.7896    58.9593    160.964
-34.5229    76.6556    59.0313    160.951
-34.4914    76.6099    59.0559    160.946
-34.4045    76.4838    59.1235    160.934
-34.3374    76.3863    59.1757    160.924
-34.2867    76.3126    59.2151    160.917
-34.2234    76.2204    59.2644    160.908
-34.1849    76.1644    59.2943    160.902
-34.1115    76.0576    59.3512    160.891
-34.0723    76.0004    59.3817    160.886
-34.0243    75.9304    59.4189    160.878
-33.9917    75.8828    59.4443    160.873
-33.9618    75.8392    59.4674    160.869
-33.9264    75.7875    59.4949    160.864
-33.8733    75.71    59.536    160.856
-33.8299    75.6466    59.5696    160.849
-33.8026    75.6066    59.5908    160.845
-33.7295    75.4998    59.6474    160.834
-33.707    75.4668    59.6648    160.83
-33.6834    75.4322    59.6831    160.826
-33.6378    75.3655    59.7184    160.819
-33.5771    75.2767    59.7652    160.81
-33.5048    75.1707    59.8211    160.798
-33.4371    75.0713    59.8734    160.788
-33.3847    74.9944    59.9139    160.779
-33.3496    74.943    59.9409    160.773
-33.2954    74.8633    59.9827    160.765
-33.2621    74.8143    60.0084    160.759
-33.2332    74.7719    60.0307    160.755
-33.2077    74.7343    60.0503    160.75
-33.1647    74.6711    60.0835    160.743
-33.1392    74.6336    60.1031    160.739
-33.1186    74.6032    60.119    160.736
-33.0698    74.5313    60.1565    160.728
-33.0511    74.5038    60.1709    160.724
-33.0007    74.4296    60.2097    160.716
-32.9808    74.4001    60.225    160.713
-32.925    74.3179    60.2678    160.703
-32.9097    74.2953    60.2796    160.701
-32.8552    74.2149    60.3215    160.691
-32.8414    74.1945    60.3321    160.689
-32.8072    74.1439    60.3584    160.683
-32.7882    74.1159    60.3729    160.68
-32.7668    74.0843    60.3894    160.676
-32.7222    74.0183    60.4236    160.668
-32.6811    73.9575    60.4551    160.661
-32.6439    73.9026    60.4836    160.655
-32.5951    73.8303    60.5211    160.646
-32.5601    73.7786    60.5478    160.64
-32.5212    73.721    60.5776    160.633
-32.5079    73.7012    60.5878    160.631
-32.4931    73.6793    60.5991    160.628
-32.4643    73.6367    60.6212    160.623
-32.452    73.6183    60.6306    160.621
-32.4399    73.6005    60.6398    160.619
-32.4232    73.5757    60.6526    160.616
-32.3976    73.5377    60.6722    160.611
-32.3599    73.4818    60.701    160.605
-32.3314    73.4394    60.7228    160.6
-32.2972    73.3888    60.7489    160.593
-32.2868    73.3733    60.7569    160.592
-32.273    73.3528    60.7674    160.589
-32.2322    73.2922    60.7986    160.582
-32.2174    73.2702    60.8099    160.579
-32.1814    73.2167    60.8373    160.572
-32.1695    73.199    60.8464    160.57
-32.1313    73.1421    60.8756    160.563
-32.1218    73.1281    60.8828    160.561
-32.0886    73.0786    60.9082    160.555
-32.0789    73.0643    60.9155    160.554
-32.0712    73.0528    60.9214    160.552
-32.0375    73.0026    60.9471    160.546
-32.0137    72.9673    60.9652    160.541
-32.0016    72.9492    60.9744    160.539
-31.9901    72.932    60.9832    160.537
-31.9725    72.9058    60.9966    160.534
-31.9414    72.8595    61.0203    160.528
-31.9135    72.8178    61.0416    160.523
-31.8977    72.7944    61.0535    160.52
-31.8774    72.7641    61.069    160.516
-31.8567    72.7332    61.0848    160.512
-31.8394    72.7074    61.0979    160.509
-31.8168    72.6737    61.1151    160.505
-31.8083    72.661    61.1215    160.503
-31.7899    72.6336    61.1355    160.499
-31.7667    72.5989    61.1532    160.495
-31.754    72.5799    61.1629    160.493
-31.7262    72.5384    61.184    160.487
-31.7081    72.5114    61.1977    160.484
-31.684    72.4754    61.216    160.479
-31.663    72.4441    61.2319    160.475
-31.645    72.4171    61.2457    160.472
-31.639    72.4082    61.2502    160.471
-31.619    72.3782    61.2654    160.467
-31.5977    72.3465    61.2815    160.463
-31.5752    72.3127    61.2986    160.458
-31.5541    72.2813    61.3146    160.454
-31.5343    72.2516    61.3296    160.45
-31.5123    72.2187    61.3463    160.446
-31.4949    72.1926    61.3595    160.443
-31.4751    72.1631    61.3745    160.439
-31.4545    72.1322    61.3901    160.435
-31.4395    72.1097    61.4015    160.432
-31.4274    72.0916    61.4106    160.43
-31.4207    72.0815    61.4157    160.428
-31.4038    72.0562    61.4285    160.425
-31.3863    72.0301    61.4417    160.421
-31.3785    72.0183    61.4476    160.42
-31.3651    71.9983    61.4577    160.417
-31.3578    71.9873    61.4633    160.416
-31.3451    71.9682    61.4729    160.413
-31.3382    71.9579    61.4781    160.412
-31.3249    71.9379    61.4882    160.409
-31.3169    71.9261    61.4942    160.408
-31.309    71.9141    61.5002    160.406
-31.3024    71.9042    61.5052    160.405
-31.298    71.8976    61.5086    160.404
-31.2863    71.88    61.5174    160.402
-31.28    71.8707    61.5221    160.4
-31.2685    71.8533    61.5309    160.398
-31.2588    71.8388    61.5382    160.396
-31.2437    71.8161    61.5496    160.393
-31.2372    71.8064    61.5545    160.392
-31.2276    71.792    61.5618    160.39
-31.2162    71.7748    61.5704    160.388
-31.2118    71.7683    61.5737    160.387
-31.2035    71.7559    61.58    160.385
-31.194    71.7416    61.5872    160.383
-31.1808    71.7217    61.5972    160.381
-31.1731    71.7102    61.6029    160.379
-31.1668    71.7007    61.6077    160.378
-31.1552    71.6834    61.6164    160.375
-31.1481    71.6727    61.6218    160.374
-31.1454    71.6687    61.6238    160.373
-31.1394    71.6595    61.6284    160.372
-31.1308    71.6467    61.6349    160.37
-31.1202    71.6307    61.6429    160.368
-31.1155    71.6237    61.6465    160.367
-31.1067    71.6104    61.6531    160.366
-31.0998    71.6001    61.6583    160.364
-31.093    71.5899    61.6634    160.363
-31.0879    71.5823    61.6672    160.362
-31.0793    71.5693    61.6738    160.36
-31.0754    71.5635    61.6767    160.359
-31.0678    71.552    61.6824    160.358
-31.0653    71.5482    61.6844    160.357
-31.0596    71.5396    61.6887    160.356
-31.0516    71.5277    61.6946    160.354
-31.044    71.5163    61.7004    160.353
-31.0369    71.5055    61.7058    160.351
-31.0321    71.4983    61.7094    160.35
-31.0286    71.4931    61.712    160.35
-31.0219    71.483    61.7171    160.348
-31.0152    71.4729    61.7221    160.347
-31.0079    71.4619    61.7276    160.346
-31.0036    71.4555    61.7309    160.345
-30.9964    71.4446    61.7363    160.343
-30.9931    71.4397    61.7388    160.343
-30.9849    71.4273    61.745    160.341
-30.9785    71.4176    61.7498    160.34
-30.9724    71.4085    61.7544    160.338
-30.9689    71.4033    61.757    160.338
-30.9638    71.3956    61.7609    160.337
-30.9615    71.3922    61.7626    160.336
-30.9582    71.3872    61.7651    160.335
-30.9511    71.3765    61.7704    160.334
-30.9453    71.3678    61.7748    160.333
-30.9432    71.3645    61.7764    160.332
-30.9409    71.3611    61.7781    160.332
-30.9372    71.3556    61.7809    160.331
-30.9323    71.3482    61.7846    160.33
-30.9274    71.3408    61.7883    160.329
-30.9222    71.3329    61.7922    160.328
-30.9191    71.3283    61.7945    160.327
-30.9134    71.3198    61.7988    160.326
-30.9105    71.3153    61.801    160.326
-30.9073    71.3106    61.8034    160.325
-30.905    71.307    61.8052    160.324
-30.8985    71.2973    61.8101    160.323
-30.8971    71.2952    61.8111    160.323
-30.8916    71.2869    61.8152    160.322
-30.8887    71.2825    61.8174    160.321
-30.8865    71.2792    61.8191    160.321
-30.8831    71.2741    61.8217    160.32
-30.8773    71.2654    61.826    160.319
-30.8719    71.2572    61.8301    160.318
-30.8672    71.2502    61.8336    160.317
-30.8629    71.2437    61.8368    160.316
-30.8613    71.2412    61.8381    160.315
-30.8572    71.2351    61.8412    160.315
-30.8544    71.2309    61.8433    160.314
-30.8501    71.2244    61.8465    160.313
-30.8452    71.217    61.8502    160.312
-30.8405    71.2099    61.8538    160.311
-30.8361    71.2033    61.8571    160.31
-30.8343    71.2006    61.8584    160.31
-30.8303    71.1946    61.8614    160.309
-30.8273    71.1901    61.8637    160.308
-30.8253    71.187    61.8652    160.308
-30.8211    71.1807    61.8684    160.307
-30.817    71.1745    61.8715    160.306
-30.8131    71.1686    61.8744    160.306
-30.8105    71.1647    61.8763    160.305
-30.8077    71.1606    61.8784    160.304
-30.8064    71.1585    61.8794    160.304
-30.8046    71.1559    61.8807    160.304
-30.8011    71.1505    61.8834    160.303
-30.7987    71.147    61.8852    160.303
-30.7965    71.1436    61.8869    160.302
-30.7931    71.1386    61.8894    160.301
-30.7909    71.1352    61.8911    160.301
-30.7893    71.1327    61.8923    160.301
-30.7875    71.1301    61.8936    160.3
-30.7848    71.126    61.8956    160.3
-30.7821    71.1219    61.8977    160.299
-30.781    71.1202    61.8985    160.299
-30.7786    71.1167    61.9003    160.298
-30.7766    71.1136    61.9018    160.298
-30.7737    71.1093    61.904    160.297
-30.7712    71.1055    61.9059    160.297
-30.7701    71.1038    61.9067    160.297
-30.7689    71.102    61.9076    160.296
-30.767    71.0992    61.909    160.296
-30.7661    71.0978    61.9097    160.296
-30.7651    71.0963    61.9105    160.296
-30.7636    71.094    61.9116    160.295
-30.7622    71.0919    61.9126    160.295
-30.7594    71.0878    61.9147    160.294
-30.7568    71.0837    61.9167    160.294
-30.7548    71.0808    61.9182    160.293
-30.7524    71.0772    61.92    160.293
-30.7501    71.0737    61.9217    160.292
-30.7485    71.0713    61.9229    160.292
-30.7473    71.0694    61.9239    160.292
-30.7459    71.0674    61.9249    160.292
-30.7441    71.0646    61.9263    160.291
-30.7424    71.062    61.9276    160.291
-30.7414    71.0605    61.9283    160.291
-30.7406    71.0593    61.9289    160.29
-30.7399    71.0583    61.9294    160.29
-30.7392    71.0573    61.9299    160.29
-30.7375    71.0547    61.9312    160.29
-30.7364    71.053    61.9321    160.29
-30.7354    71.0515    61.9328    160.289
-30.7343    71.0499    61.9336    160.289
-30.7337    71.0489    61.9341    160.289
-30.7325    71.0471    61.935    160.289
-30.7304    71.0439    61.9366    160.288
-30.729    71.0418    61.9376    160.288
-30.7281    71.0405    61.9383    160.288
-30.7266    71.0382    61.9394    160.288
-30.7249    71.0357    61.9407    160.287
-30.7237    71.0339    61.9416    160.287
-30.723    71.0329    61.9421    160.287
-30.7213    71.0302    61.9434    160.286
-30.7199    71.0282    61.9444    160.286
-30.7188    71.0264    61.9453    160.286
-30.7181    71.0254    61.9458    160.286
-30.7169    71.0236    61.9467    160.285
-30.7159    71.0221    61.9475    160.285
-30.7144    71.0198    61.9486    160.285
-30.7135    71.0184    61.9493    160.285
-30.7128    71.0174    61.9498    160.285
-30.712    71.0162    61.9504    160.284
-30.7107    71.0142    61.9514    160.284
-30.7095    71.0125    61.9523    160.284
-30.7079    71.0101    61.9535    160.284
-30.7072    71.0089    61.954    160.283
-30.7057    71.0068    61.9551    160.283
-30.7053    71.0061    61.9554    160.283
-30.7045    71.0049    61.956    160.283
-30.7042    71.0044    61.9563    160.283
-30.7029    71.0025    61.9572    160.283
-30.7017    71.0008    61.9581    160.282
-30.7011    70.9998    61.9586    160.282
-30.7007    70.9992    61.9589    160.282
-30.6995    70.9973    61.9598    160.282
-30.6984    70.9957    61.9606    160.282
-30.6981    70.9952    61.9608    160.282
-30.6973    70.9941    61.9614    160.281
-30.6961    70.9922    61.9624    160.281
-30.6951    70.9907    61.9631    160.281
-30.6946    70.99    61.9635    160.281
-30.6939    70.9889    61.964    160.281
-30.6928    70.9873    61.9648    160.28
-30.6925    70.9867    61.9651    160.28
-30.6921    70.9862    61.9653    160.28
-30.6915    70.9853    61.9658    160.28
-30.691    70.9846    61.9662    160.28
-30.6902    70.9833    61.9668    160.28
-30.6892    70.9819    61.9675    160.28
-30.6889    70.9814    61.9678    160.28
-30.6886    70.9809    61.968    160.28
-30.6883    70.9805    61.9682    160.28
-30.6877    70.9796    61.9686    160.279
-30.6869    70.9783    61.9693    160.279
-30.6861    70.9771    61.9699    160.279
-30.6855    70.9762    61.9703    160.279
-30.6852    70.9758    61.9705    160.279
-30.6845    70.9748    61.971    160.279
-30.6839    70.9738    61.9715    160.279
-30.6833    70.9729    61.972    160.278
-30.6826    70.9719    61.9725    160.278
-30.6822    70.9712    61.9728    160.278
-30.6818    70.9706    61.9731    160.278
-30.6809    70.9694    61.9737    160.278
-30.6804    70.9686    61.9741    160.278
-30.6801    70.9681    61.9743    160.278
-30.6795    70.9672    61.9748    160.278
-30.679    70.9664    61.9752    160.278
-30.6784    70.9655    61.9756    160.277
-30.6778    70.9647    61.9761    160.277
-30.6775    70.9642    61.9763    160.277
-30.6768    70.9632    61.9768    160.277
-30.6766    70.9629    61.977    160.277
-30.6764    70.9625    61.9771    160.277
-30.6757    70.9614    61.9777    160.277
-30.6754    70.961    61.9779    160.277
-30.675    70.9604    61.9782    160.277
-30.6747    70.9599    61.9784    160.277
-30.6741    70.959    61.9789    160.277
-30.6738    70.9585    61.9791    160.276
-30.6734    70.958    61.9794    160.276
-30.6728    70.9571    61.9799    160.276
-30.6725    70.9566    61.9801    160.276
-30.6719    70.9557    61.9805    160.276
-30.6714    70.955    61.9809    160.276
-30.6713    70.9547    61.981    160.276
-30.671    70.9543    61.9812    160.276
-30.6705    70.9536    61.9816    160.276
-30.67    70.9529    61.9819    160.276
-30.6695    70.9521    61.9823    160.276
-30.6692    70.9517    61.9825    160.276
-30.669    70.9514    61.9827    160.275
-30.6688    70.951    61.9829    160.275
-30.6684    70.9504    61.9832    160.275
-30.6682    70.9502    61.9833    160.275
-30.6678    70.9495    61.9836    160.275
-30.6673    70.9488    61.9839    160.275
-30.6669    70.9482    61.9843    160.275
-30.6667    70.9479    61.9844    160.275
-30.6665    70.9475    61.9846    160.275
-30.6662    70.9471    61.9848    160.275
-30.6659    70.9467    61.985    160.275
-30.6657    70.9464    61.9852    160.275
-30.6655    70.946    61.9853    160.275
-30.6652    70.9456    61.9856    160.275
-30.665    70.9453    61.9857    160.275
-30.6647    70.9448    61.9859    160.275
-30.6646    70.9447    61.986    160.275
-30.6643    70.9443    61.9862    160.274
-30.6641    70.944    61.9864    160.274
-30.6639    70.9436    61.9865    160.274
-30.6635    70.9431    61.9868    160.274
-30.6634    70.9428    61.9869    160.274
-30.663    70.9423    61.9872    160.274
-30.6628    70.9419    61.9874    160.274
-30.6624    70.9413    61.9877    160.274
-30.662    70.9408    61.9879    160.274
-30.6617    70.9403    61.9882    160.274
-30.6614    70.9399    61.9884    160.274
-30.6612    70.9396    61.9885    160.274
-30.6609    70.9392    61.9888    160.274
-30.6609    70.9391    61.9888    160.274
-30.6606    70.9387    61.989    160.274
-30.6603    70.9382    61.9892    160.274
-30.66    70.9378    61.9894    160.274
-30.6598    70.9374    61.9896    160.274
-30.6596    70.9371    61.9898    160.273
-30.6594    70.9368    61.9899    160.273
-30.6592    70.9365    61.9901    160.273
-30.6589    70.9361    61.9903    160.273
-30.6587    70.9357    61.9905    160.273
-30.6584    70.9354    61.9907    160.273
-30.6583    70.9352    61.9907    160.273
-30.6582    70.9351    61.9908    160.273
-30.6582    70.935    61.9908    160.273
-30.6579    70.9346    61.991    160.273
-30.6578    70.9345    61.9911    160.273
-30.6576    70.9341    61.9913    160.273
-30.6574    70.9338    61.9914    160.273
-30.6572    70.9335    61.9916    160.273
-30.6571    70.9334    61.9916    160.273
-30.6571    70.9333    61.9917    160.273
-30.6569    70.9331    61.9918    160.273
-30.6568    70.933    61.9918    160.273
-30.6566    70.9327    61.992    160.273
-30.6564    70.9323    61.9922    160.273
-30.6563    70.9322    61.9922    160.273
-30.6562    70.932    61.9923    160.273
-30.656    70.9317    61.9925    160.273
-30.6557    70.9313    61.9927    160.273
-30.6556    70.9311    61.9928    160.273
-30.6555    70.9309    61.9929    160.273
-30.6552    70.9306    61.993    160.273
-30.6552    70.9304    61.9931    160.273
-30.6551    70.9303    61.9932    160.273
-30.6549    70.9301    61.9933    160.272
-30.6547    70.9298    61.9934    160.272
-30.6546    70.9296    61.9935    160.272
-30.6544    70.9293    61.9937    160.272
-30.6543    70.9292    61.9937    160.272
-30.6542    70.929    61.9938    160.272
-30.654    70.9287    61.9939    160.272
-30.6538    70.9285    61.9941    160.272
-30.6537    70.9283    61.9942    160.272
-30.6536    70.928    61.9943    160.272
-30.6534    70.9278    61.9944    160.272
-30.6533    70.9277    61.9945    160.272
-30.6531    70.9274    61.9946    160.272
-30.653    70.9272    61.9947    160.272
-30.6528    70.927    61.9948    160.272
-30.6527    70.9268    61.9949    160.272
-30.6526    70.9266    61.995    160.272
-30.6525    70.9264    61.9951    160.272
-30.6523    70.9262    61.9952    160.272
-30.6522    70.926    61.9953    160.272
-30.6521    70.9258    61.9954    160.272
-30.652    70.9256    61.9955    160.272
-30.6518    70.9254    61.9956    160.272
-30.6517    70.9252    61.9957    160.272
-30.6516    70.9251    61.9958    160.272
-30.6515    70.9249    61.9959    160.272
-30.6514    70.9248    61.9959    160.272
-30.6513    70.9246    61.996    160.272
-30.6512    70.9245    61.9961    160.272
-30.6511    70.9243    61.9962    160.272
-30.651    70.9241    61.9962    160.272
-30.6509    70.924    61.9963    160.272
-30.6508    70.9239    61.9964    160.272
-30.6508    70.9238    61.9964    160.272
-30.6507    70.9237    61.9964    160.272
-30.6506    70.9236    61.9965    160.272
-30.6505    70.9234    61.9966    160.272
-30.6504    70.9233    61.9967    160.272
-30.6503    70.9232    61.9967    160.272
-30.6503    70.9231    61.9968    160.272
-30.6502    70.923    61.9968    160.271
-30.6501    70.9228    61.9969    160.271
-30.65    70.9227    61.9969    160.271
-30.65    70.9226    61.997    160.271
-30.6499    70.9226    61.997    160.271
-30.6499    70.9225    61.9971    160.271
-30.6499    70.9224    61.9971    160.271
-30.6498    70.9223    61.9971    160.271
-30.6497    70.9222    61.9972    160.271
-30.6496    70.9221    61.9972    160.271
-30.6496    70.922    61.9973    160.271
-30.6496    70.922    61.9973    160.271
-30.6495    70.9219    61.9974    160.271
-30.6494    70.9218    61.9974    160.271
-30.6494    70.9218    61.9974    160.271
-30.6493    70.9217    61.9975    160.271
-30.6493    70.9216    61.9975    160.271
-30.6492    70.9215    61.9975    160.271
-30.6492    70.9214    61.9976    160.271
-30.6492    70.9214    61.9976    160.271
-30.6491    70.9213    61.9976    160.271
-30.6491    70.9213    61.9977    160.271
-30.6491    70.9212    61.9977    160.271
-30.649    70.9212    61.9977    160.271
-30.649    70.9211    61.9977    160.271
-30.6489    70.921    61.9978    160.271
-30.6489    70.9209    61.9978    160.271
-30.6488    70.9209    61.9979    160.271
-30.6488    70.9208    61.9979    160.271
-30.6487    70.9207    61.9979    160.271
-30.6487    70.9206    61.998    160.271
-30.6486    70.9206    61.998    160.271
-30.6486    70.9206    61.998    160.271
-30.6486    70.9205    61.998    160.271
-30.6485    70.9204    61.9981    160.271
-30.6485    70.9204    61.9981    160.271
-30.6485    70.9204    61.9981    160.271
-30.6484    70.9203    61.9981    160.271
-30.6484    70.9202    61.9982    160.271
-30.6483    70.9201    61.9982    160.271
-30.6483    70.9201    61.9983    160.271
-30.6483    70.92    61.9983    160.271
-30.6482    70.92    61.9983    160.271
-30.6482    70.9199    61.9984    160.271
-30.6481    70.9198    61.9984    160.271
-30.6481    70.9197    61.9984    160.271
-30.648    70.9197    61.9985    160.271
-30.648    70.9196    61.9985    160.271
-30.648    70.9196    61.9985    160.271
-30.6479    70.9195    61.9985    160.271
-30.6479    70.9195    61.9985    160.271
-30.6479    70.9194    61.9986    160.271
-30.6478    70.9194    61.9986    160.271
-30.6478    70.9193    61.9986    160.271
-30.6477    70.9193    61.9987    160.271
-30.6477    70.9192    61.9987    160.271
-30.6477    70.9192    61.9987    160.271
-30.6477    70.9191    61.9987    160.271
-30.6476    70.9191    61.9988    160.271
-30.6476    70.919    61.9988    160.271
-30.6476    70.919    61.9988    160.271
-30.6475    70.919    61.9988    160.271
-30.6475    70.9189    61.9988    160.271
-30.6475    70.9189    61.9989    160.271
-30.6475    70.9188    61.9989    160.271
-30.6474    70.9188    61.9989    160.271
-30.6474    70.9188    61.9989    160.271
-30.6474    70.9187    61.9989    160.271
-30.6474    70.9187    61.9989    160.271
-30.6474    70.9187    61.999    160.271
-30.6473    70.9186    61.999    160.271
