-39.915    84.2464    54.7551    161.447
-39.915    84.2464    54.7551    161.447
-39.915    84.2464    54.7551    161.447
-39.915    84.2464    54.7551    161.447
-39.915    84.2464    54.7551    161.447
-39.915    84.2464    54.7551    161.447
-39.915    84.2464    54.7551    161.447
-39.915    84.2464    54.7551    161.447
-39.915    84.2464    54.7551    161.447
-39.915    84.2464    54.7551    161.447
-39.915    84.2464    54.7551    161.447
-39.915    84.2464    54.7551    161.447
-39.915    84.2464    54.7551    161.447
-39.915    84.2464    54.7551    161.447
-39.915    84.2464    54.7551    161.447
-39.915    84.2464    54.7551    161.447
-39.915    84.2464    54.7551    161.447
-39.915    84.2464    54.7551    161.447
-39.915    84.2464    54.7551    161.447
-39.915    84.2464    54.7551    161.447
-39.915    84.2464    54.7551    161.447
-39.5071    83.6895    55.0831    161.428
-39.1169    83.1541    55.3964    161.408
-38.7436    82.6395    55.6956    161.386
-38.3865    82.1451    55.9812    161.362
-38.0452    81.6703    56.2538    161.337
-37.7187    81.2146    56.5139    161.311
-37.3856    80.7478    56.7789    161.283
-37.0876    80.3285    57.0156    161.256
-36.8028    79.9264    57.2414    161.229
-36.5303    79.5404    57.457    161.201
-36.2696    79.1702    57.6628    161.174
-36.0205    78.8152    57.8593    161.146
-35.7822    78.4747    58.0469    161.118
-35.5543    78.1482    58.226    161.091
-35.3363    77.8351    58.397    161.064
-35.1279    77.5351    58.5603    161.038
-34.9287    77.2477    58.7161    161.011
-34.7382    76.9722    58.8648    160.986
-34.5561    76.7083    59.0069    160.96
-34.382    76.4556    59.1424    160.936
-34.209    76.204    59.2769    160.911
-34.0502    75.9725    59.4003    160.887
-33.8982    75.7507    59.5181    160.864
-33.753    75.5384    59.6306    160.842
-33.6143    75.3352    59.7379    160.82
-33.4814    75.1404    59.8405    160.799
-33.3547    74.9542    59.9383    160.779
-33.2335    74.776    60.0318    160.759
-33.1177    74.6055    60.121    160.74
-33.007    74.4423    60.2061    160.721
-32.9012    74.2863    60.2873    160.703
-32.8001    74.1369    60.365    160.686
-32.7036    73.9941    60.439    160.669
-32.6113    73.8575    60.5097    160.653
-32.5231    73.7268    60.5772    160.637
-32.4389    73.6019    60.6417    160.622
-32.3584    73.4824    60.7032    160.608
-32.2815    73.3681    60.7619    160.594
-32.208    73.2589    60.818    160.58
-32.1378    73.1544    60.8715    160.567
-32.0708    73.0546    60.9226    160.555
-32.0027    72.9532    60.9745    160.542
-31.9417    72.8621    61.0209    160.531
-31.8834    72.7751    61.0653    160.52
-31.8276    72.6919    61.1076    160.509
-31.7744    72.6124    61.1481    160.499
-31.7236    72.5364    61.1867    160.489
-31.675    72.4639    61.2235    160.48
-31.6287    72.3945    61.2587    160.471
-31.5844    72.3282    61.2923    160.462
-31.542    72.2648    61.3244    160.454
-31.5016    72.2043    61.355    160.446
-31.463    72.1465    61.3842    160.438
-31.4262    72.0912    61.4121    160.431
-31.391    72.0384    61.4387    160.424
-31.3574    71.988    61.4641    160.417
-31.3253    71.9398    61.4884    160.411
-31.2946    71.8937    61.5116    160.405
-31.2653    71.8497    61.5337    160.399
-31.2373    71.8077    61.5549    160.393
-31.2106    71.7676    61.575    160.388
-31.1851    71.7293    61.5943    160.383
-31.1608    71.6927    61.6126    160.378
-31.1375    71.6577    61.6302    160.373
-31.1153    71.6243    61.6469    160.368
-31.0941    71.5924    61.6629    160.364
-31.0739    71.5619    61.6782    160.36
-31.0545    71.5328    61.6928    160.356
-31.036    71.505    61.7067    160.352
-31.0184    71.4784    61.72    160.349
-31.0016    71.4531    61.7327    160.345
-30.9855    71.4288    61.7448    160.342
-30.9683    71.4029    61.7578    160.338
-30.9537    71.3809    61.7687    160.335
-30.9398    71.36    61.7792    160.332
-30.9265    71.3399    61.7892    160.33
-30.9138    71.3208    61.7988    160.327
-30.9017    71.3026    61.8079    160.324
-30.8901    71.2851    61.8166    160.322
-30.8791    71.2685    61.8249    160.32
-30.8685    71.2526    61.8328    160.317
-30.8584    71.2374    61.8404    160.315
-30.8488    71.2229    61.8476    160.313
-30.8397    71.209    61.8545    160.311
-30.8309    71.1958    61.8611    160.31
-30.8225    71.1832    61.8674    160.308
-30.8145    71.1711    61.8734    160.306
-30.8069    71.1596    61.8791    160.305
-30.7996    71.1486    61.8846    160.303
-30.7927    71.1381    61.8898    160.302
-30.786    71.1281    61.8948    160.3
-30.7797    71.1186    61.8996    160.299
-30.7736    71.1094    61.9041    160.298
-30.7679    71.1007    61.9085    160.296
-30.7623    71.0924    61.9126    160.295
-30.7571    71.0844    61.9166    160.294
-30.752    71.0768    61.9204    160.293
-30.7472    71.0696    61.924    160.292
-30.7427    71.0626    61.9274    160.291
-30.7383    71.056    61.9307    160.29
-30.7341    71.0497    61.9338    160.289
-30.7301    71.0437    61.9368    160.288
-30.7263    71.0379    61.9397    160.288
-30.7227    71.0324    61.9424    160.287
-30.7192    71.0272    61.945    160.286
-30.7159    71.0222    61.9475    160.285
-30.7127    71.0174    61.9499    160.285
-30.7097    71.0129    61.9522    160.284
-30.7068    71.0085    61.9543    160.284
-30.704    71.0043    61.9564    160.283
-30.7014    71.0004    61.9584    160.282
-30.6989    70.9966    61.9603    160.282
-30.6965    70.9929    61.9621    160.281
-30.6942    70.9895    61.9638    160.281
-30.692    70.9862    61.9654    160.28
-30.6899    70.983    61.967    160.28
-30.688    70.98    61.9685    160.28
-30.6861    70.9772    61.9699    160.279
-30.6842    70.9744    61.9713    160.279
-30.6824    70.9716    61.9727    160.278
-30.6807    70.9691    61.9739    160.278
-30.6791    70.9667    61.9751    160.278
-30.6776    70.9644    61.9762    160.277
-30.6762    70.9623    61.9773    160.277
-30.6748    70.9602    61.9783    160.277
-30.6735    70.9582    61.9793    160.276
-30.6723    70.9563    61.9803    160.276
-30.6711    70.9545    61.9812    160.276
-30.6699    70.9528    61.982    160.276
-30.6689    70.9512    61.9828    160.275
-30.6678    70.9496    61.9836    160.275
-30.6668    70.9481    61.9843    160.275
-30.6659    70.9467    61.9851    160.275
-30.665    70.9453    61.9857    160.275
-30.6641    70.944    61.9864    160.274
-30.6633    70.9428    61.987    160.274
-30.6625    70.9416    61.9876    160.274
-30.6618    70.9405    61.9881    160.274
-30.6611    70.9394    61.9887    160.274
-30.6604    70.9383    61.9892    160.274
-30.6597    70.9374    61.9897    160.274
-30.6591    70.9364    61.9902    160.273
-30.6585    70.9355    61.9906    160.273
-30.6579    70.9347    61.991    160.273
-30.6574    70.9338    61.9914    160.273
-30.6569    70.9331    61.9918    160.273
-30.6564    70.9323    61.9922    160.273
-30.6559    70.9316    61.9925    160.273
-30.6555    70.9309    61.9929    160.273
-30.655    70.9303    61.9932    160.273
-30.6546    70.9296    61.9935    160.272
-30.6542    70.9291    61.9938    160.272
-30.6538    70.9285    61.9941    160.272
-30.6535    70.928    61.9944    160.272
-30.6532    70.9274    61.9946    160.272
-30.6528    70.9269    61.9949    160.272
-30.6525    70.9265    61.9951    160.272
-30.6522    70.926    61.9953    160.272
-30.6519    70.9256    61.9955    160.272
-30.6517    70.9252    61.9957    160.272
-30.6514    70.9248    61.9959    160.272
-30.6512    70.9244    61.9961    160.272
-30.6509    70.9241    61.9963    160.272
-30.6507    70.9237    61.9964    160.272
-30.6505    70.9234    61.9966    160.272
-30.6503    70.9231    61.9968    160.272
-30.6501    70.9228    61.9969    160.271
-30.6499    70.9225    61.997    160.271
-30.6497    70.9223    61.9972    160.271
-30.6496    70.922    61.9973    160.271
-30.6494    70.9218    61.9974    160.271
-30.6492    70.9215    61.9975    160.271
-30.6491    70.9213    61.9977    160.271
-30.6489    70.9211    61.9978    160.271
-30.6488    70.9209    61.9979    160.271
-30.6487    70.9207    61.998    160.271
-30.6486    70.9205    61.9981    160.271
-30.6484    70.9203    61.9981    160.271
-30.6483    70.9201    61.9982    160.271
-30.6482    70.92    61.9983    160.271
-30.6481    70.9198    61.9984    160.271
-30.648    70.9197    61.9985    160.271
-30.6479    70.9195    61.9985    160.271
-30.6478    70.9194    61.9986    160.271
-30.6478    70.9193    61.9987    160.271
-30.6477    70.9192    61.9987    160.271
-30.6476    70.919    61.9988    160.271
-30.6475    70.9189    61.9988    160.271
-30.6475    70.9188    61.9989    160.271
-30.6474    70.9187    61.9989    160.271
-30.6473    70.9186    61.999    160.271
-30.6473    70.9185    61.999    160.271
-30.6472    70.9184    61.9991    160.271
-30.6471    70.9184    61.9991    160.271
-30.6471    70.9183    61.9992    160.271
-30.647    70.9182    61.9992    160.271
-30.647    70.9181    61.9992    160.271
-30.6469    70.9181    61.9993    160.271
-30.6469    70.918    61.9993    160.271
-30.6469    70.9179    61.9993    160.271
-30.6468    70.9179    61.9994    160.271
-30.6468    70.9178    61.9994    160.271
-30.6467    70.9177    61.9994    160.271
-30.6467    70.9177    61.9994    160.271
-30.6467    70.9176    61.9995    160.271
-30.6466    70.9176    61.9995    160.271
-30.6466    70.9176    61.9995    160.271
-30.6466    70.9175    61.9995    160.271
-30.6466    70.9175    61.9996    160.271
-30.6465    70.9174    61.9996    160.271
