-39.915    84.2464    54.7551    161.447
-39.915    84.2464    54.7551    161.447
-39.915    84.2464    54.7551    161.447
-39.915    84.2464    54.7551    161.447
-39.915    84.2464    54.7551    161.447
-39.915    84.2464    54.7551    161.447
-39.915    84.2464    54.7551    161.447
-39.915    84.2464    54.7551    161.447
-39.915    84.2464    54.7551    161.447
-39.915    84.2464    54.7551    161.447
-39.915    84.2464    54.7551    161.447
-39.915    84.2464    54.7551    161.447
-39.915    84.2464    54.7551    161.447
-39.915    84.2464    54.7551    161.447
-39.915    84.2464    54.7551    161.447
-39.915    84.2464    54.7551    161.447
-39.915    84.2464    54.7551    161.447
-39.915    84.2464    54.7551    161.447
-39.915    84.2464    54.7551    161.447
-39.915    84.2464    54.7551    161.447
-39.915    84.2464    54.7551    161.447
-39.915    84.2464    54.7551    161.447
-39.915    84.2464    54.7551    161.447
-39.915    84.2464    54.7551    161.447
-39.915    84.2464    54.7551    161.447
-39.915    84.2464    54.7551    161.447
-39.5745    83.7815    55.029    161.431
-39.226    83.3037    55.3088    161.413
-38.9102    82.869    55.562    161.395
-38.6063    82.449    55.8053    161.376
-38.3134    82.0428    56.0394    161.356
-38.0311    81.6499    56.2648    161.335
-37.7591    81.2701    56.4816    161.314
-37.497    80.903    56.6902    161.292
-37.2441    80.5477    56.8911    161.269
-37.0006    80.2047    57.0843    161.247
-36.766    79.8731    57.2702    161.224
-36.5399    79.5528    57.449    161.201
-36.322    79.2434    57.6211    161.178
-36.1122    78.9447    57.7867    161.155
-35.9098    78.6558    57.9461    161.132
-35.7016    78.358    58.1099    161.108
-35.5143    78.0895    58.257    161.085
-35.3339    77.8304    58.3985    161.062
-35.1602    77.5804    58.5346    161.04
-34.9927    77.3387    58.6657    161.018
-34.8311    77.1054    58.7919    160.997
-34.6758    76.8806    58.9131    160.976
-34.5259    76.6632    59.03    160.955
-34.3816    76.4538    59.1423    160.934
-34.2427    76.2518    59.2503    160.914
-34.1089    76.0568    59.3543    160.895
-33.9799    75.8687    59.4544    160.875
-33.8556    75.6872    59.5508    160.856
-33.736    75.5123    59.6434    160.838
-33.6208    75.3436    59.7325    160.82
-33.5097    75.1808    59.8183    160.802
-33.4028    75.0239    59.9008    160.785
-33.2999    74.8726    59.9802    160.769
-33.2008    74.7269    60.0566    160.752
-33.1053    74.5862    60.1301    160.736
-33.0135    74.4509    60.2008    160.721
-32.92    74.3131    60.2726    160.705
-32.835    74.1875    60.3379    160.691
-32.7531    74.0664    60.4007    160.677
-32.6742    73.9497    60.4612    160.663
-32.5983    73.8373    60.5194    160.649
-32.5252    73.7291    60.5753    160.637
-32.4548    73.6247    60.6292    160.624
-32.3871    73.5242    60.681    160.612
-32.3218    73.4273    60.7308    160.6
-32.259    73.3339    60.7788    160.589
-32.1985    73.244    60.825    160.578
-32.1403    73.1574    60.8694    160.567
-32.0842    73.074    60.9121    160.557
-32.0302    72.9935    60.9533    160.546
-31.9783    72.9161    60.9928    160.537
-31.9282    72.8415    61.0309    160.527
-31.8801    72.7696    61.0676    160.518
-31.8337    72.7005    61.1028    160.509
-31.7891    72.6338    61.1367    160.501
-31.7461    72.5696    61.1694    160.493
-31.7048    72.5078    61.2008    160.485
-31.665    72.4483    61.231    160.477
-31.6266    72.391    61.26    160.47
-31.5898    72.3358    61.288    160.463
-31.5543    72.2827    61.3149    160.456
-31.5201    72.2315    61.3408    160.449
-31.4872    72.1822    61.3658    160.442
-31.4555    72.1348    61.3897    160.436
-31.425    72.0891    61.4128    160.43
-31.3957    72.0451    61.435    160.424
-31.3674    72.0027    61.4564    160.419
-31.3379    71.9584    61.4787    160.413
-31.3118    71.9193    61.4984    160.408
-31.2868    71.8816    61.5174    160.403
-31.2626    71.8454    61.5356    160.398
-31.2393    71.8104    61.5532    160.393
-31.217    71.7768    61.5701    160.389
-31.1955    71.7445    61.5863    160.384
-31.1748    71.7134    61.602    160.38
-31.1548    71.6834    61.617    160.376
-31.1356    71.6546    61.6315    160.372
-31.1171    71.6268    61.6455    160.368
-31.0993    71.6    61.6589    160.365
-31.0822    71.5743    61.6718    160.361
-31.0658    71.5496    61.6842    160.358
-31.05    71.5257    61.6961    160.355
-31.0347    71.5028    61.7076    160.352
-31.0201    71.4807    61.7187    160.349
-31.0059    71.4595    61.7293    160.346
-30.9923    71.439    61.7395    160.343
-30.9793    71.4193    61.7494    160.34
-30.9667    71.4004    61.7589    160.338
-30.9546    71.3821    61.768    160.335
-30.9429    71.3646    61.7768    160.333
-30.9317    71.3477    61.7852    160.33
-30.9209    71.3314    61.7933    160.328
-30.9105    71.3158    61.8011    160.326
-30.9005    71.3007    61.8087    160.324
-30.8909    71.2862    61.8159    160.322
-30.8817    71.2723    61.8229    160.32
-30.8728    71.2589    61.8296    160.318
-30.8642    71.246    61.836    160.316
-30.856    71.2335    61.8422    160.315
-30.848    71.2215    61.8482    160.313
-30.8404    71.21    61.8539    160.311
-30.833    71.199    61.8595    160.31
-30.826    71.1883    61.8648    160.308
-30.8192    71.178    61.8699    160.307
-30.8126    71.1682    61.8748    160.306
-30.8063    71.1587    61.8795    160.304
-30.8003    71.1495    61.8841    160.303
-30.7945    71.1408    61.8885    160.302
-30.7888    71.1323    61.8927    160.301
-30.7834    71.1241    61.8968    160.3
-30.7782    71.1163    61.9007    160.298
-30.7732    71.1088    61.9044    160.297
-30.7684    71.1015    61.908    160.296
-30.7638    71.0945    61.9115    160.295
-30.759    71.0873    61.9151    160.294
-30.7548    71.0808    61.9183    160.294
-30.7506    71.0746    61.9214    160.293
-30.7467    71.0687    61.9244    160.292
-30.7429    71.0629    61.9272    160.291
-30.7392    71.0574    61.93    160.29
-30.7357    71.0521    61.9326    160.29
-30.7323    71.047    61.9352    160.289
-30.729    71.042    61.9376    160.288
-30.7259    71.0373    61.94    160.288
-30.7229    71.0327    61.9423    160.287
-30.72    71.0284    61.9444    160.286
-30.7172    71.0241    61.9465    160.286
-30.7145    71.0201    61.9486    160.285
-30.7119    71.0161    61.9505    160.285
-30.7094    71.0124    61.9524    160.284
-30.707    71.0088    61.9542    160.284
-30.7047    71.0053    61.9559    160.283
-30.7025    71.0019    61.9576    160.283
-30.7003    70.9987    61.9592    160.282
-30.6983    70.9956    61.9607    160.282
-30.6963    70.9926    61.9622    160.281
-30.6944    70.9897    61.9636    160.281
-30.6926    70.987    61.965    160.28
-30.6908    70.9843    61.9663    160.28
-30.6891    70.9818    61.9676    160.28
-30.6875    70.9793    61.9688    160.279
-30.6859    70.9769    61.97    160.279
-30.6844    70.9746    61.9711    160.279
-30.683    70.9724    61.9722    160.278
-30.6816    70.9703    61.9733    160.278
-30.6802    70.9683    61.9743    160.278
-30.6789    70.9663    61.9753    160.278
-30.6777    70.9645    61.9762    160.277
-30.6765    70.9627    61.9771    160.277
-30.6753    70.9609    61.978    160.277
-30.6742    70.9592    61.9788    160.277
-30.6731    70.9576    61.9796    160.276
-30.6721    70.9561    61.9804    160.276
-30.6711    70.9546    61.9811    160.276
-30.6702    70.9531    61.9818    160.276
-30.6693    70.9518    61.9825    160.276
-30.6684    70.9504    61.9832    160.275
-30.6675    70.9492    61.9838    160.275
-30.6667    70.9479    61.9844    160.275
-30.6659    70.9467    61.985    160.275
-30.6652    70.9456    61.9856    160.275
-30.6644    70.9445    61.9861    160.275
-30.6637    70.9434    61.9867    160.274
-30.6631    70.9424    61.9872    160.274
-30.6624    70.9414    61.9876    160.274
-30.6618    70.9405    61.9881    160.274
-30.6612    70.9396    61.9886    160.274
-30.6606    70.9387    61.989    160.274
-30.6601    70.9379    61.9894    160.274
-30.6595    70.9371    61.9898    160.273
-30.659    70.9363    61.9902    160.273
-30.6585    70.9356    61.9906    160.273
-30.6581    70.9348    61.9909    160.273
-30.6576    70.9342    61.9913    160.273
-30.6572    70.9335    61.9916    160.273
-30.6567    70.9329    61.9919    160.273
-30.6563    70.9322    61.9922    160.273
-30.6559    70.9316    61.9925    160.273
-30.6556    70.9311    61.9928    160.273
-30.6552    70.9305    61.9931    160.273
-30.6549    70.93    61.9933    160.272
-30.6545    70.9295    61.9936    160.272
-30.6542    70.929    61.9938    160.272
-30.6539    70.9285    61.9941    160.272
-30.6536    70.9281    61.9943    160.272
-30.6533    70.9276    61.9945    160.272
-30.653    70.9272    61.9947    160.272
-30.6527    70.9268    61.9949    160.272
-30.6525    70.9264    61.9951    160.272
-30.6522    70.926    61.9953    160.272
-30.652    70.9257    61.9955    160.272
-30.6518    70.9253    61.9956    160.272
-30.6515    70.925    61.9958    160.272
-30.6513    70.9247    61.996    160.272
-30.6511    70.9244    61.9961    160.272
-30.6509    70.9241    61.9963    160.272
-30.6508    70.9238    61.9964    160.272
-30.6506    70.9235    61.9965    160.272
-30.6504    70.9233    61.9967    160.272
-30.6502    70.923    61.9968    160.272
-30.6501    70.9228    61.9969    160.271
-30.6499    70.9225    61.997    160.271
-30.6498    70.9223    61.9972    160.271
-30.6496    70.9221    61.9973    160.271
-30.6495    70.9219    61.9974    160.271
-30.6493    70.9217    61.9975    160.271
-30.6492    70.9215    61.9976    160.271
-30.6491    70.9213    61.9977    160.271
-30.649    70.9211    61.9977    160.271
-30.6489    70.921    61.9978    160.271
-30.6488    70.9208    61.9979    160.271
-30.6487    70.9206    61.998    160.271
-30.6485    70.9205    61.9981    160.271
-30.6485    70.9203    61.9981    160.271
-30.6484    70.9202    61.9982    160.271
-30.6483    70.9201    61.9983    160.271
-30.6482    70.9199    61.9983    160.271
-30.6481    70.9198    61.9984    160.271
-30.648    70.9197    61.9985    160.271
-30.6479    70.9196    61.9985    160.271
-30.6479    70.9194    61.9986    160.271
-30.6478    70.9193    61.9986    160.271
-30.6477    70.9192    61.9987    160.271
-30.6477    70.9191    61.9987    160.271
-30.6476    70.919    61.9988    160.271
-30.6475    70.9189    61.9988    160.271
-30.6475    70.9189    61.9989    160.271
-30.6474    70.9188    61.9989    160.271
-30.6474    70.9187    61.999    160.271
-30.6473    70.9186    61.999    160.271
-30.6473    70.9185    61.999    160.271
-30.6472    70.9185    61.9991    160.271
-30.6472    70.9184    61.9991    160.271
-30.6471    70.9183    61.9991    160.271
-30.6471    70.9183    61.9992    160.271
-30.647    70.9182    61.9992    160.271
-30.647    70.9181    61.9992    160.271
-30.647    70.9181    61.9993    160.271
-30.6469    70.918    61.9993    160.271
-30.6469    70.918    61.9993    160.271
-30.6468    70.9179    61.9993    160.271
-30.6468    70.9179    61.9994    160.271
-30.6468    70.9178    61.9994    160.271
-30.6468    70.9178    61.9994    160.271
-30.6467    70.9177    61.9994    160.271
-30.6467    70.9177    61.9995    160.271
-30.6467    70.9176    61.9995    160.271
-30.6466    70.9176    61.9995    160.271
-30.6466    70.9176    61.9995    160.271
-30.6466    70.9175    61.9995    160.271
-30.6466    70.9175    61.9996    160.271
-30.6465    70.9174    61.9996    160.271
-30.6465    70.9174    61.9996    160.271
-30.6465    70.9174    61.9996    160.271
-30.6465    70.9174    61.9996    160.271
-30.6465    70.9173    61.9996    160.271
