-39.915    84.2464    54.7551    161.447
-39.915    84.2464    54.7551    161.447
-39.915    84.2464    54.7551    161.447
-39.915    84.2464    54.7551    161.447
-39.915    84.2464    54.7551    161.447
-39.915    84.2464    54.7551    161.447
-39.915    84.2464    54.7551    161.447
-39.915    84.2464    54.7551    161.447
-39.915    84.2464    54.7551    161.447
-39.915    84.2464    54.7551    161.447
-39.915    84.2464    54.7551    161.447
-39.915    84.2464    54.7551    161.447
-39.915    84.2464    54.7551    161.447
-39.915    84.2464    54.7551    161.447
-39.915    84.2464    54.7551    161.447
-39.915    84.2464    54.7551    161.447
-39.915    84.2464    54.7551    161.447
-39.915    84.2464    54.7551    161.447
-39.915    84.2464    54.7551    161.447
-39.915    84.2464    54.7551    161.447
-39.915    84.2464    54.7551    161.447
-39.915    84.2464    54.7551    161.447
-39.915    84.2464    54.7551    161.447
-39.915    84.2464    54.7551    161.447
-39.915    84.2464    54.7551    161.447
-39.915    84.2464    54.7551    161.447
-39.915    84.2464    54.7551    161.447
-39.915    84.2464    54.7551    161.447
-39.915    84.2464    54.7551    161.447
-39.915    84.2464    54.7551    161.447
-39.915    84.2464    54.7551    161.447
-39.915    84.2464    54.7551    161.447
-39.915    84.2464    54.7551    161.447
-39.915    84.2464    54.7551    161.447
-39.915    84.2464    54.7551    161.447
-39.915    84.2464    54.7551    161.447
-39.915    84.2464    54.7551    161.447
-39.915    84.2464    54.7551    161.447
-39.915    84.2464    54.7551    161.447
-39.915    84.2464    54.7551    161.447
-39.915    84.2464    54.7551    161.447
-39.915    84.2464    54.7551    161.447
-39.915    84.2464    54.7551    161.447
-39.915    84.2464    54.7551    161.447
-39.915    84.2464    54.7551    161.447
-39.915    84.2464    54.7551    161.447
-39.915    84.2464    54.7551    161.447
-39.915    84.2464    54.7551    161.447
-39.915    84.2464    54.7551    161.447
-39.915    84.2464    54.7551    161.447
-39.915    84.2464    54.7551    161.447
-39.915    84.2464    54.7551    161.447
-39.915    84.2464    54.7551    161.447
-39.915    84.2464    54.7551    161.447
-39.915    84.2464    54.7551    161.447
-39.915    84.2464    54.7551    161.447
-39.915    84.2464    54.7551    161.447
-39.915    84.2464    54.7551    161.447
-39.915    84.2464    54.7551    161.447
-39.915    84.2464    54.7551    161.447
-39.915    84.2464    54.7551    161.447
-39.915    84.2464    54.7551    161.447
-39.915    84.2464    54.7551    161.447
-39.915    84.2464    54.7551    161.447
-39.915    84.2464    54.7551    161.447
-39.915    84.2464    54.7551    161.447
-39.915    84.2464    54.7551    161.447
-39.915    84.2464    54.7551    161.447
-39.915    84.2464    54.7551    161.447
-39.915    84.2464    54.7551    161.447
-39.915    84.2464    54.7551    161.447
-39.915    84.2464    54.7551    161.447
-39.915    84.2464    54.7551    161.447
-39.915    84.2464    54.7551    161.447
-39.915    84.2464    54.7551    161.447
-39.915    84.2464    54.7551    161.447
-39.915    84.2464    54.7551    161.447
-39.915    84.2464    54.7551    161.447
-39.915    84.2464    54.7551    161.447
-39.915    84.2464    54.7551    161.447
-39.915    84.2464    54.7551    161.447
-39.915    84.2464    54.7551    161.447
-39.915    84.2464    54.7551    161.447
-39.915    84.2464    54.7551    161.447
-39.915    84.2464    54.7551    161.447
-39.915    84.2464    54.7551    161.447
-39.915    84.2464    54.7551    161.447
-39.915    84.2464    54.7551    161.447
-39.915    84.2464    54.7551    161.447
-39.915    84.2464    54.7551    161.447
-39.915    84.2464    54.7551    161.447
-39.915    84.2464    54.7551    161.447
-39.915    84.2464    54.7551    161.447
-39.915    84.2464    54.7551    161.447
-39.915    84.2464    54.7551    161.447
-39.915    84.2464    54.7551    161.447
-39.915    84.2464    54.7551    161.447
-39.915    84.2464    54.7551    161.447
-39.915    84.2464    54.7551    161.447
-39.915    84.2464    54.7551    161.447
-39.915    84.2464    54.7551    161.447
-39.915    84.2464    54.7551    161.447
-39.915    84.2464    54.7551    161.447
-39.915    84.2464    54.7551    161.447
-39.915    84.2464    54.7551    161.447
-39.915    84.2464    54.7551    161.447
-39.915    84.2464    54.7551    161.447
-39.915    84.2464    54.7551    161.447
-39.915    84.2464    54.7551    161.447
-39.915    84.2464    54.7551    161.447
-39.915    84.2464    54.7551    161.447
-39.915    84.2464    54.7551    161.447
-39.915    84.2464    54.7551    161.447
-39.915    84.2464    54.7551    161.447
-39.915    84.2464    54.7551    161.447
-39.915    84.2464    54.7551    161.447
-39.915    84.2464    54.7551    161.447
-39.915    84.2464    54.7551    161.447
-39.915    84.2464    54.7551    161.447
-39.915    84.2464    54.7551    161.447
-39.915    84.2464    54.7551    161.447
-39.915    84.2464    54.7551    161.447
-39.915    84.2464    54.7551    161.447
-39.7554    84.0284    54.8835    161.44
-39.5631    83.7654    55.038    161.43
-39.3456    83.4673    55.2126    161.419
-39.1397    83.1841    55.3779    161.408
-38.9698    82.9501    55.514    161.398
-38.8397    82.7704    55.6182    161.39
-38.668    82.5329    55.7557    161.379
-38.5441    82.3613    55.8547    161.37
-38.431    82.2044    55.9451    161.362
-38.3229    82.0541    56.0314    161.355
-38.1804    81.8559    56.1452    161.344
-38.0779    81.713    56.227    161.336
-37.9867    81.5858    56.2997    161.329
-37.8345    81.3732    56.4209    161.317
-37.7492    81.2539    56.4889    161.31
-37.5955    81.0386    56.6112    161.297
-37.509    80.9172    56.68    161.29
-37.3479    80.691    56.808    161.276
-37.2731    80.5858    56.8674    161.269
-37.1141    80.3619    56.9936    161.254
-37.0442    80.2632    57.049    161.248
-36.931    80.1035    57.1387    161.237
-36.8515    79.9911    57.2017    161.229
-36.7673    79.872    57.2684    161.221
-36.6341    79.6833    57.3738    161.207
-36.5095    79.5067    57.4722    161.194
-36.394    79.3427    57.5634    161.182
-36.2547    79.1445    57.6734    161.167
-36.1454    78.9888    57.7596    161.155
-36.0286    78.8222    57.8517    161.142
-35.967    78.7344    57.9002    161.135
-35.9028    78.6426    57.9507    161.128
-35.8097    78.5095    58.024    161.117
-35.7514    78.4261    58.0698    161.11
-35.6947    78.3448    58.1144    161.103
-35.6285    78.2499    58.1664    161.095
-35.5444    78.1294    58.2324    161.085
-35.436    77.9738    58.3175    161.072
-35.3473    77.8463    58.387    161.06
-35.2476    77.7029    58.4652    161.048
-35.1974    77.6306    58.5045    161.041
-35.1409    77.5492    58.5487    161.034
-35.0294    77.3884    58.636    161.02
-34.9719    77.3054    58.6809    161.012
-34.8712    77.1601    58.7596    160.999
-34.8207    77.0871    58.799    160.992
-34.7172    76.9373    58.8798    160.978
-34.6727    76.8729    58.9145    160.972
-34.5803    76.739    58.9866    160.959
-34.5363    76.6752    59.0209    160.953
-34.4966    76.6176    59.0518    160.947
-34.4052    76.4849    59.123    160.934
-34.3342    76.3817    59.1782    160.924
-34.2868    76.3128    59.2151    160.917
-34.2411    76.2463    59.2506    160.91
-34.1839    76.1631    59.295    160.902
-34.1004    76.0414    59.3599    160.89
-34.0235    75.9294    59.4196    160.878
-33.9714    75.8533    59.46    160.871
-33.9106    75.7645    59.5072    160.861
-33.8495    75.6753    59.5545    160.852
-33.7956    75.5965    59.5963    160.844
-33.7316    75.5029    59.6458    160.834
-33.6957    75.4504    59.6736    160.828
-33.6408    75.37    59.7161    160.82
-33.5768    75.2764    59.7655    160.81
-33.5338    75.2133    59.7988    160.803
-33.462    75.108    59.8542    160.792
-33.4093    75.0307    59.8949    160.783
-33.3453    74.9367    59.9443    160.773
-33.2878    74.8523    59.9886    160.764
-33.2364    74.7766    60.0283    160.755
-33.2086    74.7358    60.0497    160.751
-33.1542    74.6557    60.0916    160.742
-33.0977    74.5725    60.1351    160.732
-33.0391    74.4862    60.1802    160.723
-32.9836    74.4045    60.2229    160.713
-32.931    74.3269    60.2633    160.704
-32.8746    74.2436    60.3067    160.695
-32.8273    74.1738    60.343    160.687
-32.7758    74.0977    60.3825    160.678
-32.723    74.0197    60.4231    160.669
-32.6812    73.9579    60.4551    160.662
-32.6454    73.905    60.4825    160.655
-32.6202    73.8677    60.5018    160.651
-32.5757    73.8017    60.536    160.643
-32.5305    73.7349    60.5706    160.635
-32.5035    73.6949    60.5912    160.63
-32.4666    73.6402    60.6195    160.624
-32.4413    73.6027    60.6388    160.619
-32.4062    73.5506    60.6657    160.613
-32.3823    73.5151    60.684    160.609
-32.3464    73.4618    60.7114    160.602
-32.321    73.4242    60.7308    160.598
-32.2957    73.3866    60.7501    160.593
-32.2731    73.3531    60.7674    160.589
-32.2547    73.3257    60.7814    160.586
-32.2231    73.2788    60.8056    160.58
-32.2017    73.247    60.8219    160.576
-32.1708    73.201    60.8455    160.571
-32.1436    73.1606    60.8662    160.566
-32.1066    73.1055    60.8945    160.559
-32.0856    73.0742    60.9105    160.555
-32.0591    73.0349    60.9307    160.55
-32.0295    72.9908    60.9532    160.545
-32.013    72.9663    60.9658    160.541
-31.9894    72.9311    60.9838    160.537
-31.9638    72.893    61.0033    160.532
-31.9318    72.8453    61.0276    160.526
-31.91    72.8128    61.0442    160.522
-31.8907    72.784    61.0589    160.519
-31.8622    72.7415    61.0806    160.513
-31.8419    72.7112    61.096    160.509
-31.8296    72.6929    61.1054    160.507
-31.8114    72.6658    61.1192    160.504
-31.7891    72.6325    61.1362    160.499
-31.7632    72.5938    61.1559    160.494
-31.7478    72.5708    61.1676    160.492
-31.7254    72.5374    61.1846    160.487
-31.7066    72.5093    61.1989    160.484
-31.6881    72.4816    61.2129    160.48
-31.6727    72.4586    61.2246    160.477
-31.6512    72.4266    61.2409    160.473
-31.6382    72.4071    61.2508    160.471
-31.6188    72.3781    61.2655    160.467
-31.6083    72.3624    61.2735    160.465
-31.5926    72.3389    61.2854    160.462
-31.5732    72.3099    61.3001    160.458
-31.5545    72.2819    61.3143    160.454
-31.5366    72.2552    61.3278    160.451
-31.523    72.2348    61.3382    160.448
-31.5117    72.2179    61.3468    160.446
-31.4951    72.193    61.3594    160.443
-31.4785    72.1682    61.3719    160.44
-31.461    72.1419    61.3852    160.436
-31.4487    72.1236    61.3945    160.434
-31.4317    72.0981    61.4074    160.43
-31.4214    72.0826    61.4152    160.428
-31.4029    72.0549    61.4292    160.425
-31.3874    72.0318    61.4409    160.422
-31.3727    72.0097    61.4521    160.419
-31.3625    71.9944    61.4598    160.417
-31.3495    71.975    61.4696    160.414
-31.3415    71.9629    61.4757    160.413
-31.3317    71.9482    61.4831    160.411
-31.3158    71.9243    61.4951    160.408
-31.3021    71.9038    61.5055    160.405
-31.2945    71.8925    61.5112    160.403
-31.2869    71.881    61.517    160.402
-31.2769    71.866    61.5245    160.4
-31.265    71.8482    61.5335    160.397
-31.2533    71.8305    61.5424    160.395
-31.241    71.8122    61.5516    160.393
-31.2324    71.7993    61.5581    160.391
-31.2197    71.7802    61.5678    160.388
-31.2114    71.7677    61.574    160.387
-31.2029    71.7549    61.5805    160.385
-31.1956    71.7441    61.5859    160.384
-31.182    71.7236    61.5963    160.381
-31.1765    71.7153    61.6004    160.38
-31.1645    71.6974    61.6094    160.377
-31.1567    71.6856    61.6154    160.376
-31.1501    71.6756    61.6204    160.374
-31.1417    71.663    61.6267    160.373
-31.1295    71.6448    61.6359    160.37
-31.118    71.6274    61.6446    160.368
-31.1078    71.6121    61.6523    160.366
-31.0982    71.5978    61.6595    160.364
-31.0928    71.5896    61.6636    160.363
-31.0837    71.5759    61.6705    160.361
-31.0767    71.5654    61.6757    160.36
-31.0674    71.5514    61.6828    160.358
-31.0571    71.536    61.6905    160.356
-31.0473    71.5212    61.6979    160.354
-31.038    71.5073    61.7049    160.352
-31.0329    71.4995    61.7088    160.351
-31.0243    71.4867    61.7153    160.349
-31.0174    71.4762    61.7205    160.348
-31.0119    71.468    61.7246    160.346
-31.0033    71.455    61.7311    160.345
-30.9948    71.4422    61.7375    160.343
-30.9867    71.43    61.7437    160.341
-30.9807    71.421    61.7482    160.34
-30.9744    71.4115    61.7529    160.339
-30.9702    71.4053    61.756    160.338
-30.9656    71.3983    61.7595    160.337
-30.9582    71.3872    61.7651    160.335
-30.9527    71.379    61.7692    160.334
-30.9475    71.3711    61.7732    160.333
-30.9406    71.3607    61.7784    160.332
-30.9354    71.3529    61.7823    160.331
-30.9312    71.3466    61.7854    160.33
-30.9271    71.3404    61.7885    160.329
-30.9214    71.3318    61.7928    160.328
-30.9156    71.323    61.7972    160.327
-30.9123    71.3181    61.7997    160.326
-30.9072    71.3104    61.8035    160.325
-30.9026    71.3035    61.807    160.324
-30.8968    71.2947    61.8114    160.323
-30.8915    71.2868    61.8153    160.322
-30.8884    71.282    61.8177    160.321
-30.8851    71.2771    61.8202    160.32
-30.8809    71.2708    61.8234    160.32
-30.8781    71.2665    61.8255    160.319
-30.8752    71.2623    61.8276    160.318
-30.8717    71.2569    61.8303    160.318
-30.8683    71.2518    61.8328    160.317
-30.8629    71.2437    61.8369    160.316
-30.8577    71.2359    61.8408    160.315
-30.8536    71.2297    61.8439    160.314
-30.8489    71.2226    61.8474    160.313
-30.8444    71.2158    61.8508    160.312
-30.8409    71.2105    61.8535    160.311
-30.8379    71.206    61.8557    160.311
-30.8348    71.2014    61.858    160.31
-30.831    71.1957    61.8609    160.309
-30.8275    71.1903    61.8636    160.309
-30.8249    71.1865    61.8655    160.308
-30.8227    71.1831    61.8671    160.308
-30.8207    71.1801    61.8686    160.307
-30.8186    71.177    61.8702    160.307
-30.8152    71.1719    61.8728    160.306
-30.8126    71.1679    61.8748    160.305
-30.8102    71.1642    61.8766    160.305
-30.8077    71.1605    61.8784    160.304
-30.8058    71.1577    61.8798    160.304
-30.8032    71.1537    61.8818    160.303
-30.7994    71.148    61.8847    160.303
-30.7965    71.1436    61.8869    160.302
-30.7943    71.1404    61.8885    160.302
-30.7914    71.1359    61.8907    160.301
-30.7882    71.1312    61.8931    160.3
-30.7857    71.1274    61.8949    160.3
-30.784    71.1248    61.8963    160.299
-30.7808    71.1199    61.8987    160.299
-30.7781    71.116    61.9007    160.298
-30.7758    71.1124    61.9025    160.298
-30.774    71.1098    61.9037    160.297
-30.7717    71.1062    61.9055    160.297
-30.7696    71.1031    61.9071    160.296
-30.7668    71.0989    61.9092    160.296
-30.7648    71.0959    61.9107    160.296
-30.7632    71.0934    61.9119    160.295
-30.7614    71.0908    61.9132    160.295
-30.759    71.0871    61.9151    160.294
-30.7568    71.0837    61.9167    160.294
-30.754    71.0796    61.9188    160.293
-30.7524    71.0771    61.92    160.293
-30.7498    71.0733    61.9219    160.292
-30.7486    71.0714    61.9229    160.292
-30.7469    71.0689    61.9242    160.292
-30.7459    71.0673    61.9249    160.292
-30.7437    71.064    61.9266    160.291
-30.7415    71.0608    61.9282    160.291
-30.7402    71.0587    61.9292    160.29
-30.739    71.057    61.9301    160.29
-30.7369    71.0538    61.9317    160.29
-30.735    71.0509    61.9331    160.289
-30.734    71.0494    61.9339    160.289
-30.7325    71.0472    61.935    160.289
-30.7304    71.0439    61.9366    160.288
-30.7286    71.0413    61.9379    160.288
-30.7275    71.0396    61.9387    160.288
-30.7261    71.0375    61.9398    160.287
-30.7242    71.0347    61.9412    160.287
-30.7233    71.0333    61.9419    160.287
-30.7224    71.032    61.9425    160.287
