-39.915    84.2464    54.7551    161.447
-39.915    84.2464    54.7551    161.447
-39.915    84.2464    54.7551    161.447
-39.915    84.2464    54.7551    161.447
-39.915    84.2464    54.7551    161.447
-39.915    84.2464    54.7551    161.447
-39.915    84.2464    54.7551    161.447
-39.915    84.2464    54.7551    161.447
-39.915    84.2464    54.7551    161.447
-39.915    84.2464    54.7551    161.447
-39.915    84.2464    54.7551    161.447
-39.915    84.2464    54.7551    161.447
-39.915    84.2464    54.7551    161.447
-39.915    84.2464    54.7551    161.447
-39.915    84.2464    54.7551    161.447
-39.915    84.2464    54.7551    161.447
-39.915    84.2464    54.7551    161.447
-39.915    84.2464    54.7551    161.447
-39.915    84.2464    54.7551    161.447
-39.915    84.2464    54.7551    161.447
-39.915    84.2464    54.7551    161.447
-39.915    84.2464    54.7551    161.447
-39.915    84.2464    54.7551    161.447
-39.915    84.2464    54.7551    161.447
-39.915    84.2464    54.7551    161.447
-39.915    84.2464    54.7551    161.447
-39.915    84.2464    54.7551    161.447
-39.915    84.2464    54.7551    161.447
-39.915    84.2464    54.7551    161.447
-39.915    84.2464    54.7551    161.447
-39.915    84.2464    54.7551    161.447
-39.915    84.2464    54.7551    161.447
-39.915    84.2464    54.7551    161.447
-39.915    84.2464    54.7551    161.447
-39.915    84.2464    54.7551    161.447
-39.915    84.2464    54.7551    161.447
-39.915    84.2464    54.7551    161.447
-39.915    84.2464    54.7551    161.447
-39.915    84.2464    54.7551    161.447
-39.915    84.2464    54.7551    161.447
-39.915    84.2464    54.7551    161.447
-39.915    84.2464    54.7551    161.447
-39.915    84.2464    54.7551    161.447
-39.915    84.2464    54.7551    161.447
-39.915    84.2464    54.7551    161.447
-39.915    84.2464    54.7551    161.447
-39.915    84.2464    54.7551    161.447
-39.915    84.2464    54.7551    161.447
-39.915    84.2464    54.7551    161.447
-39.915    84.2464    54.7551    161.447
-39.915    84.2464    54.7551    161.447
-39.7749    84.0552    54.8678    161.44
-39.6756    83.9193    54.9476    161.436
-39.5679    83.7719    55.0341    161.43
-39.4211    83.5706    55.152    161.423
-39.257    83.3452    55.2837    161.414
-39.1412    83.1859    55.3766    161.407
-39.0505    83.0609    55.4492    161.402
-38.9647    82.9425    55.518    161.397
-38.8437    82.7754    55.6149    161.389
-38.7566    82.6551    55.6846    161.384
-38.6561    82.5159    55.765    161.377
-38.4643    82.2501    55.9184    161.364
-38.3171    82.0456    56.036    161.354
-38.1763    81.8497    56.1484    161.344
-38.081    81.717    56.2244    161.336
-37.9673    81.5584    56.315    161.327
-37.8669    81.418    56.3951    161.319
-37.7408    81.2417    56.4955    161.309
-37.6339    81.0921    56.5805    161.3
-37.5183    80.9299    56.6724    161.29
-37.4137    80.783    56.7556    161.281
-37.3429    80.6836    56.8118    161.275
-37.247    80.5486    56.888    161.266
-37.1207    80.3706    56.9883    161.254
-36.9967    80.1958    57.0866    161.243
-36.8878    80.042    57.1728    161.232
-36.8077    79.9287    57.2363    161.224
-36.701    79.7777    57.3207    161.214
-36.6021    79.6375    57.3989    161.203
-36.5212    79.5227    57.4629    161.195
-36.4226    79.3827    57.5408    161.185
-36.355    79.2866    57.5942    161.177
-36.2729    79.1699    57.6589    161.168
-36.1678    79.0202    57.7419    161.157
-36.0672    78.8769    57.8211    161.146
-35.995    78.7738    57.878    161.138
-35.9289    78.6793    57.93    161.13
-35.8294    78.5371    58.0084    161.118
-35.7592    78.4367    58.0635    161.11
-35.6732    78.3135    58.1312    161.1
-35.5753    78.1733    58.208    161.088
-35.4971    78.061    58.2694    161.079
-35.4023    77.925    58.3438    161.067
-35.3142    77.7983    58.4129    161.056
-35.2469    77.7014    58.4656    161.047
-35.1588    77.5745    58.5346    161.036
-35.0953    77.4831    58.5843    161.028
-35.0146    77.3666    58.6474    161.017
-34.9411    77.2605    58.7049    161.007
-34.8592    77.1423    58.7689    160.997
-34.7963    77.0513    58.818    160.988
-34.7454    76.9777    58.8577    160.981
-34.6656    76.8621    58.92    160.97
-34.5882    76.7501    58.9803    160.959
-34.5425    76.6838    59.0159    160.953
-34.4693    76.5776    59.0729    160.943
-34.4064    76.4862    59.1219    160.934
-34.3523    76.4076    59.164    160.926
-34.2922    76.3202    59.2108    160.917
-34.245    76.2516    59.2474    160.911
-34.1806    76.1578    59.2975    160.901
-34.1339    76.0899    59.3338    160.894
-34.0831    76.0159    59.3732    160.887
-34.0405    75.9538    59.4063    160.88
-33.9998    75.8943    59.4379    160.874
-33.9565    75.8312    59.4714    160.868
-33.9047    75.7556    59.5116    160.86
-33.8582    75.6876    59.5477    160.853
-33.8201    75.632    59.5771    160.847
-33.7595    75.5434    59.624    160.838
-33.7248    75.4926    59.6509    160.832
-33.6898    75.4413    59.6781    160.827
-33.6438    75.374    59.7136    160.82
-33.5909    75.2965    59.7545    160.812
-33.5323    75.2108    59.7998    160.802
-33.4763    75.1286    59.8431    160.793
-33.427    75.0563    59.8811    160.786
-33.3882    74.9994    59.9111    160.779
-33.3401    74.9286    59.9482    160.772
-33.3027    74.8738    59.977    160.766
-33.268    74.8227    60.0038    160.76
-33.2317    74.7694    60.0318    160.754
-33.1905    74.7088    60.0635    160.747
-33.1585    74.6617    60.0882    160.742
-33.1291    74.6184    60.1108    160.737
-33.0859    74.5547    60.1441    160.73
-33.0579    74.5136    60.1656    160.725
-33.0145    74.4496    60.199    160.718
-32.9865    74.4084    60.2205    160.713
-32.9386    74.3377    60.2574    160.705
-32.9135    74.3007    60.2766    160.701
-32.8691    74.2352    60.3107    160.693
-32.8453    74.2    60.329    160.689
-32.8116    74.1502    60.3549    160.684
-32.7857    74.1119    60.3748    160.679
-32.7588    74.0722    60.3955    160.675
-32.7205    74.0157    60.4248    160.668
-32.6842    73.962    60.4526    160.662
-32.6502    73.9117    60.4787    160.656
-32.6105    73.853    60.5092    160.649
-32.578    73.8049    60.534    160.643
-32.5438    73.7542    60.5603    160.637
-32.5227    73.7229    60.5764    160.633
-32.501    73.6908    60.593    160.63
-32.4724    73.6485    60.6149    160.625
-32.4524    73.6188    60.6302    160.621
-32.4326    73.5894    60.6454    160.617
-32.4107    73.557    60.6621    160.614
-32.3845    73.5181    60.6821    160.609
-32.3526    73.4708    60.7065    160.603
-32.3254    73.4304    60.7273    160.598
-32.2956    73.3862    60.7501    160.593
-32.2779    73.3599    60.7636    160.59
-32.2587    73.3314    60.7783    160.586
-32.2261    73.283    60.8031    160.58
-32.2068    73.2542    60.8179    160.577
-32.1771    73.21    60.8406    160.571
-32.1595    73.1839    60.854    160.568
-32.129    73.1386    60.8773    160.563
-32.113    73.1148    60.8895    160.56
-32.0853    73.0736    60.9106    160.555
-32.0695    73.0501    60.9226    160.552
-32.0549    73.0284    60.9337    160.549
-32.0276    72.9877    60.9546    160.544
-32.0052    72.9544    60.9716    160.54
-31.9888    72.93    60.9841    160.537
-31.9729    72.9063    60.9962    160.534
-31.9542    72.8783    61.0105    160.53
-31.9289    72.8407    61.0297    160.525
-31.9054    72.8056    61.0477    160.521
-31.8879    72.7796    61.0609    160.518
-31.8684    72.7505    61.0758    160.514
-31.8488    72.7214    61.0907    160.51
-31.8311    72.6949    61.1042    160.507
-31.8109    72.6647    61.1196    160.503
-31.7978    72.6451    61.1295    160.501
-31.7799    72.6184    61.1431    160.497
-31.7597    72.5883    61.1585    160.494
-31.7449    72.5663    61.1697    160.491
-31.7228    72.5332    61.1865    160.487
-31.7056    72.5075    61.1996    160.483
-31.6855    72.4775    61.2149    160.479
-31.6671    72.45    61.2288    160.476
-31.6502    72.4248    61.2416    160.473
-31.6396    72.4089    61.2497    160.471
-31.6219    72.3826    61.2631    160.467
-31.6038    72.3555    61.2768    160.464
-31.5852    72.3276    61.291    160.46
-31.5674    72.301    61.3045    160.457
-31.5503    72.2755    61.3174    160.453
-31.5322    72.2484    61.3311    160.45
-31.5166    72.225    61.343    160.447
-31.4998    72.1998    61.3557    160.444
-31.4827    72.1742    61.3687    160.44
-31.4685    72.153    61.3794    160.437
-31.456    72.1343    61.3889    160.435
-31.4463    72.1198    61.3962    160.433
-31.4315    72.0976    61.4075    160.43
-31.4165    72.0751    61.4189    160.427
-31.4061    72.0596    61.4267    160.425
-31.3934    72.0405    61.4363    160.423
-31.3839    72.0263    61.4435    160.421
-31.3717    72.008    61.4528    160.418
-31.3626    71.9943    61.4597    160.417
-31.3502    71.9758    61.469    160.414
-31.3408    71.9617    61.4762    160.412
-31.3313    71.9476    61.4833    160.41
-31.3227    71.9347    61.4898    160.409
-31.3153    71.9234    61.4955    160.407
-31.3042    71.9068    61.5039    160.405
-31.2959    71.8945    61.5101    160.403
-31.285    71.8781    61.5183    160.401
-31.2752    71.8634    61.5258    160.399
-31.2627    71.8445    61.5352    160.397
-31.2546    71.8324    61.5414    160.395
-31.245    71.818    61.5486    160.393
-31.2345    71.8023    61.5565    160.391
-31.2278    71.7922    61.5616    160.39
-31.2191    71.7792    61.5682    160.388
-31.2098    71.7653    61.5752    160.386
-31.1987    71.7486    61.5836    160.384
-31.1906    71.7363    61.5897    160.382
-31.1831    71.7252    61.5954    160.381
-31.1731    71.7101    61.603    160.379
-31.1653    71.6985    61.6088    160.377
-31.16    71.6904    61.6128    160.376
-31.1529    71.6798    61.6182    160.375
-31.1447    71.6675    61.6244    160.373
-31.1354    71.6535    61.6314    160.371
-31.1292    71.6442    61.6361    160.37
-31.121    71.6319    61.6423    160.368
-31.1138    71.6211    61.6477    160.367
-31.1068    71.6105    61.653    160.366
-31.1006    71.6013    61.6577    160.364
-31.0927    71.5894    61.6636    160.363
-31.0873    71.5812    61.6677    160.362
-31.08    71.5703    61.6732    160.36
-31.0754    71.5633    61.6767    160.359
-31.0692    71.554    61.6814    160.358
-31.0619    71.5431    61.6869    160.356
-31.0548    71.5324    61.6922    160.355
-31.048    71.5222    61.6974    160.354
-31.0425    71.5139    61.7015    160.353
-31.0377    71.5066    61.7052    160.352
-31.0312    71.497    61.71    160.35
-31.0249    71.4874    61.7148    160.349
-31.0182    71.4774    61.7198    160.348
-31.0132    71.4698    61.7236    160.347
-31.0067    71.46    61.7285    160.345
-31.0022    71.4534    61.7319    160.344
-30.9953    71.4429    61.7371    160.343
-30.9893    71.4339    61.7416    160.342
-30.9836    71.4253    61.746    160.341
-30.9792    71.4187    61.7492    160.34
-30.974    71.4109    61.7532    160.339
-30.9704    71.4054    61.7559    160.338
-30.9662    71.3991    61.7591    160.337
-30.9601    71.3899    61.7637    160.336
-30.9547    71.3818    61.7677    160.335
-30.9512    71.3766    61.7703    160.334
-30.9477    71.3714    61.773    160.333
-30.9435    71.365    61.7761    160.332
-30.9388    71.3579    61.7797    160.331
-30.934    71.3507    61.7833    160.33
-30.9291    71.3434    61.787    160.329
-30.9254    71.3377    61.7898    160.329
-30.9204    71.3302    61.7936    160.328
-30.9167    71.3247    61.7963    160.327
-30.9131    71.3192    61.7991    160.326
-30.9098    71.3143    61.8015    160.325
-30.9045    71.3063    61.8055    160.324
-30.9018    71.3023    61.8075    160.324
-30.8971    71.2951    61.8111    160.323
-30.8937    71.29    61.8137    160.322
-30.8907    71.2855    61.816    160.322
-30.8871    71.2801    61.8187    160.321
-30.8823    71.2729    61.8223    160.32
-30.8777    71.2659    61.8257    160.319
-30.8735    71.2596    61.8289    160.318
-30.8696    71.2537    61.8318    160.317
-30.867    71.2498    61.8338    160.317
-30.8632    71.2441    61.8366    160.316
-30.8602    71.2395    61.8389    160.315
-30.8563    71.2337    61.8418    160.314
-30.8521    71.2274    61.845    160.314
-30.8481    71.2214    61.848    160.313
-30.8443    71.2156    61.8509    160.312
-30.8419    71.212    61.8527    160.311
-30.8383    71.2066    61.8554    160.311
-30.8353    71.202    61.8577    160.31
-30.8327    71.1982    61.8596    160.31
-30.8291    71.1928    61.8623    160.309
-30.8256    71.1874    61.865    160.308
-30.8222    71.1823    61.8675    160.307
-30.8195    71.1782    61.8696    160.307
-30.8167    71.174    61.8717    160.306
-30.8147    71.171    61.8732    160.306
-30.8125    71.1677    61.8748    160.305
-30.8093    71.1629    61.8772    160.305
-30.8068    71.1591    61.8791    160.304
-30.8044    71.1555    61.8809    160.304
-30.8014    71.151    61.8831    160.303
-30.7991    71.1475    61.8849    160.303
-30.797    71.1444    61.8864    160.302
-30.7948    71.141    61.8881    160.302
-30.7922    71.1372    61.8901    160.301
-30.7897    71.1333    61.892    160.301
-30.788    71.1308    61.8932    160.3
-30.7857    71.1273    61.895    160.3
-30.7835    71.1241    61.8966    160.299
-30.781    71.1202    61.8985    160.299
-30.7786    71.1166    61.9003    160.298
-30.777    71.1142    61.9015    160.298
-30.7754    71.1117    61.9027    160.298
-30.7734    71.1088    61.9042    160.297
-30.7719    71.1065    61.9053    160.297
-30.7704    71.1043    61.9064    160.297
-30.7687    71.1017    61.9077    160.296
-30.767    71.0992    61.909    160.296
-30.7647    71.0956    61.9108    160.295
-30.7624    71.0922    61.9125    160.295
-30.7604    71.0893    61.914    160.295
-30.7583    71.086    61.9156    160.294
-30.7562    71.0829    61.9171    160.294
-30.7545    71.0804    61.9184    160.293
-30.7531    71.0781    61.9195    160.293
-30.7515    71.0758    61.9207    160.293
-30.7498    71.0731    61.922    160.292
-30.7481    71.0706    61.9233    160.292
-30.7467    71.0686    61.9243    160.292
-30.7455    71.0668    61.9252    160.291
-30.7445    71.0651    61.926    160.291
-30.7433    71.0635    61.9268    160.291
-30.7417    71.061    61.9281    160.291
-30.7404    71.059    61.9291    160.29
-30.7391    71.0571    61.93    160.29
-30.7378    71.0552    61.931    160.29
-30.7368    71.0536    61.9317    160.29
-30.7355    71.0516    61.9327    160.289
-30.7337    71.049    61.9341    160.289
-30.7323    71.0468    61.9351    160.289
-30.7312    71.0452    61.936    160.288
-30.7298    71.043    61.937    160.288
-30.7283    71.0407    61.9382    160.288
-30.727    71.0388    61.9391    160.288
-30.726    71.0374    61.9398    160.287
-30.7245    71.0351    61.941    160.287
-30.7232    71.0331    61.942    160.287
-30.722    71.0313    61.9429    160.287
-30.7211    71.0299    61.9436    160.286
-30.7199    71.0281    61.9445    160.286
-30.7188    71.0265    61.9453    160.286
-30.7174    71.0244    61.9463    160.286
-30.7164    71.0229    61.9471    160.285
-30.7155    71.0215    61.9477    160.285
-30.7146    71.0201    61.9484    160.285
-30.7134    71.0183    61.9494    160.285
-30.7122    71.0166    61.9502    160.285
-30.7109    71.0146    61.9512    160.284
-30.71    71.0132    61.9519    160.284
-30.7088    71.0114    61.9528    160.284
-30.7081    71.0103    61.9533    160.284
-30.7072    71.0089    61.954    160.283
-30.7065    71.008    61.9545    160.283
-30.7054    71.0063    61.9553    160.283
-30.7044    71.0047    61.9561    160.283
-30.7036    71.0035    61.9567    160.283
-30.7029    71.0025    61.9572    160.283
-30.7018    71.0009    61.958    160.282
-30.7009    70.9994    61.9588    160.282
-30.7003    70.9985    61.9592    160.282
-30.6995    70.9973    61.9598    160.282
-30.6984    70.9957    61.9606    160.282
-30.6975    70.9943    61.9613    160.281
-30.6968    70.9933    61.9618    160.281
-30.6961    70.9922    61.9624    160.281
-30.6951    70.9907    61.9631    160.281
-30.6946    70.9899    61.9635    160.281
-30.694    70.9891    61.9639    160.281
-30.6933    70.9881    61.9644    160.281
-30.6927    70.9871    61.9649    160.28
-30.6919    70.9859    61.9655    160.28
-30.6911    70.9846    61.9661    160.28
-30.6905    70.9838    61.9665    160.28
-30.6901    70.9831    61.9669    160.28
-30.6896    70.9824    61.9672    160.28
-30.6889    70.9814    61.9677    160.28
-30.6882    70.9802    61.9683    160.279
-30.6874    70.9792    61.9688    160.279
-30.6868    70.9782    61.9693    160.279
-30.6864    70.9775    61.9697    160.279
-30.6857    70.9765    61.9702    160.279
-30.6851    70.9756    61.9706    160.279
-30.6844    70.9746    61.9711    160.279
-30.6838    70.9737    61.9716    160.279
-30.6833    70.9729    61.972    160.278
-30.6828    70.9722    61.9723    160.278
-30.6821    70.9711    61.9729    160.278
-30.6815    70.9703    61.9733    160.278
-30.6811    70.9696    61.9736    160.278
-30.6805    70.9688    61.974    160.278
-30.68    70.9679    61.9744    160.278
-30.6794    70.9671    61.9749    160.278
-30.6789    70.9663    61.9753    160.278
-30.6785    70.9656    61.9756    160.277
-30.6779    70.9647    61.976    160.277
-30.6775    70.9642    61.9763    160.277
-30.6772    70.9637    61.9766    160.277
-30.6766    70.9627    61.977    160.277
-30.6762    70.9622    61.9773    160.277
-30.6757    70.9615    61.9776    160.277
-30.6754    70.9609    61.9779    160.277
-30.6748    70.9601    61.9783    160.277
-30.6744    70.9595    61.9786    160.277
-30.674    70.9589    61.9789    160.277
-30.6735    70.9581    61.9793    160.276
-30.6731    70.9576    61.9796    160.276
-30.6726    70.9568    61.98    160.276
-30.6722    70.9561    61.9803    160.276
-30.6719    70.9557    61.9805    160.276
-30.6716    70.9552    61.9808    160.276
-30.6711    70.9545    61.9811    160.276
-30.6707    70.9539    61.9814    160.276
-30.6702    70.9532    61.9818    160.276
-30.6699    70.9527    61.982    160.276
-30.6696    70.9522    61.9823    160.276
-30.6693    70.9518    61.9825    160.276
-30.6689    70.9512    61.9828    160.275
-30.6687    70.9508    61.983    160.275
-30.6683    70.9502    61.9832    160.275
-30.6679    70.9496    61.9836    160.275
-30.6675    70.949    61.9838    160.275
-30.6672    70.9486    61.984    160.275
-30.6669    70.9482    61.9843    160.275
-30.6666    70.9478    61.9845    160.275
-30.6663    70.9473    61.9847    160.275
-30.6661    70.9469    61.9849    160.275
-30.6658    70.9465    61.9851    160.275
-30.6655    70.946    61.9853    160.275
-30.6652    70.9457    61.9855    160.275
-30.6649    70.9452    61.9858    160.275
-30.6647    70.9449    61.9859    160.275
-30.6645    70.9445    61.9861    160.274
-30.6642    70.9441    61.9863    160.274
-30.664    70.9437    61.9865    160.274
-30.6636    70.9433    61.9867    160.274
-30.6634    70.9429    61.9869    160.274
-30.6631    70.9425    61.9871    160.274
-30.6629    70.9421    61.9873    160.274
-30.6625    70.9416    61.9876    160.274
-30.6622    70.9411    61.9878    160.274
-30.6619    70.9407    61.988    160.274
-30.6617    70.9403    61.9882    160.274
-30.6615    70.94    61.9884    160.274
-30.6612    70.9396    61.9886    160.274
-30.661    70.9393    61.9887    160.274
-30.6608    70.939    61.9889    160.274
-30.6605    70.9385    61.9891    160.274
-30.6603    70.9382    61.9892    160.274
-30.66    70.9378    61.9894    160.274
-30.6598    70.9375    61.9896    160.274
-30.6596    70.9372    61.9897    160.273
-30.6594    70.9368    61.9899    160.273
-30.6592    70.9365    61.9901    160.273
-30.6589    70.9361    61.9903    160.273
-30.6587    70.9358    61.9904    160.273
-30.6585    70.9356    61.9906    160.273
-30.6584    70.9354    61.9907    160.273
-30.6583    70.9352    61.9908    160.273
-30.6581    70.9348    61.9909    160.273
-30.6579    70.9346    61.991    160.273
-30.6577    70.9343    61.9912    160.273
-30.6575    70.934    61.9913    160.273
-30.6573    70.9337    61.9915    160.273
-30.6572    70.9336    61.9916    160.273
-30.6571    70.9334    61.9916    160.273
-30.6569    70.9332    61.9918    160.273
-30.6568    70.9329    61.9919    160.273
-30.6566    70.9327    61.992    160.273
-30.6564    70.9324    61.9921    160.273
-30.6563    70.9322    61.9922    160.273
-30.6562    70.932    61.9923    160.273
-30.656    70.9317    61.9925    160.273
-30.6558    70.9314    61.9926    160.273
-30.6556    70.9312    61.9927    160.273
-30.6555    70.931    61.9928    160.273
-30.6553    70.9307    61.993    160.273
-30.6552    70.9305    61.9931    160.273
-30.6551    70.9303    61.9931    160.273
-30.6549    70.9301    61.9933    160.272
-30.6548    70.9299    61.9934    160.272
-30.6546    70.9297    61.9935    160.272
-30.6545    70.9294    61.9936    160.272
-30.6544    70.9292    61.9937    160.272
-30.6542    70.9291    61.9938    160.272
-30.6541    70.9288    61.9939    160.272
-30.6539    70.9286    61.994    160.272
-30.6538    70.9284    61.9941    160.272
-30.6537    70.9282    61.9942    160.272
-30.6535    70.928    61.9943    160.272
-30.6534    70.9278    61.9944    160.272
-30.6533    70.9276    61.9945    160.272
-30.6532    70.9274    61.9946    160.272
-30.653    70.9272    61.9947    160.272
-30.6529    70.9271    61.9948    160.272
-30.6528    70.9269    61.9949    160.272
-30.6527    70.9267    61.995    160.272
-30.6526    70.9265    61.9951    160.272
-30.6524    70.9263    61.9951    160.272
-30.6523    70.9262    61.9952    160.272
-30.6522    70.926    61.9953    160.272
-30.6521    70.9258    61.9954    160.272
-30.652    70.9256    61.9955    160.272
-30.6519    70.9255    61.9956    160.272
-30.6518    70.9253    61.9956    160.272
-30.6517    70.9252    61.9957    160.272
-30.6516    70.9251    61.9958    160.272
-30.6515    70.9249    61.9959    160.272
-30.6514    70.9248    61.9959    160.272
-30.6513    70.9246    61.996    160.272
-30.6512    70.9245    61.9961    160.272
-30.6511    70.9244    61.9961    160.272
-30.6511    70.9243    61.9962    160.272
-30.651    70.9242    61.9962    160.272
-30.6509    70.924    61.9963    160.272
-30.6508    70.9239    61.9964    160.272
-30.6507    70.9237    61.9964    160.272
-30.6506    70.9236    61.9965    160.272
-30.6506    70.9235    61.9965    160.272
-30.6505    70.9234    61.9966    160.272
-30.6504    70.9233    61.9967    160.272
-30.6503    70.9232    61.9967    160.272
-30.6503    70.9231    61.9968    160.272
-30.6502    70.923    61.9968    160.272
-30.6502    70.9229    61.9969    160.271
-30.6501    70.9228    61.9969    160.271
-30.65    70.9227    61.9969    160.271
-30.65    70.9226    61.997    160.271
-30.6499    70.9225    61.997    160.271
-30.6498    70.9224    61.9971    160.271
-30.6498    70.9224    61.9971    160.271
-30.6497    70.9223    61.9972    160.271
-30.6497    70.9222    61.9972    160.271
-30.6496    70.9221    61.9972    160.271
-30.6496    70.922    61.9973    160.271
-30.6495    70.9219    61.9973    160.271
-30.6495    70.9219    61.9974    160.271
-30.6494    70.9218    61.9974    160.271
-30.6494    70.9217    61.9974    160.271
-30.6493    70.9216    61.9975    160.271
-30.6493    70.9216    61.9975    160.271
-30.6492    70.9215    61.9975    160.271
-30.6492    70.9215    61.9976    160.271
-30.6491    70.9214    61.9976    160.271
-30.6491    70.9213    61.9977    160.271
-30.649    70.9212    61.9977    160.271
-30.649    70.9211    61.9977    160.271
-30.6489    70.9211    61.9978    160.271
-30.6489    70.921    61.9978    160.271
-30.6488    70.9209    61.9978    160.271
-30.6488    70.9209    61.9979    160.271
-30.6488    70.9208    61.9979    160.271
-30.6487    70.9207    61.9979    160.271
-30.6487    70.9207    61.998    160.271
-30.6486    70.9206    61.998    160.271
-30.6486    70.9206    61.998    160.271
-30.6486    70.9205    61.998    160.271
-30.6485    70.9204    61.9981    160.271
-30.6485    70.9204    61.9981    160.271
-30.6484    70.9203    61.9981    160.271
-30.6484    70.9202    61.9982    160.271
-30.6484    70.9202    61.9982    160.271
-30.6483    70.9201    61.9982    160.271
-30.6483    70.92    61.9983    160.271
-30.6482    70.92    61.9983    160.271
-30.6482    70.9199    61.9983    160.271
-30.6481    70.9199    61.9984    160.271
-30.6481    70.9198    61.9984    160.271
-30.6481    70.9198    61.9984    160.271
-30.6481    70.9197    61.9984    160.271
