-39.915    84.2464    54.7551    161.447
-39.915    84.2464    54.7551    161.447
-39.915    84.2464    54.7551    161.447
-39.915    84.2464    54.7551    161.447
-39.915    84.2464    54.7551    161.447
-39.915    84.2464    54.7551    161.447
-39.915    84.2464    54.7551    161.447
-39.915    84.2464    54.7551    161.447
-39.915    84.2464    54.7551    161.447
-39.915    84.2464    54.7551    161.447
-39.915    84.2464    54.7551    161.447
-39.915    84.2464    54.7551    161.447
-39.915    84.2464    54.7551    161.447
-39.915    84.2464    54.7551    161.447
-39.915    84.2464    54.7551    161.447
-39.915    84.2464    54.7551    161.447
-39.915    84.2464    54.7551    161.447
-39.915    84.2464    54.7551    161.447
-39.915    84.2464    54.7551    161.447
-39.915    84.2464    54.7551    161.447
-39.915    84.2464    54.7551    161.447
-39.915    84.2464    54.7551    161.447
-39.4618    83.6277    55.1196    161.426
-39.0306    83.0357    55.4657    161.403
-38.6199    82.4689    55.7946    161.378
-38.2295    81.9274    56.1068    161.351
-37.858    81.41    56.4031    161.323
-37.4904    80.8956    56.6958    161.293
-37.1542    80.4231    56.9629    161.263
-36.8344    79.9719    57.2165    161.233
-36.5301    79.5411    57.4573    161.202
-36.2407    79.1299    57.6859    161.171
-35.9655    78.7376    57.9028    161.141
-35.7035    78.363    58.109    161.11
-35.4542    78.0054    58.3048    161.08
-35.2169    77.6642    58.4909    161.05
-34.9914    77.3391    58.6673    161.021
-34.7768    77.029    58.835    160.992
-34.5727    76.7333    58.9942    160.964
-34.3785    76.4513    59.1454    160.936
-34.1937    76.1825    59.2891    160.909
-33.996    75.8943    59.4426    160.88
-33.8301    75.6519    59.5712    160.855
-33.6723    75.4209    59.6933    160.83
-33.5221    75.2009    59.8094    160.806
-33.3793    74.9912    59.9196    160.784
-33.2436    74.7916    60.0242    160.761
-33.1145    74.6015    60.1237    160.74
-32.9917    74.4205    60.2181    160.719
-32.875    74.2481    60.3077    160.699
-32.764    74.0841    60.3929    160.68
-32.6585    73.928    60.4738    160.662
-32.5583    73.7796    60.5505    160.644
-32.4631    73.6383    60.6234    160.627
-32.3725    73.5039    60.6926    160.611
-32.2864    73.3759    60.7584    160.595
-32.2045    73.2541    60.8209    160.58
-32.1267    73.1383    60.8802    160.566
-32.0528    73.0282    60.9365    160.552
-31.9825    72.9235    60.99    160.539
-31.9158    72.8239    61.0408    160.526
-31.8523    72.7291    61.089    160.514
-31.7901    72.6362    61.1363    160.502
-31.7329    72.5507    61.1798    160.491
-31.6785    72.4693    61.2211    160.481
-31.6267    72.392    61.2603    160.471
-31.5776    72.3185    61.2975    160.461
-31.531    72.2486    61.3328    160.452
-31.4867    72.1822    61.3664    160.443
-31.4445    72.119    61.3983    160.435
-31.4045    72.059    61.4286    160.427
-31.3665    72.0019    61.4573    160.419
-31.3304    71.9477    61.4846    160.412
-31.2961    71.8962    61.5105    160.405
-31.2635    71.8472    61.5352    160.399
-31.2325    71.8007    61.5586    160.392
-31.2031    71.7565    61.5808    160.386
-31.1751    71.7144    61.6019    160.381
-31.1486    71.6745    61.6219    160.375
-31.1233    71.6365    61.641    160.37
-31.0994    71.6005    61.659    160.365
-31.0766    71.5663    61.6762    160.361
-31.055    71.5337    61.6925    160.356
-31.0345    71.5028    61.7079    160.352
-31.015    71.4734    61.7226    160.348
-30.9965    71.4455    61.7366    160.344
-30.9789    71.419    61.7498    160.341
-30.9621    71.3938    61.7624    160.337
-30.9462    71.3698    61.7744    160.334
-30.9312    71.3471    61.7857    160.331
-30.9168    71.3255    61.7965    160.328
-30.9032    71.305    61.8068    160.325
-30.8903    71.2855    61.8165    160.322
-30.8776    71.2663    61.826    160.319
-30.8659    71.2488    61.8348    160.317
-30.8549    71.2321    61.8431    160.315
-30.8444    71.2163    61.851    160.313
-30.8344    71.2012    61.8585    160.31
-30.8249    71.1869    61.8656    160.308
-30.816    71.1733    61.8724    160.307
-30.8074    71.1604    61.8788    160.305
-30.7993    71.1482    61.8849    160.303
-30.7916    71.1365    61.8907    160.301
-30.7843    71.1255    61.8962    160.3
-30.7773    71.115    61.9014    160.298
-30.7707    71.105    61.9064    160.297
-30.7644    71.0956    61.9111    160.296
-30.7585    71.0866    61.9156    160.294
-30.7528    71.078    61.9198    160.293
-30.7474    71.0699    61.9238    160.292
-30.7423    71.0622    61.9277    160.291
-30.7375    71.0549    61.9313    160.29
-30.7329    71.0479    61.9348    160.289
-30.7285    71.0413    61.9381    160.288
-30.7244    71.035    61.9412    160.287
-30.7204    71.0291    61.9441    160.286
-30.7167    71.0234    61.9469    160.286
-30.7131    71.0181    61.9496    160.285
-30.7097    71.013    61.9522    160.284
-30.7065    71.0081    61.9546    160.283
-30.7035    71.0035    61.9568    160.283
-30.7006    70.9991    61.959    160.282
-30.6978    70.995    61.9611    160.282
-30.6952    70.991    61.963    160.281
-30.6928    70.9873    61.9649    160.281
-30.6904    70.9837    61.9667    160.28
-30.6882    70.9804    61.9683    160.28
-30.686    70.9771    61.9699    160.279
-30.684    70.9741    61.9714    160.279
-30.6821    70.9712    61.9729    160.278
-30.6803    70.9685    61.9742    160.278
-30.6786    70.9659    61.9755    160.278
-30.6769    70.9634    61.9768    160.277
-30.6754    70.961    61.9779    160.277
-30.6739    70.9588    61.9791    160.277
-30.6725    70.9567    61.9801    160.276
-30.6712    70.9546    61.9811    160.276
-30.6699    70.9527    61.9821    160.276
-30.6687    70.9509    61.983    160.275
-30.6675    70.9492    61.9838    160.275
-30.6664    70.9474    61.9847    160.275
-30.6653    70.9459    61.9855    160.275
-30.6644    70.9444    61.9862    160.275
-30.6634    70.943    61.9869    160.274
-30.6626    70.9417    61.9876    160.274
-30.6617    70.9404    61.9882    160.274
-30.6609    70.9392    61.9888    160.274
-30.6602    70.9381    61.9893    160.274
-30.6595    70.937    61.9899    160.273
-30.6588    70.936    61.9904    160.273
-30.6581    70.935    61.9909    160.273
-30.6575    70.9341    61.9913    160.273
-30.6569    70.9332    61.9918    160.273
-30.6564    70.9323    61.9922    160.273
-30.6559    70.9315    61.9926    160.273
-30.6554    70.9308    61.9929    160.273
-30.6549    70.9301    61.9933    160.273
-30.6544    70.9294    61.9936    160.272
-30.654    70.9288    61.994    160.272
-30.6536    70.9281    61.9943    160.272
-30.6532    70.9276    61.9946    160.272
-30.6529    70.927    61.9948    160.272
-30.6525    70.9265    61.9951    160.272
-30.6522    70.926    61.9953    160.272
-30.6519    70.9255    61.9956    160.272
-30.6516    70.9251    61.9958    160.272
-30.6513    70.9246    61.996    160.272
-30.651    70.9242    61.9962    160.272
-30.6508    70.9238    61.9964    160.272
-30.6505    70.9235    61.9966    160.272
-30.6503    70.9231    61.9967    160.272
-30.6501    70.9228    61.9969    160.271
-30.6499    70.9225    61.9971    160.271
-30.6497    70.9222    61.9972    160.271
-30.6495    70.9219    61.9974    160.271
-30.6493    70.9216    61.9975    160.271
-30.6491    70.9214    61.9976    160.271
-30.649    70.9211    61.9977    160.271
-30.6488    70.9209    61.9978    160.271
-30.6487    70.9207    61.998    160.271
-30.6486    70.9205    61.9981    160.271
-30.6484    70.9203    61.9982    160.271
-30.6483    70.9201    61.9982    160.271
-30.6482    70.9199    61.9983    160.271
