-39.915    84.2464    54.7551    161.447
-39.915    84.2464    54.7551    161.447
-39.915    84.2464    54.7551    161.447
-39.915    84.2464    54.7551    161.447
-39.915    84.2464    54.7551    161.447
-39.915    84.2464    54.7551    161.447
-39.915    84.2464    54.7551    161.447
-39.915    84.2464    54.7551    161.447
-39.915    84.2464    54.7551    161.447
-39.915    84.2464    54.7551    161.447
-39.915    84.2464    54.7551    161.447
-39.915    84.2464    54.7551    161.447
-39.915    84.2464    54.7551    161.447
-39.915    84.2464    54.7551    161.447
-39.915    84.2464    54.7551    161.447
-39.915    84.2464    54.7551    161.447
-39.915    84.2464    54.7551    161.447
-39.915    84.2464    54.7551    161.447
-39.915    84.2464    54.7551    161.447
-39.915    84.2464    54.7551    161.447
-39.915    84.2464    54.7551    161.447
-39.915    84.2464    54.7551    161.447
-39.915    84.2464    54.7551    161.447
-39.915    84.2464    54.7551    161.447
-39.915    84.2464    54.7551    161.447
-39.915    84.2464    54.7551    161.447
-39.915    84.2464    54.7551    161.447
-39.915    84.2464    54.7551    161.447
-39.915    84.2464    54.7551    161.447
-39.915    84.2464    54.7551    161.447
-39.915    84.2464    54.7551    161.447
-39.915    84.2464    54.7551    161.447
-39.915    84.2464    54.7551    161.447
-39.915    84.2464    54.7551    161.447
-39.915    84.2464    54.7551    161.447
-39.915    84.2464    54.7551    161.447
-39.915    84.2464    54.7551    161.447
-39.915    84.2464    54.7551    161.447
-39.915    84.2464    54.7551    161.447
-39.915    84.2464    54.7551    161.447
-39.915    84.2464    54.7551    161.447
-39.915    84.2464    54.7551    161.447
-39.6421    83.8739    54.9745    161.434
-39.3769    83.5106    55.1876    161.421
-39.1192    83.1564    55.3944    161.407
-38.8696    82.8123    55.5944    161.392
-38.6271    82.477    55.7886    161.377
-38.3918    82.1508    55.9767    161.361
-38.1631    81.8329    56.1593    161.344
-37.9411    81.5235    56.3363    161.327
-37.7258    81.2225    56.5078    161.31
-37.5166    80.9294    56.6743    161.292
-37.3136    80.6444    56.8356    161.274
-37.1164    80.3667    56.9922    161.256
-36.9251    80.0968    57.1439    161.238
-36.7394    79.8343    57.2909    161.22
-36.5589    79.5785    57.4337    161.201
-36.3836    79.3297    57.5722    161.183
-36.2136    79.0878    57.7063    161.165
-36.0487    78.8527    57.8364    161.146
-35.8884    78.6239    57.9626    161.128
-35.7328    78.4014    58.085    161.11
-35.5687    78.1662    58.2139    161.09
-35.4224    77.9562    58.3287    161.072
-35.2802    77.7518    58.4402    161.054
-35.1425    77.5536    58.548    161.037
-35.0088    77.3607    58.6526    161.019
-34.879    77.1732    58.7541    161.002
-34.7529    76.9908    58.8526    160.985
-34.6304    76.8135    58.9481    160.968
-34.5119    76.6416    59.0405    160.951
-34.3964    76.4739    59.1304    160.935
-34.2845    76.3112    59.2175    160.919
-34.176    76.1533    59.3018    160.903
-34.0707    75.9999    59.3836    160.887
-33.9685    75.8509    59.4628    160.872
-33.8693    75.706    59.5397    160.857
-33.773    75.5652    59.6144    160.842
-33.6792    75.428    59.6869    160.828
-33.5886    75.2952    59.757    160.814
-33.5006    75.1663    59.825    160.8
-33.4153    75.0411    59.8908    160.786
-33.3325    74.9194    59.9547    160.773
-33.2521    74.8012    60.0167    160.759
-33.1741    74.6865    60.0768    160.747
-33.0984    74.5751    60.1351    160.734
-33.025    74.4669    60.1915    160.722
-32.9537    74.3618    60.2463    160.71
-32.8846    74.2597    60.2995    160.698
-32.8173    74.1603    60.3512    160.687
-32.7521    74.0641    60.4011    160.675
-32.689    73.9707    60.4495    160.664
-32.6278    73.8801    60.4965    160.654
-32.5626    73.7836    60.5464    160.642
-32.505    73.6983    60.5905    160.632
-32.4492    73.6156    60.6332    160.622
-32.3947    73.5347    60.6749    160.612
-32.3422    73.4567    60.715    160.603
-32.2912    73.381    60.754    160.594
-32.2417    73.3075    60.7918    160.585
-32.1937    73.2361    60.8284    160.576
-32.1472    73.1669    60.8639    160.567
-32.102    73.0997    60.8983    160.559
-32.0582    73.0345    60.9317    160.551
-32.0157    72.9713    60.9641    160.543
-31.9744    72.9096    60.9956    160.535
-31.9344    72.85    61.026    160.528
-31.8956    72.7922    61.0555    160.521
-31.8579    72.7359    61.0842    160.513
-31.8213    72.6814    61.112    160.506
-31.7859    72.6285    61.1389    160.5
-31.7515    72.5771    61.165    160.493
-31.7181    72.5273    61.1904    160.487
-31.6858    72.479    61.2149    160.481
-31.6545    72.4321    61.2387    160.475
-31.6241    72.3866    61.2618    160.469
-31.5946    72.3425    61.2842    160.463
-31.566    72.2997    61.3059    160.457
-31.5382    72.2582    61.3269    160.452
-31.5113    72.2179    61.3473    160.447
-31.4852    72.1787    61.3671    160.442
-31.4598    72.1408    61.3863    160.437
-31.4352    72.104    61.4049    160.432
-31.4114    72.0682    61.423    160.427
-31.3883    72.0336    61.4404    160.423
-31.3659    72    61.4574    160.418
-31.3442    71.9674    61.4738    160.414
-31.3231    71.9358    61.4898    160.41
-31.3026    71.9051    61.5052    160.405
-31.2828    71.8754    61.5202    160.402
-31.2636    71.8465    61.5348    160.398
-31.2449    71.8185    61.5489    160.394
-31.2268    71.7913    61.5625    160.39
-31.2093    71.765    61.5758    160.387
-31.1923    71.7394    61.5887    160.383
-31.1757    71.7146    61.6011    160.38
-31.1597    71.6906    61.6132    160.377
-31.1442    71.6672    61.6249    160.374
-31.1291    71.6446    61.6363    160.371
-31.1145    71.6226    61.6473    160.368
-31.099    71.5992    61.6591    160.365
-31.0853    71.5787    61.6694    160.362
-31.072    71.5587    61.6794    160.359
-31.0591    71.5393    61.6891    160.356
-31.0466    71.5205    61.6986    160.354
-31.0345    71.5023    61.7077    160.351
-31.0228    71.4846    61.7166    160.349
-31.0114    71.4674    61.7251    160.347
-31.0003    71.4508    61.7335    160.344
-30.9896    71.4347    61.7415    160.342
-30.9792    71.419    61.7494    160.34
-30.9691    71.4038    61.757    160.338
-30.9593    71.3891    61.7643    160.336
-30.9498    71.3748    61.7715    160.334
-30.9406    71.361    61.7784    160.332
-30.9317    71.3476    61.7851    160.33
-30.9231    71.3345    61.7917    160.328
-30.9147    71.3219    61.798    160.327
-30.9066    71.3097    61.8041    160.325
-30.8987    71.2978    61.81    160.323
-30.891    71.2862    61.8158    160.322
-30.8836    71.2751    61.8214    160.32
-30.8764    71.2642    61.8268    160.319
-30.8694    71.2537    61.832    160.317
-30.8627    71.2435    61.8371    160.316
-30.8561    71.2336    61.8421    160.315
-30.8498    71.224    61.8468    160.313
-30.8436    71.2148    61.8515    160.312
-30.8376    71.2057    61.856    160.311
-30.8318    71.197    61.8603    160.31
-30.8262    71.1885    61.8646    160.308
-30.8207    71.1803    61.8687    160.307
-30.8154    71.1723    61.8727    160.306
-30.8103    71.1646    61.8765    160.305
-30.8053    71.1571    61.8803    160.304
-30.8005    71.1498    61.8839    160.303
-30.7958    71.1427    61.8874    160.302
-30.7913    71.1359    61.8908    160.301
-30.7869    71.1293    61.8941    160.3
-30.7826    71.1228    61.8973    160.299
-30.7785    71.1166    61.9004    160.298
-30.7745    71.1105    61.9035    160.298
-30.7706    71.1047    61.9064    160.297
-30.7668    71.099    61.9092    160.296
-30.7632    71.0935    61.912    160.295
-30.7596    71.0881    61.9146    160.295
-30.7562    71.0829    61.9172    160.294
-30.7528    71.0779    61.9197    160.293
-30.7496    71.073    61.9222    160.292
-30.7464    71.0682    61.9245    160.292
-30.7434    71.0637    61.9268    160.291
-30.7404    71.0592    61.929    160.291
-30.7376    71.0549    61.9312    160.29
-30.7348    71.0507    61.9333    160.289
-30.7321    71.0466    61.9353    160.289
-30.7295    71.0427    61.9373    160.288
-30.727    71.0389    61.9392    160.288
-30.7245    71.0352    61.941    160.287
-30.7221    71.0316    61.9428    160.287
-30.7198    71.0281    61.9445    160.286
-30.7176    71.0247    61.9462    160.286
-30.7154    71.0214    61.9478    160.285
-30.7133    71.0183    61.9494    160.285
-30.7113    71.0152    61.951    160.284
-30.7093    71.0122    61.9524    160.284
-30.7074    71.0093    61.9539    160.284
-30.7055    71.0065    61.9553    160.283
-30.7037    71.0038    61.9566    160.283
-30.702    71.0011    61.958    160.282
-30.7003    70.9986    61.9592    160.282
-30.6985    70.9959    61.9606    160.282
-30.6969    70.9935    61.9618    160.281
-30.6953    70.9911    61.9629    160.281
-30.6938    70.9889    61.9641    160.281
-30.6924    70.9867    61.9651    160.28
-30.691    70.9846    61.9662    160.28
-30.6896    70.9825    61.9672    160.28
-30.6883    70.9805    61.9682    160.28
-30.687    70.9786    61.9692    160.279
-30.6858    70.9767    61.9701    160.279
-30.6846    70.9749    61.971    160.279
-30.6834    70.9731    61.9719    160.279
-30.6823    70.9714    61.9728    160.278
-30.6812    70.9697    61.9736    160.278
-30.6801    70.9681    61.9744    160.278
-30.6791    70.9665    61.9752    160.278
-30.6781    70.965    61.9759    160.277
-30.6771    70.9636    61.9766    160.277
-30.6761    70.9621    61.9773    160.277
-30.6752    70.9608    61.978    160.277
-30.6743    70.9594    61.9787    160.277
-30.6735    70.9581    61.9793    160.276
-30.6726    70.9569    61.98    160.276
-30.6718    70.9556    61.9806    160.276
-30.6711    70.9545    61.9812    160.276
-30.6703    70.9533    61.9817    160.276
-30.6696    70.9522    61.9823    160.276
-30.6688    70.9511    61.9828    160.275
-30.6681    70.9501    61.9833    160.275
-30.6675    70.9491    61.9839    160.275
-30.6668    70.9481    61.9843    160.275
-30.6662    70.9471    61.9848    160.275
-30.6656    70.9462    61.9853    160.275
-30.665    70.9453    61.9857    160.275
-30.6644    70.9444    61.9862    160.275
-30.6638    70.9436    61.9866    160.274
-30.6633    70.9428    61.987    160.274
-30.6628    70.942    61.9874    160.274
-30.6623    70.9412    61.9878    160.274
-30.6618    70.9405    61.9881    160.274
-30.6613    70.9397    61.9885    160.274
-30.6608    70.939    61.9888    160.274
-30.6604    70.9383    61.9892    160.274
-30.6599    70.9377    61.9895    160.274
-30.6595    70.937    61.9898    160.273
-30.6591    70.9364    61.9901    160.273
-30.6587    70.9358    61.9904    160.273
-30.6583    70.9352    61.9907    160.273
-30.658    70.9347    61.991    160.273
-30.6576    70.9341    61.9913    160.273
-30.6572    70.9336    61.9915    160.273
-30.6569    70.9331    61.9918    160.273
-30.6566    70.9326    61.992    160.273
-30.6562    70.9321    61.9923    160.273
-30.6559    70.9316    61.9925    160.273
-30.6556    70.9312    61.9927    160.273
-30.6553    70.9307    61.993    160.273
-30.6551    70.9303    61.9932    160.273
-30.6548    70.9299    61.9934    160.272
-30.6545    70.9295    61.9936    160.272
-30.6543    70.9291    61.9938    160.272
-30.654    70.9287    61.994    160.272
-30.6538    70.9283    61.9942    160.272
-30.6535    70.928    61.9943    160.272
-30.6533    70.9276    61.9945    160.272
-30.6531    70.9273    61.9947    160.272
-30.6529    70.927    61.9948    160.272
-30.6526    70.9267    61.995    160.272
-30.6524    70.9264    61.9951    160.272
-30.6522    70.9261    61.9953    160.272
-30.6521    70.9258    61.9954    160.272
-30.6519    70.9255    61.9956    160.272
-30.6517    70.9252    61.9957    160.272
-30.6515    70.925    61.9958    160.272
-30.6514    70.9247    61.996    160.272
-30.6512    70.9245    61.9961    160.272
-30.651    70.9242    61.9962    160.272
-30.6509    70.924    61.9963    160.272
-30.6507    70.9238    61.9964    160.272
-30.6506    70.9236    61.9965    160.272
-30.6504    70.9233    61.9966    160.272
-30.6503    70.9231    61.9967    160.272
-30.6502    70.9229    61.9968    160.272
-30.6501    70.9227    61.9969    160.271
-30.6499    70.9226    61.997    160.271
-30.6498    70.9224    61.9971    160.271
-30.6497    70.9222    61.9972    160.271
-30.6496    70.922    61.9973    160.271
-30.6495    70.9219    61.9974    160.271
-30.6494    70.9217    61.9975    160.271
-30.6493    70.9216    61.9975    160.271
-30.6492    70.9214    61.9976    160.271
-30.6491    70.9213    61.9977    160.271
-30.649    70.9211    61.9977    160.271
-30.6489    70.921    61.9978    160.271
-30.6488    70.9208    61.9979    160.271
