0    0    0    0    0    0
0    0    0    0    0    0
0    0    0    0    0    0
0    0    0    0    0    0
0    0    0    0    0    0
0    0    0    0    0    0
0    0    0    0    0    0
0    0    0    0    0    0
0    0    0    0    0    0
0    0    0    0    0    0
0    0    0    0    0    0
0    0    0    0    0    0
0    0    0    0    0    0
0    0    0    0    0    0
0    0    0    0    0    0
0    0    0    0    0    0
0    0    0    0    0    0
0    0    0    0    0    0
0    0    0    0    0    0
0    0    0    0    0    0
0    0    0    0    0    0
0    0    0    0    0    0
0    0    0    0    0    0
0    0    0    0    0    0
0    0    0    0    0    0
0    0    0    0    0    0
0    0    0    0    0    0
0    0    0    0    0    0
0    0    0    0    0    0
0    0    0    0    0    0
0    0    0    0    0    0
0    0    0    0    0    0
0    0    0    0    0    0
0    0    0    0    0    0
0    0    0    0    0    0
0    0    0    0    0    0
0    0    0    0    0    0
0    0    0    0    0    0
0    0    0    0    0    0
0    0    0    0    0    0
0    0    0    0    0    0
0    0    0    0    0    0
0    0    0    0    0    0
0    0    0    0    0    0
0    0    0    0    0    0
0    0    0    0    0    0
0    0    0    0    0    0
0    0    0    0    0    0
0    0    0    0    0    0
0    0    0    0    0    0
0    0    0    0    0    0
0    0    0    0    0    0
-0.0202572    -0.0133931    0.00362244    -2.6064e-13    1.41826e-13    0.0251738
-0.0201193    -0.0132917    0.00359693    -2.60616e-13    1.41904e-13    0.0249965
-0.0199398    -0.0131601    0.00356376    -2.60582e-13    1.41934e-13    0.024766
-0.0195808    -0.0128979    0.00349748    -2.60515e-13    1.42055e-13    0.0243053
-0.0191415    -0.0125787    0.00341649    -2.60435e-13    1.42224e-13    0.0237425
-0.0189136    -0.0124134    0.00337453    -2.60393e-13    1.42303e-13    0.023451
-0.0187931    -0.0123261    0.00335236    -2.6037e-13    1.42317e-13    0.0232968
-0.0186889    -0.0122507    0.00333318    -2.60351e-13    1.42352e-13    0.0231636
-0.0184265    -0.0120614    0.00328494    -2.60303e-13    1.42468e-13    0.0228283
-0.0183081    -0.0119761    0.0032632    -2.60281e-13    1.42505e-13    0.0226772
-0.018129    -0.0118473    0.00323032    -2.60248e-13    1.42561e-13    0.0224487
-0.0176395    -0.0114972    0.00314054    -2.60157e-13    1.42701e-13    0.0218248
-0.017239    -0.011212    0.00306721    -2.60084e-13    1.42857e-13    0.0213153
-0.0168649    -0.0109466    0.0029988    -2.60015e-13    1.42981e-13    0.0208398
-0.0166897    -0.0108225    0.00296679    -2.59983e-13    1.43019e-13    0.0206174
-0.0164273    -0.0106371    0.00291889    -2.59935e-13    1.43125e-13    0.0202845
-0.0162226    -0.0104928    0.00288155    -2.59897e-13    1.4319e-13    0.020025
-0.0158975    -0.0102645    0.0028223    -2.59837e-13    1.43283e-13    0.0196133
-0.015656    -0.0100954    0.00277834    -2.59793e-13    1.43376e-13    0.0193078
-0.0153709    -0.00989624    0.00272648    -2.59741e-13    1.4347e-13    0.0189474
-0.0151314    -0.00972941    0.00268296    -2.59697e-13    1.43547e-13    0.0186449
-0.0150414    -0.00966673    0.0026666    -2.59681e-13    1.43578e-13    0.0185313
-0.0148347    -0.00952315    0.00262907    -2.59643e-13    1.43646e-13    0.0182705
-0.0144875    -0.00928299    0.00256611    -2.59579e-13    1.43743e-13    0.0178329
-0.0141487    -0.00904946    0.00250473    -2.59517e-13    1.43855e-13    0.0174063
-0.0138757    -0.00886178    0.00245532    -2.59467e-13    1.43945e-13    0.017063
-0.0137265    -0.00875939    0.00242834    -2.5944e-13    1.44006e-13    0.0168755
-0.0134567    -0.00857472    0.00237958    -2.59391e-13    1.44093e-13    0.0165366
-0.0132182    -0.00841195    0.00233652    -2.59347e-13    1.44157e-13    0.0162374
-0.0130577    -0.00830251    0.00230755    -2.59318e-13    1.44217e-13    0.0160361
-0.0128132    -0.00813633    0.00226346    -2.59273e-13    1.44294e-13    0.0157297
-0.0127047    -0.00806265    0.00224391    -2.59253e-13    1.4433e-13    0.0155938
-0.0125283    -0.00794307    0.00221213    -2.59221e-13    1.44384e-13    0.0153729
-0.0122469    -0.00775298    0.00216148    -2.5917e-13    1.44476e-13    0.0150209
-0.011984    -0.00757588    0.0021142    -2.59122e-13    1.44559e-13    0.0146924
-0.011844    -0.0074817    0.00208904    -2.59097e-13    1.44616e-13    0.0145176
-0.0117292    -0.00740448    0.0020684    -2.59075e-13    1.44642e-13    0.0143742
-0.0114624    -0.00722574    0.00202051    -2.59027e-13    1.44729e-13    0.0140413
-0.0113237    -0.00713294    0.00199563    -2.59002e-13    1.44774e-13    0.0138684
-0.0111114    -0.00699123    0.00195756    -2.58963e-13    1.44851e-13    0.0136038
-0.0108434    -0.00681288    0.00190955    -2.58915e-13    1.4494e-13    0.0132702
-0.0106613    -0.00669185    0.00187693    -2.58881e-13    1.44997e-13    0.0130435
-0.0104342    -0.00654134    0.0018363    -2.5884e-13    1.4506e-13    0.0127611
-0.0102034    -0.00638875    0.00179503    -2.58798e-13    1.45135e-13    0.0124744
-0.01006    -0.00629409    0.00176941    -2.58772e-13    1.45182e-13    0.0122963
-0.00982427    -0.00613888    0.00172731    -2.58729e-13    1.45266e-13    0.0120038
-0.00969547    -0.00605417    0.00170433    -2.58706e-13    1.45305e-13    0.011844
-0.00948911    -0.00591877    0.00166752    -2.58668e-13    1.45366e-13    0.0115882
-0.00931132    -0.00580233    0.00163582    -2.58636e-13    1.45424e-13    0.011368
-0.00909535    -0.00566123    0.00159735    -2.58597e-13    1.45493e-13    0.0111006
-0.00896079    -0.00557342    0.00157339    -2.58573e-13    1.4554e-13    0.0109341
-0.00887573    -0.00551796    0.00155825    -2.58557e-13    1.45567e-13    0.0108289
-0.00866274    -0.00537944    0.00152035    -2.58519e-13    1.45634e-13    0.0105655
-0.00846012    -0.00524794    0.00148433    -2.58482e-13    1.45701e-13    0.0103152
-0.00839117    -0.00520322    0.00147207    -2.5847e-13    1.45718e-13    0.01023
-0.00820083    -0.00508003    0.00143826    -2.58435e-13    1.45779e-13    0.00999504
-0.00805382    -0.00498502    0.00141216    -2.58408e-13    1.45826e-13    0.00981366
-0.00794265    -0.00491326    0.00139243    -2.58388e-13    1.45866e-13    0.00967654
-0.00780391    -0.00482384    0.00136782    -2.58363e-13    1.45909e-13    0.00950549
-0.00771956    -0.00476952    0.00135286    -2.58348e-13    1.45935e-13    0.00940154
-0.00755892    -0.00466625    0.00132438    -2.58319e-13    1.45984e-13    0.00920363
-0.00747302    -0.00461108    0.00130916    -2.58303e-13    1.46016e-13    0.00909785
-0.00736785    -0.0045436    0.00129053    -2.58284e-13    1.46048e-13    0.00896837
-0.00729641    -0.0044978    0.00127787    -2.58272e-13    1.46066e-13    0.00888045
-0.00723097    -0.00445588    0.00126629    -2.5826e-13    1.46092e-13    0.00879993
-0.00715349    -0.00440628    0.00125257    -2.58246e-13    1.46117e-13    0.00870461
-0.00703723    -0.00433195    0.00123199    -2.58225e-13    1.46154e-13    0.00856161
-0.00694224    -0.00427129    0.00121519    -2.58208e-13    1.46183e-13    0.00844483
-0.00688235    -0.00423306    0.0012046    -2.58197e-13    1.46202e-13    0.00837122
-0.00672237    -0.00413114    0.00117631    -2.58168e-13    1.4625e-13    0.00817464
-0.00667298    -0.00409968    0.00116758    -2.58159e-13    1.46265e-13    0.00811396
-0.00662133    -0.00406681    0.00115845    -2.5815e-13    1.46285e-13    0.00805053
-0.0065215    -0.00400334    0.00114081    -2.58132e-13    1.46315e-13    0.00792795
-0.00638883    -0.00391912    0.00111738    -2.58108e-13    1.46359e-13    0.00776511
-0.00623061    -0.00381885    0.00108945    -2.58079e-13    1.46408e-13    0.00757099
-0.00608233    -0.00372503    0.00106328    -2.58052e-13    1.46452e-13    0.00738914
-0.0059677    -0.00365258    0.00104306    -2.58032e-13    1.46492e-13    0.00724863
-0.00589104    -0.00360416    0.00102954    -2.58018e-13    1.46515e-13    0.00715468
-0.00577244    -0.00352937    0.00100863    -2.57997e-13    1.4655e-13    0.00700939
-0.00569948    -0.00348338    0.000995776    -2.57983e-13    1.46576e-13    0.00692004
-0.00563638    -0.00344364    0.000984657    -2.57972e-13    1.46595e-13    0.00684277
-0.00558056    -0.00340851    0.000974825    -2.57962e-13    1.46611e-13    0.00677444
-0.00548655    -0.00334939    0.000958266    -2.57945e-13    1.46644e-13    0.00665937
-0.00543087    -0.0033144    0.000948463    -2.57935e-13    1.46659e-13    0.00659124
-0.00538572    -0.00328604    0.000940514    -2.57927e-13    1.46675e-13    0.006536
-0.00527906    -0.00321912    0.00092174    -2.57908e-13    1.46708e-13    0.00640553
-0.00523818    -0.00319349    0.000914546    -2.579e-13    1.4672e-13    0.00635554
-0.00512807    -0.00312452    0.000895173    -2.5788e-13    1.46756e-13    0.00622091
-0.00508441    -0.00309718    0.000887494    -2.57873e-13    1.4677e-13    0.00616755
-0.00496262    -0.00302104    0.000866076    -2.57851e-13    1.46807e-13    0.0060187
-0.00492909    -0.00300008    0.000860182    -2.57845e-13    1.46817e-13    0.00597774
-0.00481002    -0.00292576    0.000839252    -2.57823e-13    1.46855e-13    0.00583229
-0.00477977    -0.00290688    0.000833937    -2.57818e-13    1.46866e-13    0.00579536
-0.00470501    -0.00286026    0.0008208    -2.57804e-13    1.46887e-13    0.00570406
-0.0046636    -0.00283445    0.000813527    -2.57797e-13    1.46902e-13    0.00565352
-0.00461684    -0.00280532    0.000805314    -2.57788e-13    1.46916e-13    0.00559644
-0.00451933    -0.00274464    0.00078819    -2.57771e-13    1.46946e-13    0.00547744
-0.00442954    -0.00268882    0.000772426    -2.57755e-13    1.46975e-13    0.00536789
-0.00434846    -0.00263846    0.000758196    -2.5774e-13    1.47001e-13    0.005269
-0.00424177    -0.00257226    0.000739475    -2.57721e-13    1.47034e-13    0.0051389
-0.00416545    -0.00252495    0.000726087    -2.57707e-13    1.47058e-13    0.00504586
-0.00408054    -0.00247236    0.000711195    -2.57692e-13    1.47084e-13    0.00494238
-0.00405147    -0.00245436    0.000706099    -2.57687e-13    1.47093e-13    0.00490696
-0.00401913    -0.00243434    0.000700429    -2.57681e-13    1.47103e-13    0.00486755
-0.00395633    -0.00239549    0.000689421    -2.5767e-13    1.47123e-13    0.00479105
-0.00392938    -0.00237882    0.000684696    -2.57665e-13    1.47133e-13    0.00475822
-0.00390309    -0.00236257    0.00068009    -2.5766e-13    1.4714e-13    0.00472621
-0.00386659    -0.00234002    0.000673694    -2.57654e-13    1.47152e-13    0.00468176
-0.00381068    -0.00230548    0.000663896    -2.57643e-13    1.47169e-13    0.00461368
-0.00372843    -0.00225473    0.000649487    -2.57629e-13    1.47196e-13    0.00451354
-0.00366618    -0.00221635    0.000638585    -2.57618e-13    1.47214e-13    0.00443778
-0.00359169    -0.00217046    0.000625541    -2.57604e-13    1.47239e-13    0.00434713
-0.003569    -0.00215648    0.000621568    -2.576e-13    1.47245e-13    0.00431952
-0.00353892    -0.00213795    0.000616302    -2.57595e-13    1.47254e-13    0.00428293
-0.00344985    -0.00208316    0.00060071    -2.57579e-13    1.47283e-13    0.00417457
-0.00341765    -0.00206335    0.000595075    -2.57573e-13    1.47293e-13    0.00413541
-0.00333908    -0.00201508    0.000581327    -2.57559e-13    1.47316e-13    0.00403987
-0.00331307    -0.0019991    0.000576776    -2.57554e-13    1.47324e-13    0.00400824
-0.00322967    -0.00194791    0.000562188    -2.57539e-13    1.47352e-13    0.00390686
-0.00320912    -0.0019353    0.000558594    -2.57535e-13    1.47359e-13    0.00388189
-0.00313662    -0.00189085    0.000545914    -2.57522e-13    1.4738e-13    0.00379377
-0.00311559    -0.00187796    0.000542239    -2.57519e-13    1.47386e-13    0.00376823
-0.00309884    -0.00186769    0.000539309    -2.57516e-13    1.47392e-13    0.00374787
-0.00302528    -0.00182264    0.00052645    -2.57502e-13    1.47415e-13    0.00365851
-0.0029735    -0.00179095    0.0005174    -2.57493e-13    1.47431e-13    0.00359561
-0.00294707    -0.00177478    0.000512781    -2.57488e-13    1.47439e-13    0.00356352
-0.00292194    -0.0017594    0.000508389    -2.57484e-13    1.47447e-13    0.003533
-0.00288363    -0.00173598    0.000501696    -2.57477e-13    1.4746e-13    0.00348648
-0.00281587    -0.00169457    0.000489857    -2.57465e-13    1.47481e-13    0.00340421
-0.00275493    -0.00165736    0.000479213    -2.57454e-13    1.475e-13    0.00333024
-0.00272067    -0.00163645    0.00047323    -2.57448e-13    1.4751e-13    0.00328866
-0.00267636    -0.00160942    0.000465493    -2.5744e-13    1.47524e-13    0.00323489
-0.00263122    -0.00158189    0.00045761    -2.57432e-13    1.47538e-13    0.00318011
-0.00259357    -0.00155894    0.000451038    -2.57425e-13    1.4755e-13    0.00313444
-0.00254439    -0.00152897    0.000442452    -2.57416e-13    1.47565e-13    0.00307477
-0.0025259    -0.00151771    0.000439226    -2.57413e-13    1.47571e-13    0.00305235
-0.00248588    -0.00149334    0.00043224    -2.57406e-13    1.47584e-13    0.00300381
-0.00243515    -0.00146247    0.000423388    -2.57397e-13    1.476e-13    0.00294229
-0.00240754    -0.00144568    0.000418571    -2.57392e-13    1.47608e-13    0.00290882
-0.00234703    -0.00140889    0.000408015    -2.57381e-13    1.47627e-13    0.00283546
-0.00230764    -0.00138495    0.000401144    -2.57374e-13    1.4764e-13    0.00278771
-0.00225508    -0.00135303    0.000391977    -2.57364e-13    1.47656e-13    0.002724
-0.00220956    -0.00132539    0.000384038    -2.57356e-13    1.4767e-13    0.00266883
-0.00217019    -0.0013015    0.000377173    -2.57349e-13    1.47682e-13    0.00262112
-0.0021572    -0.00129362    0.000374908    -2.57347e-13    1.47686e-13    0.00260539
-0.00211362    -0.00126719    0.000367311    -2.57339e-13    1.477e-13    0.00255259
-0.00206736    -0.00123915    0.000359247    -2.57331e-13    1.47715e-13    0.00249655
-0.00201829    -0.00120943    0.000350695    -2.57322e-13    1.47729e-13    0.00243711
-0.00197247    -0.00118169    0.000342711    -2.57314e-13    1.47744e-13    0.00238164
-0.0019293    -0.00115555    0.000335188    -2.57306e-13    1.47758e-13    0.00232936
-0.00188144    -0.0011266    0.00032685    -2.57297e-13    1.47773e-13    0.00227141
-0.00184358    -0.00110371    0.000320256    -2.57291e-13    1.47784e-13    0.00222559
-0.00180062    -0.00107774    0.000312773    -2.57283e-13    1.47797e-13    0.00217358
-0.00175575    -0.00105064    0.000304959    -2.57275e-13    1.47811e-13    0.00211928
-0.00172309    -0.00103091    0.000299271    -2.57269e-13    1.47822e-13    0.00207975
-0.00169681    -0.00101505    0.000294697    -2.57264e-13    1.4783e-13    0.00204796
-0.00168223    -0.00100625    0.000292157    -2.57262e-13    1.47834e-13    0.00203032
-0.00164546    -0.000984063    0.000285757    -2.57255e-13    1.47846e-13    0.00198584
-0.00160747    -0.000961147    0.000279143    -2.57248e-13    1.47858e-13    0.00193988
-0.00159045    -0.000950881    0.00027618    -2.57245e-13    1.47863e-13    0.00191929
-0.00156142    -0.000933379    0.000271128    -2.5724e-13    1.47872e-13    0.00188417
-0.00154538    -0.000923711    0.000268336    -2.57237e-13    1.47877e-13    0.00186477
-0.00151781    -0.000907097    0.000263538    -2.57232e-13    1.47886e-13    0.00183143
-0.00150284    -0.000898079    0.000260933    -2.5723e-13    1.4789e-13    0.00181333
-0.00147382    -0.000880601    0.000255884    -2.57224e-13    1.47899e-13    0.00177824
-0.00145662    -0.000870241    0.000252891    -2.57221e-13    1.47905e-13    0.00175744
-0.00143934    -0.000859841    0.000249886    -2.57218e-13    1.4791e-13    0.00173655
-0.001425    -0.000851206    0.00024739    -2.57216e-13    1.47914e-13    0.00171921
-0.00141532    -0.000845382    0.000245707    -2.57214e-13    1.47917e-13    0.00170751
-0.00138993    -0.000830101    0.00024129    -2.57209e-13    1.47925e-13    0.00167682
-0.00137637    -0.000821946    0.000238932    -2.57207e-13    1.4793e-13    0.00166043
-0.0013512    -0.000806807    0.000234554    -2.57202e-13    1.47938e-13    0.00163001
-0.00133023    -0.000794195    0.000230906    -2.57199e-13    1.47944e-13    0.00160466
-0.00129733    -0.000774415    0.000225184    -2.57193e-13    1.47954e-13    0.00156489
-0.0012832    -0.00076592    0.000222726    -2.5719e-13    1.47959e-13    0.00154781
-0.0012624    -0.000753422    0.00021911    -2.57187e-13    1.47965e-13    0.00152268
-0.00123753    -0.000738485    0.000214786    -2.57182e-13    1.47973e-13    0.00149263
-0.00122814    -0.000732842    0.000213153    -2.5718e-13    1.47976e-13    0.00148128
-0.00121009    -0.000722003    0.000210015    -2.57177e-13    1.47981e-13    0.00145948
-0.00118937    -0.000709561    0.000206413    -2.57173e-13    1.47988e-13    0.00143444
-0.00116065    -0.00069232    0.000201419    -2.57168e-13    1.47997e-13    0.00139974
-0.00114404    -0.000682354    0.000198533    -2.57165e-13    1.48002e-13    0.00137968
-0.00113031    -0.000674112    0.000196146    -2.57163e-13    1.48006e-13    0.00136309
-0.00110518    -0.000659037    0.000191778    -2.57158e-13    1.48014e-13    0.00133274
-0.00108975    -0.00064978    0.000189096    -2.57156e-13    1.48019e-13    0.0013141
-0.00108388    -0.000646262    0.000188076    -2.57155e-13    1.48021e-13    0.00130702
-0.00107068    -0.000638346    0.000185782    -2.57152e-13    1.48025e-13    0.00129107
-0.00105216    -0.000627239    0.000182563    -2.57149e-13    1.4803e-13    0.0012687
-0.00102907    -0.000613402    0.000178551    -2.57145e-13    1.48037e-13    0.00124082
-0.00101883    -0.000607264    0.000176772    -2.57143e-13    1.48041e-13    0.00122846
-0.000999684    -0.000595791    0.000173445    -2.5714e-13    1.48047e-13    0.00120534
-0.000984747    -0.000586842    0.00017085    -2.57137e-13    1.48051e-13    0.0011873
-0.000970051    -0.000578038    0.000168296    -2.57134e-13    1.48056e-13    0.00116956
-0.000958995    -0.000571416    0.000166376    -2.57132e-13    1.48059e-13    0.00115621
-0.000940281    -0.000560209    0.000163124    -2.57129e-13    1.48065e-13    0.00113362
-0.000931852    -0.000555162    0.00016166    -2.57127e-13    1.48068e-13    0.00112344
-0.000915327    -0.000545269    0.00015879    -2.57124e-13    1.48073e-13    0.00110349
-0.000909718    -0.000541911    0.000157815    -2.57123e-13    1.48075e-13    0.00109672
-0.000897369    -0.000534519    0.00015567    -2.57121e-13    1.48079e-13    0.00108181
-0.000880139    -0.000524208    0.000152677    -2.57118e-13    1.48084e-13    0.00106101
-0.000863637    -0.000514334    0.000149811    -2.57115e-13    1.48089e-13    0.0010411
-0.000848046    -0.000505007    0.000147103    -2.57112e-13    1.48094e-13    0.00102228
-0.000837669    -0.000498799    0.000145301    -2.57111e-13    1.48097e-13    0.00100975
-0.000830119    -0.000494283    0.00014399    -2.57109e-13    1.48099e-13    0.00100064
-0.000815618    -0.000485611    0.000141472    -2.57107e-13    1.48104e-13    0.000983142
-0.000801075    -0.000476915    0.000138946    -2.57104e-13    1.48108e-13    0.000965591
-0.000785144    -0.000467392    0.00013618    -2.57101e-13    1.48113e-13    0.000946367
-0.000775831    -0.000461824    0.000134563    -2.571e-13    1.48116e-13    0.000935128
-0.000760208    -0.000452486    0.00013185    -2.57097e-13    1.48121e-13    0.000916276
-0.000753112    -0.000448246    0.000130618    -2.57095e-13    1.48123e-13    0.000907715
-0.000735265    -0.000437582    0.000127519    -2.57092e-13    1.48129e-13    0.000886181
-0.000721274    -0.000429223    0.00012509    -2.5709e-13    1.48133e-13    0.0008693
-0.00070802    -0.000421306    0.000122789    -2.57087e-13    1.48137e-13    0.00085331
-0.000700612    -0.000416881    0.000121503    -2.57086e-13    1.48139e-13    0.000844372
-0.000689432    -0.000410204    0.000119562    -2.57084e-13    1.48143e-13    0.000830885
-0.000684549    -0.000407288    0.000118715    -2.57083e-13    1.48144e-13    0.000824995
-0.000677367    -0.000402999    0.000117468    -2.57082e-13    1.48147e-13    0.00081633
-0.0006619    -0.000393765    0.000114783    -2.57079e-13    1.48151e-13    0.000797672
-0.000649307    -0.000386247    0.000112597    -2.57077e-13    1.48155e-13    0.000782482
-0.000644622    -0.000383451    0.000111784    -2.57076e-13    1.48157e-13    0.00077683
-0.000639761    -0.000380549    0.00011094    -2.57075e-13    1.48158e-13    0.000770967
-0.000631755    -0.000375771    0.000109551    -2.57074e-13    1.48161e-13    0.00076131
-0.000621117    -0.000369422    0.000107704    -2.57072e-13    1.48164e-13    0.000748479
-0.000610472    -0.00036307    0.000105857    -2.5707e-13    1.48167e-13    0.000735641
-0.000599088    -0.000356278    0.000103881    -2.57068e-13    1.48171e-13    0.00072191
-0.000592458    -0.000352323    0.000102731    -2.57067e-13    1.48173e-13    0.000713915
-0.000580139    -0.000344974    0.000100593    -2.57065e-13    1.48177e-13    0.000699057
-0.000573707    -0.000341138    9.94764e-05    -2.57063e-13    1.48179e-13    0.0006913
-0.000566869    -0.000337059    9.82897e-05    -2.57062e-13    1.48181e-13    0.000683054
-0.00056172    -0.000333988    9.73962e-05    -2.57061e-13    1.48183e-13    0.000676845
-0.000547672    -0.000325611    9.49586e-05    -2.57059e-13    1.48187e-13    0.000659904
-0.000544713    -0.000323847    9.4445e-05    -2.57058e-13    1.48188e-13    0.000656336
-0.000532802    -0.000316746    9.23783e-05    -2.57056e-13    1.48191e-13    0.000641973
-0.000526447    -0.000312956    9.12755e-05    -2.57055e-13    1.48193e-13    0.000634309
-0.000521673    -0.00031011    9.04472e-05    -2.57054e-13    1.48195e-13    0.000628553
-0.000514335    -0.000305736    8.9174e-05    -2.57053e-13    1.48197e-13    0.000619705
-0.000501754    -0.000298238    8.69911e-05    -2.5705e-13    1.48201e-13    0.000604536
-0.000489885    -0.000291165    8.49319e-05    -2.57048e-13    1.48205e-13    0.000590225
-0.000479797    -0.000285154    8.31818e-05    -2.57047e-13    1.48208e-13    0.000578063
-0.00047055    -0.000279644    8.15775e-05    -2.57045e-13    1.48211e-13    0.000566914
-0.000466919    -0.000277481    8.09476e-05    -2.57044e-13    1.48212e-13    0.000562537
-0.000458032    -0.000272187    7.94059e-05    -2.57043e-13    1.48215e-13    0.000551822
-0.000452086    -0.000268645    7.83744e-05    -2.57042e-13    1.48216e-13    0.000544654
-0.000442696    -0.000263051    7.67454e-05    -2.5704e-13    1.48219e-13    0.000533334
-0.000431993    -0.000256677    7.48887e-05    -2.57038e-13    1.48223e-13    0.000520431
-0.000421792    -0.000250602    7.31193e-05    -2.57036e-13    1.48226e-13    0.000508135
-0.000412288    -0.000244943    7.14707e-05    -2.57035e-13    1.48229e-13    0.000496678
-0.000408419    -0.00024264    7.07996e-05    -2.57034e-13    1.4823e-13    0.000492014
-0.000399778    -0.000237495    6.93008e-05    -2.57032e-13    1.48233e-13    0.000481599
-0.000393283    -0.000233629    6.81744e-05    -2.57031e-13    1.48235e-13    0.000473771
-0.000388856    -0.000230993    6.74064e-05    -2.5703e-13    1.48236e-13    0.000468434
-0.000379733    -0.000225563    6.58242e-05    -2.57029e-13    1.48239e-13    0.000457438
-0.000370782    -0.000220236    6.42718e-05    -2.57027e-13    1.48242e-13    0.00044665
-0.000362328    -0.000215204    6.28055e-05    -2.57026e-13    1.48244e-13    0.00043646
-0.000356801    -0.000211916    6.1847e-05    -2.57025e-13    1.48246e-13    0.000429799
-0.000350799    -0.000208344    6.08061e-05    -2.57024e-13    1.48248e-13    0.000422565
-0.000347799    -0.000206559    6.02858e-05    -2.57023e-13    1.48249e-13    0.000418949
-0.000344053    -0.00020433    5.96362e-05    -2.57022e-13    1.4825e-13    0.000414435
-0.000336277    -0.000199704    5.82877e-05    -2.57021e-13    1.48252e-13    0.000405064
-0.000331188    -0.000196676    5.74051e-05    -2.5702e-13    1.48254e-13    0.000398931
-0.000326366    -0.000193808    5.6569e-05    -2.57019e-13    1.48255e-13    0.00039312
-0.000319097    -0.000189484    5.53085e-05    -2.57018e-13    1.48258e-13    0.000384361
-0.00031424    -0.000186594    5.44662e-05    -2.57017e-13    1.48259e-13    0.000378507
-0.000310746    -0.000184517    5.38604e-05    -2.57016e-13    1.4826e-13    0.000374297
-0.00030691    -0.000182235    5.31952e-05    -2.57016e-13    1.48261e-13    0.000369674
-0.00030108    -0.000178768    5.21842e-05    -2.57015e-13    1.48263e-13    0.000362649
-0.000295107    -0.000175215    5.11485e-05    -2.57014e-13    1.48265e-13    0.000355451
-0.000292703    -0.000173786    5.07318e-05    -2.57013e-13    1.48266e-13    0.000352555
-0.000287597    -0.00017075    4.98463e-05    -2.57012e-13    1.48267e-13    0.000346402
-0.000283247    -0.000168163    4.9092e-05    -2.57011e-13    1.48269e-13    0.00034116
-0.000277    -0.000164449    4.80089e-05    -2.5701e-13    1.48271e-13    0.000333633
-0.000271518    -0.00016119    4.70585e-05    -2.57009e-13    1.48272e-13    0.000327028
-0.000269112    -0.000159759    4.66413e-05    -2.57009e-13    1.48273e-13    0.000324129
-0.000266491    -0.000158201    4.61868e-05    -2.57008e-13    1.48274e-13    0.00032097
-0.000262425    -0.000155784    4.54819e-05    -2.57008e-13    1.48275e-13    0.000316072
-0.000260397    -0.000154578    4.51303e-05    -2.57007e-13    1.48276e-13    0.000313628
-0.000258291    -0.000153326    4.47651e-05    -2.57007e-13    1.48276e-13    0.00031109
-0.000255048    -0.000151399    4.42029e-05    -2.57006e-13    1.48278e-13    0.000307184
-0.000252043    -0.000149612    4.36818e-05    -2.57006e-13    1.48278e-13    0.000303562
-0.000246013    -0.000146028    4.26365e-05    -2.57005e-13    1.4828e-13    0.000296298
-0.000240237    -0.000142595    4.16351e-05    -2.57004e-13    1.48282e-13    0.000289339
-0.000235974    -0.000140062    4.08961e-05    -2.57003e-13    1.48283e-13    0.000284203
-0.000230772    -0.00013697    3.99941e-05    -2.57002e-13    1.48285e-13    0.000277935
-0.000225771    -0.000133998    3.91271e-05    -2.57001e-13    1.48287e-13    0.00027191
-0.000222321    -0.000131948    3.8529e-05    -2.57001e-13    1.48288e-13    0.000267753
-0.000219652    -0.000130363    3.80664e-05    -2.57e-13    1.48288e-13    0.000264539
-0.000216754    -0.000128641    3.7564e-05    -2.57e-13    1.48289e-13    0.000261047
-0.000212739    -0.000126255    3.6868e-05    -2.56999e-13    1.48291e-13    0.00025621
-0.000209013    -0.000124041    3.62221e-05    -2.56998e-13    1.48292e-13    0.000251721
-0.000206816    -0.000122736    3.58411e-05    -2.56998e-13    1.48292e-13    0.000249074
-0.000205095    -0.000121714    3.55429e-05    -2.56997e-13    1.48293e-13    0.000247002
-0.000203712    -0.000120892    3.53031e-05    -2.56997e-13    1.48293e-13    0.000245335
-0.000202188    -0.000119987    3.5039e-05    -2.56997e-13    1.48294e-13    0.0002435
-0.000198495    -0.000117792    3.43987e-05    -2.56996e-13    1.48295e-13    0.00023905
-0.000195997    -0.000116309    3.39658e-05    -2.56996e-13    1.48296e-13    0.000236041
-0.000193825    -0.000115018    3.35892e-05    -2.56995e-13    1.48296e-13    0.000233424
-0.000191509    -0.000113642    3.31877e-05    -2.56995e-13    1.48297e-13    0.000230634
-0.000190147    -0.000112833    3.29516e-05    -2.56995e-13    1.48298e-13    0.000228994
-0.000187516    -0.000111271    3.24957e-05    -2.56994e-13    1.48298e-13    0.000225825
-0.000183013    -0.000108596    3.17151e-05    -2.56994e-13    1.483e-13    0.000220401
-0.00017991    -0.000106753    3.11772e-05    -2.56993e-13    1.48301e-13    0.000216662
-0.000177998    -0.000105618    3.08458e-05    -2.56993e-13    1.48301e-13    0.00021436
-0.000174709    -0.000103664    3.02757e-05    -2.56992e-13    1.48302e-13    0.000210398
-0.000171124    -0.000101535    2.96542e-05    -2.56991e-13    1.48303e-13    0.000206079
-0.000168544    -0.000100003    2.92071e-05    -2.56991e-13    1.48304e-13    0.000202971
-0.000167066    -9.91249e-05    2.89508e-05    -2.56991e-13    1.48305e-13    0.000201191
-0.000163228    -9.68459e-05    2.82856e-05    -2.5699e-13    1.48306e-13    0.000196568
-0.000160316    -9.51166e-05    2.77809e-05    -2.56989e-13    1.48307e-13    0.00019306
-0.0001578    -9.36223e-05    2.73447e-05    -2.56989e-13    1.48308e-13    0.000190029
-0.000156308    -9.27364e-05    2.70861e-05    -2.56989e-13    1.48308e-13    0.000188232
-0.000153735    -9.12085e-05    2.66401e-05    -2.56988e-13    1.48309e-13    0.000185133
-0.000151612    -8.99482e-05    2.62722e-05    -2.56988e-13    1.48309e-13    0.000182576
-0.000148295    -8.79786e-05    2.56973e-05    -2.56987e-13    1.48311e-13    0.00017858
-0.000146341    -8.68186e-05    2.53586e-05    -2.56987e-13    1.48311e-13    0.000176227
-0.000144851    -8.5934e-05    2.51004e-05    -2.56987e-13    1.48312e-13    0.000174433
-0.000143136    -8.49157e-05    2.48031e-05    -2.56986e-13    1.48312e-13    0.000172367
-0.000140287    -8.32242e-05    2.43093e-05    -2.56986e-13    1.48313e-13    0.000168935
-0.000137751    -8.17189e-05    2.38699e-05    -2.56985e-13    1.48314e-13    0.000165881
-0.000134303    -7.9672e-05    2.32723e-05    -2.56985e-13    1.48315e-13    0.000161728
-0.000132684    -7.87106e-05    2.29916e-05    -2.56985e-13    1.48315e-13    0.000159778
-0.000129598    -7.68788e-05    2.24568e-05    -2.56984e-13    1.48316e-13    0.000156061
-0.000128558    -7.62617e-05    2.22766e-05    -2.56984e-13    1.48317e-13    0.000154809
-0.000126821    -7.52306e-05    2.19756e-05    -2.56983e-13    1.48317e-13    0.000152717
-0.000126135    -7.48231e-05    2.18566e-05    -2.56983e-13    1.48317e-13    0.00015189
-0.000123492    -7.32541e-05    2.13985e-05    -2.56983e-13    1.48318e-13    0.000148707
-0.000120925    -7.17308e-05    2.09538e-05    -2.56982e-13    1.48319e-13    0.000145616
-0.000119567    -7.09246e-05    2.07184e-05    -2.56982e-13    1.48319e-13    0.00014398
-0.000118658    -7.03849e-05    2.05608e-05    -2.56982e-13    1.4832e-13    0.000142885
-0.000115977    -6.87937e-05    2.00962e-05    -2.56982e-13    1.48321e-13    0.000139656
-0.000113691    -6.74368e-05    1.97e-05    -2.56981e-13    1.48321e-13    0.000136903
-0.000112975    -6.70121e-05    1.9576e-05    -2.56981e-13    1.48321e-13    0.000136041
-0.00011136    -6.60531e-05    1.92959e-05    -2.56981e-13    1.48322e-13    0.000134095
-0.000108572    -6.43985e-05    1.88128e-05    -2.5698e-13    1.48323e-13    0.000130737
-0.000106456    -6.31428e-05    1.84461e-05    -2.5698e-13    1.48323e-13    0.000128189
-0.000105441    -6.25403e-05    1.82702e-05    -2.5698e-13    1.48324e-13    0.000126967
-0.000103882    -6.16151e-05    1.8e-05    -2.56979e-13    1.48324e-13    0.000125089
-0.00010153    -6.02193e-05    1.75924e-05    -2.56979e-13    1.48325e-13    0.000122256
-0.000100798    -5.97853e-05    1.74656e-05    -2.56979e-13    1.48325e-13    0.000121376
-0.000100061    -5.93478e-05    1.73379e-05    -2.56979e-13    1.48325e-13    0.000120488
-9.87662e-05    -5.85794e-05    1.71135e-05    -2.56978e-13    1.48326e-13    0.000118928
-9.7643e-05    -5.79128e-05    1.69188e-05    -2.56978e-13    1.48326e-13    0.000117576
-9.58445e-05    -5.68456e-05    1.66072e-05    -2.56978e-13    1.48327e-13    0.00011541
-9.37871e-05    -5.56247e-05    1.62506e-05    -2.56978e-13    1.48327e-13    0.000112932
-9.30433e-05    -5.51834e-05    1.61217e-05    -2.56977e-13    1.48328e-13    0.000112036
-9.24545e-05    -5.4834e-05    1.60197e-05    -2.56977e-13    1.48328e-13    0.000111327
-9.18655e-05    -5.44845e-05    1.59176e-05    -2.56977e-13    1.48328e-13    0.000110618
-9.05339e-05    -5.36943e-05    1.56869e-05    -2.56977e-13    1.48328e-13    0.000109014
-8.86328e-05    -5.25663e-05    1.53574e-05    -2.56977e-13    1.48329e-13    0.000106725
-8.69345e-05    -5.15586e-05    1.50631e-05    -2.56976e-13    1.4833e-13    0.00010468
-8.5705e-05    -5.08291e-05    1.48501e-05    -2.56976e-13    1.4833e-13    0.000103199
-8.50465e-05    -5.04383e-05    1.47359e-05    -2.56976e-13    1.4833e-13    0.000102406
-8.35927e-05    -4.95758e-05    1.4484e-05    -2.56976e-13    1.48331e-13    0.000100655
-8.21818e-05    -4.87386e-05    1.42395e-05    -2.56976e-13    1.48331e-13    9.8956e-05
-8.08728e-05    -4.7962e-05    1.40127e-05    -2.56975e-13    1.48331e-13    9.73796e-05
-7.94811e-05    -4.71363e-05    1.37715e-05    -2.56975e-13    1.48332e-13    9.57037e-05
-7.84841e-05    -4.65448e-05    1.35988e-05    -2.56975e-13    1.48332e-13    9.45031e-05
-7.75903e-05    -4.60144e-05    1.34439e-05    -2.56975e-13    1.48332e-13    9.34267e-05
-7.57993e-05    -4.49519e-05    1.31335e-05    -2.56974e-13    1.48333e-13    9.12699e-05
-7.46751e-05    -4.42849e-05    1.29387e-05    -2.56974e-13    1.48333e-13    8.99161e-05
-7.40251e-05    -4.38993e-05    1.28261e-05    -2.56974e-13    1.48334e-13    8.91334e-05
-7.27307e-05    -4.31314e-05    1.26018e-05    -2.56974e-13    1.48334e-13    8.75746e-05
-7.158e-05    -4.24487e-05    1.24024e-05    -2.56974e-13    1.48334e-13    8.6189e-05
-7.03146e-05    -4.1698e-05    1.21831e-05    -2.56973e-13    1.48335e-13    8.46651e-05
-6.91026e-05    -4.0979e-05    1.19731e-05    -2.56973e-13    1.48335e-13    8.32057e-05
-6.84143e-05    -4.05707e-05    1.18538e-05    -2.56973e-13    1.48335e-13    8.23768e-05
-6.69178e-05    -3.96829e-05    1.15945e-05    -2.56973e-13    1.48336e-13    8.05747e-05
-6.64672e-05    -3.94156e-05    1.15164e-05    -2.56973e-13    1.48336e-13    8.00321e-05
-6.59838e-05    -3.91289e-05    1.14327e-05    -2.56973e-13    1.48336e-13    7.945e-05
-6.44158e-05    -3.81987e-05    1.11609e-05    -2.56972e-13    1.48336e-13    7.75617e-05
-6.38551e-05    -3.78661e-05    1.10638e-05    -2.56972e-13    1.48337e-13    7.68866e-05
-6.29026e-05    -3.73011e-05    1.08987e-05    -2.56972e-13    1.48337e-13    7.57396e-05
-6.22867e-05    -3.69357e-05    1.0792e-05    -2.56972e-13    1.48337e-13    7.49979e-05
-6.09264e-05    -3.61288e-05    1.05563e-05    -2.56972e-13    1.48338e-13    7.33599e-05
-6.02496e-05    -3.57274e-05    1.0439e-05    -2.56972e-13    1.48338e-13    7.2545e-05
-5.94991e-05    -3.52822e-05    1.0309e-05    -2.56971e-13    1.48338e-13    7.16412e-05
-5.81393e-05    -3.44756e-05    1.00734e-05    -2.56971e-13    1.48338e-13    7.00038e-05
-5.74313e-05    -3.40556e-05    9.95069e-06    -2.56971e-13    1.48339e-13    6.91512e-05
-5.61909e-05    -3.33199e-05    9.73575e-06    -2.56971e-13    1.48339e-13    6.76576e-05
-5.51518e-05    -3.27035e-05    9.55569e-06    -2.56971e-13    1.48339e-13    6.64063e-05
-5.48188e-05    -3.2506e-05    9.49801e-06    -2.56971e-13    1.48339e-13    6.60054e-05
-5.42448e-05    -3.21655e-05    9.39853e-06    -2.56971e-13    1.4834e-13    6.53141e-05
-5.31137e-05    -3.14946e-05    9.20255e-06    -2.5697e-13    1.4834e-13    6.39521e-05
-5.2166e-05    -3.09325e-05    9.03834e-06    -2.5697e-13    1.4834e-13    6.28109e-05
-5.10169e-05    -3.0251e-05    8.83922e-06    -2.5697e-13    1.48341e-13    6.14272e-05
-5.04315e-05    -2.99038e-05    8.7378e-06    -2.5697e-13    1.48341e-13    6.07224e-05
-4.99416e-05    -2.96132e-05    8.6529e-06    -2.5697e-13    1.48341e-13    6.01324e-05
-4.94796e-05    -2.93392e-05    8.57285e-06    -2.5697e-13    1.48341e-13    5.95761e-05
-4.86097e-05    -2.88232e-05    8.42213e-06    -2.5697e-13    1.48341e-13    5.85287e-05
-4.82424e-05    -2.86054e-05    8.35848e-06    -2.56969e-13    1.48341e-13    5.80863e-05
-4.73351e-05    -2.80673e-05    8.20127e-06    -2.56969e-13    1.48342e-13    5.69938e-05
-4.63432e-05    -2.74789e-05    8.0294e-06    -2.56969e-13    1.48342e-13    5.57994e-05
-4.54286e-05    -2.69365e-05    7.87093e-06    -2.56969e-13    1.48342e-13    5.46981e-05
-4.50064e-05    -2.66861e-05    7.79778e-06    -2.56969e-13    1.48342e-13    5.41898e-05
-4.44072e-05    -2.63308e-05    7.69396e-06    -2.56969e-13    1.48343e-13    5.34683e-05
-4.38903e-05    -2.60242e-05    7.60439e-06    -2.56969e-13    1.48343e-13    5.28459e-05
-4.32738e-05    -2.56585e-05    7.49756e-06    -2.56969e-13    1.48343e-13    5.21035e-05
-4.28435e-05    -2.54034e-05    7.42302e-06    -2.56968e-13    1.48343e-13    5.15855e-05
-4.22858e-05    -2.50726e-05    7.32637e-06    -2.56968e-13    1.48343e-13    5.09138e-05
-4.16105e-05    -2.46721e-05    7.20937e-06    -2.56968e-13    1.48344e-13    5.01007e-05
-4.12591e-05    -2.44637e-05    7.14849e-06    -2.56968e-13    1.48344e-13    4.96776e-05
-4.0582e-05    -2.40621e-05    7.03116e-06    -2.56968e-13    1.48344e-13    4.88623e-05
-4.03551e-05    -2.39276e-05    6.99184e-06    -2.56968e-13    1.48344e-13    4.8589e-05
-3.98339e-05    -2.36185e-05    6.90154e-06    -2.56968e-13    1.48344e-13    4.79615e-05
-3.93178e-05    -2.33124e-05    6.81212e-06    -2.56968e-13    1.48344e-13    4.73401e-05
-3.88678e-05    -2.30455e-05    6.73414e-06    -2.56968e-13    1.48344e-13    4.67982e-05
-3.80885e-05    -2.25834e-05    6.59912e-06    -2.56968e-13    1.48345e-13    4.58599e-05
-3.76883e-05    -2.23461e-05    6.52978e-06    -2.56968e-13    1.48345e-13    4.5378e-05
-3.69985e-05    -2.1937e-05    6.41025e-06    -2.56967e-13    1.48345e-13    4.45474e-05
-3.63939e-05    -2.15784e-05    6.30549e-06    -2.56967e-13    1.48345e-13    4.38194e-05
-3.55316e-05    -2.10671e-05    6.1561e-06    -2.56967e-13    1.48345e-13    4.27811e-05
-3.4855e-05    -2.06658e-05    6.03887e-06    -2.56967e-13    1.48346e-13    4.19664e-05
-3.4106e-05    -2.02216e-05    5.90908e-06    -2.56967e-13    1.48346e-13    4.10645e-05
-3.34489e-05    -1.9832e-05    5.79524e-06    -2.56967e-13    1.48346e-13    4.02734e-05
-3.30628e-05    -1.9603e-05    5.72834e-06    -2.56967e-13    1.48346e-13    3.98085e-05
-3.24593e-05    -1.92451e-05    5.62377e-06    -2.56967e-13    1.48346e-13    3.90818e-05
-3.22839e-05    -1.91411e-05    5.59339e-06    -2.56967e-13    1.48346e-13    3.88706e-05
-3.1769e-05    -1.88358e-05    5.50417e-06    -2.56967e-13    1.48347e-13    3.82506e-05
-3.10643e-05    -1.84179e-05    5.38208e-06    -2.56966e-13    1.48347e-13    3.74022e-05
-3.05143e-05    -1.80918e-05    5.28677e-06    -2.56966e-13    1.48347e-13    3.67399e-05
-2.99598e-05    -1.7763e-05    5.1907e-06    -2.56966e-13    1.48347e-13    3.60722e-05
-2.94903e-05    -1.74845e-05    5.10935e-06    -2.56966e-13    1.48347e-13    3.55069e-05
-2.90956e-05    -1.72505e-05    5.04097e-06    -2.56966e-13    1.48347e-13    3.50317e-05
-2.86575e-05    -1.69907e-05    4.96506e-06    -2.56966e-13    1.48348e-13    3.45042e-05
-2.80934e-05    -1.66562e-05    4.86731e-06    -2.56966e-13    1.48348e-13    3.38249e-05
-2.74939e-05    -1.63007e-05    4.76346e-06    -2.56966e-13    1.48348e-13    3.31031e-05
-2.69759e-05    -1.59935e-05    4.6737e-06    -2.56966e-13    1.48348e-13    3.24793e-05
-2.675e-05    -1.58596e-05    4.63457e-06    -2.56966e-13    1.48348e-13    3.22074e-05
-2.65907e-05    -1.57651e-05    4.60696e-06    -2.56966e-13    1.48348e-13    3.20156e-05
-2.64082e-05    -1.5657e-05    4.57535e-06    -2.56966e-13    1.48348e-13    3.17959e-05
-2.59056e-05    -1.53589e-05    4.48826e-06    -2.56965e-13    1.48348e-13    3.11907e-05
-2.56705e-05    -1.52195e-05    4.44752e-06    -2.56965e-13    1.48348e-13    3.09076e-05
-2.52156e-05    -1.49498e-05    4.36871e-06    -2.56965e-13    1.48349e-13    3.03599e-05
-2.47283e-05    -1.46608e-05    4.28428e-06    -2.56965e-13    1.48349e-13    2.97731e-05
-2.43165e-05    -1.44166e-05    4.21293e-06    -2.56965e-13    1.48349e-13    2.92773e-05
-2.41872e-05    -1.434e-05    4.19053e-06    -2.56965e-13    1.48349e-13    2.91217e-05
-2.40564e-05    -1.42624e-05    4.16786e-06    -2.56965e-13    1.48349e-13    2.89641e-05
-2.37803e-05    -1.40987e-05    4.12003e-06    -2.56965e-13    1.48349e-13    2.86317e-05
-2.35291e-05    -1.39497e-05    4.0765e-06    -2.56965e-13    1.48349e-13    2.83292e-05
-2.3096e-05    -1.36929e-05    4.00147e-06    -2.56965e-13    1.48349e-13    2.78078e-05
-2.25777e-05    -1.33856e-05    3.91166e-06    -2.56965e-13    1.48349e-13    2.71837e-05
-2.23756e-05    -1.32658e-05    3.87665e-06    -2.56965e-13    1.48349e-13    2.69403e-05
-2.21043e-05    -1.31049e-05    3.82964e-06    -2.56965e-13    1.4835e-13    2.66137e-05
-2.16923e-05    -1.28606e-05    3.75827e-06    -2.56965e-13    1.4835e-13    2.61177e-05
-2.1196e-05    -1.25664e-05    3.67228e-06    -2.56965e-13    1.4835e-13    2.55201e-05
-2.08066e-05    -1.23355e-05    3.60481e-06    -2.56965e-13    1.4835e-13    2.50512e-05
-2.05658e-05    -1.21927e-05    3.56308e-06    -2.56965e-13    1.4835e-13    2.47613e-05
-2.00927e-05    -1.19122e-05    3.48112e-06    -2.56964e-13    1.4835e-13    2.41917e-05
-1.99115e-05    -1.18048e-05    3.44973e-06    -2.56964e-13    1.4835e-13    2.39735e-05
-1.97438e-05    -1.17053e-05    3.42067e-06    -2.56964e-13    1.4835e-13    2.37716e-05
-1.94401e-05    -1.15253e-05    3.36806e-06    -2.56964e-13    1.4835e-13    2.3406e-05
-1.9015e-05    -1.12732e-05    3.2944e-06    -2.56964e-13    1.48351e-13    2.28941e-05
-1.86573e-05    -1.10611e-05    3.23242e-06    -2.56964e-13    1.48351e-13    2.24634e-05
-1.82203e-05    -1.0802e-05    3.15671e-06    -2.56964e-13    1.48351e-13    2.19372e-05
-1.80535e-05    -1.07031e-05    3.12782e-06    -2.56964e-13    1.48351e-13    2.17364e-05
-1.78156e-05    -1.05621e-05    3.0866e-06    -2.56964e-13    1.48351e-13    2.145e-05
-1.74694e-05    -1.03568e-05    3.02661e-06    -2.56964e-13    1.48351e-13    2.10331e-05
-1.70734e-05    -1.0122e-05    2.958e-06    -2.56964e-13    1.48351e-13    2.05563e-05
-1.67956e-05    -9.95729e-06    2.90987e-06    -2.56964e-13    1.48351e-13    2.02219e-05
-1.64577e-05    -9.75694e-06    2.85133e-06    -2.56964e-13    1.48351e-13    1.9815e-05
-1.60632e-05    -9.52307e-06    2.78299e-06    -2.56964e-13    1.48351e-13    1.93401e-05
-1.59037e-05    -9.42846e-06    2.75534e-06    -2.56964e-13    1.48351e-13    1.9148e-05
-1.55243e-05    -9.20355e-06    2.68962e-06    -2.56964e-13    1.48352e-13    1.86912e-05
-1.52709e-05    -9.05331e-06    2.64572e-06    -2.56964e-13    1.48352e-13    1.83861e-05
-1.49051e-05    -8.83639e-06    2.58233e-06    -2.56964e-13    1.48352e-13    1.79456e-05
-1.46788e-05    -8.70225e-06    2.54313e-06    -2.56963e-13    1.48352e-13    1.76732e-05
-1.44385e-05    -8.5598e-06    2.5015e-06    -2.56963e-13    1.48352e-13    1.73839e-05
-1.40906e-05    -8.35353e-06    2.44122e-06    -2.56963e-13    1.48352e-13    1.6965e-05
-1.379e-05    -8.17529e-06    2.38914e-06    -2.56963e-13    1.48352e-13    1.66031e-05
-1.34924e-05    -7.99885e-06    2.33758e-06    -2.56963e-13    1.48352e-13    1.62448e-05
-1.32604e-05    -7.86132e-06    2.29739e-06    -2.56963e-13    1.48352e-13    1.59654e-05
-1.30161e-05    -7.71645e-06    2.25506e-06    -2.56963e-13    1.48352e-13    1.56713e-05
-1.26879e-05    -7.52184e-06    2.19818e-06    -2.56963e-13    1.48352e-13    1.5276e-05
-1.23831e-05    -7.34118e-06    2.14539e-06    -2.56963e-13    1.48353e-13    1.49092e-05
-1.22373e-05    -7.25469e-06    2.12012e-06    -2.56963e-13    1.48353e-13    1.47335e-05
-1.19584e-05    -7.08939e-06    2.07181e-06    -2.56963e-13    1.48353e-13    1.43978e-05
-1.17539e-05    -6.96811e-06    2.03637e-06    -2.56963e-13    1.48353e-13    1.41515e-05
-1.15415e-05    -6.84221e-06    1.99958e-06    -2.56963e-13    1.48353e-13    1.38958e-05
-1.1305e-05    -6.70197e-06    1.9586e-06    -2.56963e-13    1.48353e-13    1.36111e-05
-1.10697e-05    -6.56248e-06    1.91783e-06    -2.56963e-13    1.48353e-13    1.33278e-05
-1.08351e-05    -6.42338e-06    1.87718e-06    -2.56963e-13    1.48353e-13    1.30453e-05
-1.07205e-05    -6.35548e-06    1.85734e-06    -2.56963e-13    1.48353e-13    1.29074e-05
-1.05336e-05    -6.24467e-06    1.82496e-06    -2.56963e-13    1.48353e-13    1.26824e-05
-1.03786e-05    -6.15278e-06    1.79811e-06    -2.56963e-13    1.48353e-13    1.24957e-05
-1.02891e-05    -6.09967e-06    1.78259e-06    -2.56963e-13    1.48353e-13    1.23879e-05
-1.00709e-05    -5.97035e-06    1.74479e-06    -2.56963e-13    1.48353e-13    1.21253e-05
-9.84328e-06    -5.83538e-06    1.70535e-06    -2.56963e-13    1.48353e-13    1.18512e-05
-9.61941e-06    -5.70266e-06    1.66657e-06    -2.56963e-13    1.48353e-13    1.15816e-05
-9.44076e-06    -5.59674e-06    1.63561e-06    -2.56963e-13    1.48353e-13    1.13665e-05
-9.31296e-06    -5.52098e-06    1.61347e-06    -2.56963e-13    1.48354e-13    1.12127e-05
-9.14944e-06    -5.42404e-06    1.58514e-06    -2.56962e-13    1.48354e-13    1.10158e-05
-8.99173e-06    -5.33053e-06    1.55782e-06    -2.56962e-13    1.48354e-13    1.08259e-05
-8.82798e-06    -5.23346e-06    1.52945e-06    -2.56962e-13    1.48354e-13    1.06287e-05
-8.68613e-06    -5.14936e-06    1.50487e-06    -2.56962e-13    1.48354e-13    1.0458e-05
-8.61434e-06    -5.1068e-06    1.49244e-06    -2.56962e-13    1.48354e-13    1.03715e-05
-8.46897e-06    -5.02061e-06    1.46725e-06    -2.56962e-13    1.48354e-13    1.01965e-05
-8.41858e-06    -4.99074e-06    1.45852e-06    -2.56962e-13    1.48354e-13    1.01358e-05
-8.25597e-06    -4.89434e-06    1.43035e-06    -2.56962e-13    1.48354e-13    9.94004e-06
-8.12664e-06    -4.81766e-06    1.40794e-06    -2.56962e-13    1.48354e-13    9.78433e-06
-7.94841e-06    -4.712e-06    1.37706e-06    -2.56962e-13    1.48354e-13    9.56975e-06
-7.82418e-06    -4.63835e-06    1.35554e-06    -2.56962e-13    1.48354e-13    9.42016e-06
-7.7649e-06    -4.60321e-06    1.34527e-06    -2.56962e-13    1.48354e-13    9.3488e-06
-7.64771e-06    -4.53373e-06    1.32496e-06    -2.56962e-13    1.48354e-13    9.2077e-06
-7.52915e-06    -4.46344e-06    1.30442e-06    -2.56962e-13    1.48354e-13    9.06495e-06
-7.48192e-06    -4.43545e-06    1.29624e-06    -2.56962e-13    1.48354e-13    9.00809e-06
-7.32051e-06    -4.33975e-06    1.26828e-06    -2.56962e-13    1.48354e-13    8.81375e-06
-7.22535e-06    -4.28334e-06    1.25179e-06    -2.56962e-13    1.48354e-13    8.69918e-06
-7.09484e-06    -4.20597e-06    1.22918e-06    -2.56962e-13    1.48354e-13    8.54205e-06
-6.99309e-06    -4.14565e-06    1.21155e-06    -2.56962e-13    1.48354e-13    8.41955e-06
-6.93579e-06    -4.11167e-06    1.20162e-06    -2.56962e-13    1.48354e-13    8.35055e-06
-6.84186e-06    -4.05599e-06    1.18535e-06    -2.56962e-13    1.48354e-13    8.23746e-06
-6.77127e-06    -4.01414e-06    1.17312e-06    -2.56962e-13    1.48354e-13    8.15248e-06
-6.67995e-06    -3.96e-06    1.1573e-06    -2.56962e-13    1.48354e-13    8.04253e-06
-6.64232e-06    -3.93769e-06    1.15078e-06    -2.56962e-13    1.48354e-13    7.99721e-06
-6.51167e-06    -3.86024e-06    1.12814e-06    -2.56962e-13    1.48354e-13    7.83991e-06
-6.40254e-06    -3.79554e-06    1.10924e-06    -2.56962e-13    1.48354e-13    7.70852e-06
-6.26444e-06    -3.71367e-06    1.08531e-06    -2.56962e-13    1.48354e-13    7.54225e-06
-6.15831e-06    -3.65076e-06    1.06692e-06    -2.56962e-13    1.48355e-13    7.41448e-06
-6.07067e-06    -3.5988e-06    1.05174e-06    -2.56962e-13    1.48355e-13    7.30896e-06
-5.98063e-06    -3.54542e-06    1.03614e-06    -2.56962e-13    1.48355e-13    7.20054e-06
-5.82991e-06    -3.45607e-06    1.01003e-06    -2.56962e-13    1.48355e-13    7.01909e-06
-5.79209e-06    -3.43365e-06    1.00348e-06    -2.56962e-13    1.48355e-13    6.97356e-06
-5.75282e-06    -3.41036e-06    9.96672e-07    -2.56962e-13    1.48355e-13    6.92627e-06
-5.64847e-06    -3.3485e-06    9.78593e-07    -2.56962e-13    1.48355e-13    6.80063e-06
-5.55095e-06    -3.29069e-06    9.61699e-07    -2.56962e-13    1.48355e-13    6.68322e-06
-5.49664e-06    -3.25849e-06    9.52288e-07    -2.56962e-13    1.48355e-13    6.61783e-06
-5.44338e-06    -3.22692e-06    9.43062e-07    -2.56962e-13    1.48355e-13    6.55371e-06
-5.34587e-06    -3.16911e-06    9.26169e-07    -2.56962e-13    1.48355e-13    6.43631e-06
-5.21885e-06    -3.09381e-06    9.04161e-07    -2.56962e-13    1.48355e-13    6.28337e-06
-5.11395e-06    -3.03162e-06    8.85988e-07    -2.56962e-13    1.48355e-13    6.15708e-06
-5.0392e-06    -2.98731e-06    8.73037e-07    -2.56962e-13    1.48355e-13    6.06708e-06
-4.96833e-06    -2.94529e-06    8.60758e-07    -2.56962e-13    1.48355e-13    5.98175e-06
-4.85743e-06    -2.87955e-06    8.41545e-07    -2.56962e-13    1.48355e-13    5.84823e-06
-4.7391e-06    -2.8094e-06    8.21046e-07    -2.56962e-13    1.48355e-13    5.70577e-06
-4.62404e-06    -2.74119e-06    8.0111e-07    -2.56962e-13    1.48355e-13    5.56723e-06
-4.51644e-06    -2.6774e-06    7.82468e-07    -2.56962e-13    1.48355e-13    5.43768e-06
-4.42318e-06    -2.62212e-06    7.66313e-07    -2.56962e-13    1.48355e-13    5.32541e-06
-4.37012e-06    -2.59066e-06    7.57119e-07    -2.56962e-13    1.48355e-13    5.26152e-06
-4.30001e-06    -2.5491e-06    7.44973e-07    -2.56962e-13    1.48355e-13    5.17711e-06
-4.25836e-06    -2.5244e-06    7.37756e-07    -2.56962e-13    1.48355e-13    5.12696e-06
-4.19497e-06    -2.48683e-06    7.26775e-07    -2.56962e-13    1.48355e-13    5.05065e-06
-4.09308e-06    -2.42642e-06    7.09122e-07    -2.56962e-13    1.48355e-13    4.92797e-06
-4.03325e-06    -2.39095e-06    6.98756e-07    -2.56962e-13    1.48355e-13    4.85593e-06
-3.94059e-06    -2.33602e-06    6.82703e-07    -2.56962e-13    1.48355e-13    4.74437e-06
-3.84353e-06    -2.27848e-06    6.65888e-07    -2.56962e-13    1.48355e-13    4.62751e-06
-3.80883e-06    -2.25791e-06    6.59876e-07    -2.56962e-13    1.48355e-13    4.58574e-06
-3.75329e-06    -2.22499e-06    6.50253e-07    -2.56962e-13    1.48355e-13    4.51886e-06
-3.67482e-06    -2.17847e-06    6.36658e-07    -2.56962e-13    1.48355e-13    4.42439e-06
-3.59902e-06    -2.13353e-06    6.23526e-07    -2.56961e-13    1.48355e-13    4.33312e-06
-3.51482e-06    -2.08362e-06    6.08938e-07    -2.56961e-13    1.48355e-13    4.23175e-06
-3.47805e-06    -2.06182e-06    6.02568e-07    -2.56961e-13    1.48355e-13    4.18748e-06
-3.40656e-06    -2.01944e-06    5.90182e-07    -2.56961e-13    1.48355e-13    4.1014e-06
-3.32273e-06    -1.96974e-06    5.7566e-07    -2.56961e-13    1.48355e-13    4.00049e-06
-3.28315e-06    -1.94628e-06    5.68801e-07    -2.56961e-13    1.48355e-13    3.95282e-06
-3.2393e-06    -1.92028e-06    5.61205e-07    -2.56961e-13    1.48355e-13    3.90003e-06
-3.18579e-06    -1.88856e-06    5.51934e-07    -2.56961e-13    1.48355e-13    3.83561e-06
-3.13358e-06    -1.85761e-06    5.42889e-07    -2.56961e-13    1.48355e-13    3.77275e-06
-3.07786e-06    -1.82458e-06    5.33235e-07    -2.56961e-13    1.48355e-13    3.70566e-06
-3.0498e-06    -1.80794e-06    5.28374e-07    -2.56961e-13    1.48355e-13    3.67188e-06
-3.00446e-06    -1.78107e-06    5.20519e-07    -2.56961e-13    1.48355e-13    3.61729e-06
