444.692    17.1471    45.2449    0    180    -62.8847
444.692    17.1471    45.2449    0    180    -62.8847
444.692    17.1471    45.2449    0    180    -62.8847
444.692    17.1471    45.2449    0    180    -62.8847
444.692    17.1471    45.2449    0    180    -62.8847
444.692    17.1471    45.2449    0    180    -62.8847
444.692    17.1471    45.2449    0    180    -62.8847
444.692    17.1471    45.2449    0    180    -62.8847
444.692    17.1471    45.2449    0    180    -62.8847
444.692    17.1471    45.2449    0    180    -62.8847
444.692    17.1471    45.2449    0    180    -62.8847
444.692    17.1471    45.2449    0    180    -62.8847
444.692    17.1471    45.2449    0    180    -62.8847
444.692    17.1471    45.2449    0    180    -62.8847
444.692    17.1471    45.2449    0    180    -62.8847
444.692    17.1471    45.2449    0    180    -62.8847
444.692    17.1471    45.2449    0    180    -62.8847
444.692    17.1471    45.2449    0    180    -62.8847
444.692    17.1471    45.2449    0    180    -62.8847
444.692    17.1471    45.2449    0    180    -62.8847
444.692    17.1471    45.2449    0    180    -62.8847
444.692    17.1471    45.2449    0    180    -62.8847
444.692    17.1471    45.2449    0    180    -62.8847
444.692    17.1471    45.2449    0    180    -62.8847
444.692    17.1471    45.2449    0    180    -62.8847
444.692    17.1471    45.2449    0    180    -62.8847
444.692    17.1471    45.2449    0    180    -62.8847
444.692    17.1471    45.2449    0    180    -62.8847
444.692    17.1471    45.2449    0    180    -62.8847
444.692    17.1471    45.2449    0    180    -62.8847
444.692    17.1471    45.2449    0    180    -62.8847
444.692    17.1471    45.2449    0    180    -62.8847
444.692    17.1471    45.2449    0    180    -62.8847
444.692    17.1471    45.2449    0    180    -62.8847
444.692    17.1471    45.2449    0    180    -62.8847
444.692    17.1471    45.2449    0    180    -62.8847
444.692    17.1471    45.2449    0    180    -62.8847
444.692    17.1471    45.2449    0    180    -62.8847
444.692    17.1471    45.2449    0    180    -62.8847
444.692    17.1471    45.2449    0    180    -62.8847
444.692    17.1471    45.2449    0    180    -62.8847
444.692    17.1471    45.2449    0    180    -62.8847
444.692    17.1471    45.2449    0    180    -62.8847
444.692    17.1471    45.2449    0    180    -62.8847
444.692    17.1471    45.2449    0    180    -62.8847
444.692    17.1471    45.2449    0    180    -62.8847
444.692    17.1471    45.2449    0    180    -62.8847
444.692    17.1471    45.2449    0    180    -62.8847
444.692    17.1471    45.2449    0    180    -62.8847
444.692    17.1471    45.2449    0    180    -62.8847
444.692    17.1471    45.2449    0    180    -62.8847
444.692    17.1471    45.2449    0    180    -62.8847
444.692    17.1471    45.2449    0    180    -62.8847
444.692    17.1471    45.2449    0    180    -62.8847
444.692    17.1471    45.2449    0    180    -62.8847
444.692    17.1471    45.2449    0    180    -62.8847
445.242    17.4576    45.1507    0    180    -62.8472
445.61    17.6656    45.0876    0    180    -62.8221
445.947    17.8556    45.0299    0    180    -62.7991
446.549    18.1961    44.9266    0    180    -62.758
446.903    18.396    44.8659    0    180    -62.7338
447.36    18.6536    44.7877    0    180    -62.7027
448.346    19.2118    44.6185    0    180    -62.6353
449.17    19.6774    44.4773    0    180    -62.5791
449.947    20.1168    44.344    0    180    -62.526
450.384    20.3639    44.269    0    180    -62.4961
450.965    20.6918    44.1695    0    180    -62.4565
451.449    20.9652    44.0865    0    180    -62.4235
452.133    21.3515    43.9693    0    180    -62.3768
452.674    21.657    43.8766    0    180    -62.3399
453.285    22.0019    43.772    0    180    -62.2982
453.815    22.3015    43.681    0    180    -62.262
454.093    22.4585    43.6334    0    180    -62.243
454.566    22.7249    43.5525    0    180    -62.2108
455.27    23.1232    43.4316    0    180    -62.1627
455.96    23.5126    43.3135    0    180    -62.1157
456.539    23.8394    43.2143    0    180    -62.0762
456.906    24.0464    43.1514    0    180    -62.0511
457.472    24.3664    43.0543    0    180    -62.0125
457.986    24.6562    42.9663    0    180    -61.9774
458.365    24.8702    42.9013    0    180    -61.9516
458.884    25.1628    42.8125    0    180    -61.9162
459.174    25.3265    42.7628    0    180    -61.8964
459.574    25.5522    42.6942    0    180    -61.8691
460.149    25.8768    42.5957    0    180    -61.8299
460.692    26.1831    42.5027    0    180    -61.7929
461.027    26.3724    42.4453    0    180    -61.77
461.319    26.5366    42.3954    0    180    -61.7501
461.863    26.8437    42.3021    0    180    -61.713
462.191    27.0285    42.246    0    180    -61.6906
462.639    27.2813    42.1692    0    180    -61.6601
463.178    27.5854    42.0769    0    180    -61.6233
463.573    27.8084    42.0092    0    180    -61.5963
464.055    28.0802    41.9267    0    180    -61.5635
464.53    28.3481    41.8453    0    180    -61.5311
464.853    28.5302    41.79    0    180    -61.5091
465.333    28.8009    41.7078    0    180    -61.4763
465.632    28.9695    41.6565    0    180    -61.4559
466.059    29.2107    41.5833    0    180    -61.4268
466.437    29.4238    41.5186    0    180    -61.401
466.879    29.6726    41.443    0    180    -61.3709
467.182    29.8434    41.3911    0    180    -61.3502
467.401    29.9667    41.3536    0    180    -61.3353
467.832    30.2103    41.2797    0    180    -61.3059
468.246    30.4437    41.2088    0    180    -61.2776
468.467    30.5681    41.171    0    180    -61.2626
468.857    30.7877    41.1043    0    180    -61.236
469.173    30.9659    41.0501    0    180    -61.2145
469.427    31.1092    41.0066    0    180    -61.1971
469.728    31.2786    40.9551    0    180    -61.1766
469.935    31.3954    40.9196    0    180    -61.1625
470.27    31.5838    40.8624    0    180    -61.1397
470.477    31.7007    40.8269    0    180    -61.1256
470.718    31.8362    40.7857    0    180    -61.1092
470.9    31.939    40.7544    0    180    -61.0967
471.071    32.0354    40.7252    0    180    -61.0851
471.262    32.1425    40.6926    0    180    -61.0721
471.516    32.2856    40.6491    0    180    -61.0548
471.733    32.4083    40.6118    0    180    -61.04
471.892    32.4974    40.5848    0    180    -61.0292
472.215    32.6797    40.5294    0    180    -61.0071
472.353    32.7574    40.5058    0    180    -60.9977
472.495    32.8374    40.4814    0    180    -60.988
472.717    32.9622    40.4435    0    180    -60.9729
472.991    33.1164    40.3967    0    180    -60.9543
473.306    33.2943    40.3426    0    180    -60.9328
473.605    33.4625    40.2915    0    180    -60.9124
473.847    33.5989    40.2501    0    180    -60.8959
474.026    33.6996    40.2194    0    180    -60.8837
474.273    33.8387    40.1772    0    180    -60.8669
474.442    33.9341    40.1482    0    180    -60.8553
474.596    34.0208    40.1218    0    180    -60.8448
474.736    34.0996    40.0979    0    180    -60.8353
474.94    34.2141    40.0631    0    180    -60.8214
475.078    34.2921    40.0394    0    180    -60.812
475.198    34.3598    40.0188    0    180    -60.8038
475.42    34.4846    39.9809    0    180    -60.7887
475.533    34.5479    39.9616    0    180    -60.7811
475.759    34.6752    39.9229    0    180    -60.7656
475.874    34.7401    39.9032    0    180    -60.7578
476.119    34.8782    39.8612    0    180    -60.7411
476.216    34.9328    39.8446    0    180    -60.7345
476.454    35.0667    39.8039    0    180    -60.7183
476.545    35.1177    39.7884    0    180    -60.7121
476.708    35.2096    39.7605    0    180    -60.701
476.816    35.2704    39.742    0    180    -60.6936
476.932    35.336    39.7221    0    180    -60.6857
477.131    35.4479    39.6881    0    180    -60.6721
477.317    35.5524    39.6563    0    180    -60.6595
477.487    35.6485    39.6271    0    180    -60.6479
477.699    35.7679    39.5908    0    180    -60.6334
477.861    35.8589    39.5631    0    180    -60.6224
478.036    35.9576    39.5331    0    180    -60.6104
478.119    36.0039    39.5191    0    180    -60.6048
478.206    36.053    39.5041    0    180    -60.5989
478.344    36.1304    39.4806    0    180    -60.5895
478.421    36.1742    39.4673    0    180    -60.5842
478.497    36.2168    39.4543    0    180    -60.5791
478.59    36.2689    39.4385    0    180    -60.5728
478.713    36.3386    39.4173    0    180    -60.5643
478.88    36.4324    39.3888    0    180    -60.553
479.013    36.5073    39.366    0    180    -60.5439
479.166    36.5934    39.3399    0    180    -60.5335
479.233    36.6312    39.3284    0    180    -60.5289
479.313    36.6758    39.3148    0    180    -60.5235
479.488    36.7747    39.2847    0    180    -60.5115
479.57    36.8206    39.2708    0    180    -60.506
479.727    36.909    39.2439    0    180    -60.4953
479.797    36.9486    39.2319    0    180    -60.4905
479.961    37.0408    39.2038    0    180    -60.4793
480.022    37.075    39.1934    0    180    -60.4752
480.168    37.1572    39.1685    0    180    -60.4652
480.229    37.1913    39.1581    0    180    -60.4611
480.282    37.2213    39.149    0    180    -60.4575
480.427    37.3031    39.1241    0    180    -60.4476
480.537    37.3649    39.1053    0    180    -60.4401
480.605    37.4031    39.0937    0    180    -60.4355
480.671    37.44    39.0825    0    180    -60.431
480.757    37.4887    39.0677    0    180    -60.4251
480.891    37.5642    39.0447    0    180    -60.416
481.014    37.6333    39.0237    0    180    -60.4076
481.093    37.6776    39.0102    0    180    -60.4022
481.188    37.7312    38.994    0    180    -60.3958
481.284    37.7851    38.9776    0    180    -60.3892
481.367    37.8321    38.9633    0    180    -60.3836
481.469    37.8895    38.9458    0    180    -60.3766
481.521    37.9185    38.937    0    180    -60.3731
481.607    37.967    38.9223    0    180    -60.3672
481.711    38.0253    38.9045    0    180    -60.3602
481.776    38.0621    38.8934    0    180    -60.3557
481.895    38.1287    38.8731    0    180    -60.3476
481.979    38.176    38.8587    0    180    -60.3419
482.084    38.2352    38.8407    0    180    -60.3348
482.178    38.2879    38.8247    0    180    -60.3284
482.261    38.3347    38.8105    0    180    -60.3227
482.3    38.3569    38.8037    0    180    -60.32
482.39    38.4075    38.7883    0    180    -60.3139
482.484    38.4601    38.7724    0    180    -60.3075
482.581    38.5151    38.7556    0    180    -60.3009
482.674    38.5671    38.7398    0    180    -60.2946
482.761    38.6164    38.7248    0    180    -60.2886
482.857    38.67    38.7085    0    180    -60.2821
482.935    38.7142    38.6951    0    180    -60.2768
483.022    38.763    38.6802    0    180    -60.2709
483.112    38.8134    38.6649    0    180    -60.2647
483.181    38.8523    38.6531    0    180    -60.26
483.239    38.8852    38.6431    0    180    -60.2561
483.278    38.9069    38.6365    0    180    -60.2534
483.353    38.9493    38.6236    0    180    -60.2483
483.43    38.9927    38.6104    0    180    -60.243
483.47    39.015    38.6036    0    180    -60.2403
483.532    39.0498    38.593    0    180    -60.2361
483.572    39.0723    38.5862    0    180    -60.2334
483.631    39.1056    38.5761    0    180    -60.2294
483.669    39.1269    38.5696    0    180    -60.2268
483.73    39.1613    38.5591    0    180    -60.2226
483.771    39.1844    38.5521    0    180    -60.2198
483.813    39.2076    38.5451    0    180    -60.217
483.848    39.2278    38.5389    0    180    -60.2146
483.877    39.2436    38.5341    0    180    -60.2127
483.931    39.274    38.5249    0    180    -60.209
483.965    39.2933    38.519    0    180    -60.2067
484.018    39.3233    38.5099    0    180    -60.203
484.064    39.3492    38.502    0    180    -60.1999
484.13    39.3862    38.4908    0    180    -60.1954
484.165    39.4056    38.4848    0    180    -60.1931
484.21    39.4311    38.4771    0    180    -60.19
484.262    39.4603    38.4682    0    180    -60.1864
484.288    39.4749    38.4638    0    180    -60.1847
484.328    39.4976    38.4569    0    180    -60.1819
484.373    39.5227    38.4492    0    180    -60.1789
484.43    39.5552    38.4394    0    180    -60.1749
484.468    39.5762    38.433    0    180    -60.1724
484.5    39.5945    38.4274    0    180    -60.1702
484.552    39.6234    38.4186    0    180    -60.1667
484.587    39.6431    38.4126    0    180    -60.1643
484.606    39.6538    38.4094    0    180    -60.163
484.637    39.6712    38.4041    0    180    -60.1609
484.677    39.6936    38.3973    0    180    -60.1582
484.724    39.7201    38.3892    0    180    -60.155
484.75    39.7346    38.3848    0    180    -60.1532
484.79    39.7573    38.3779    0    180    -60.1505
484.823    39.776    38.3722    0    180    -60.1482
484.856    39.7945    38.3666    0    180    -60.146
484.883    39.8094    38.3621    0    180    -60.1442
484.922    39.8314    38.3554    0    180    -60.1415
484.944    39.8437    38.3516    0    180    -60.14
484.979    39.8636    38.3456    0    180    -60.1376
484.996    39.8732    38.3427    0    180    -60.1364
485.024    39.889    38.3379    0    180    -60.1345
485.06    39.9093    38.3317    0    180    -60.1321
485.095    39.9289    38.3257    0    180    -60.1297
485.128    39.9475    38.3201    0    180    -60.1274
485.153    39.9612    38.3159    0    180    -60.1258
485.172    39.9722    38.3126    0    180    -60.1245
485.203    39.9896    38.3073    0    180    -60.1223
485.234    40.007    38.302    0    180    -60.1202
485.267    40.0257    38.2963    0    180    -60.118
485.289    40.0381    38.2925    0    180    -60.1165
485.322    40.0563    38.287    0    180    -60.1143
485.34    40.0666    38.2839    0    180    -60.113
485.376    40.0868    38.2777    0    180    -60.1106
485.405    40.1033    38.2727    0    180    -60.1086
485.433    40.1191    38.2679    0    180    -60.1067
485.452    40.1294    38.2648    0    180    -60.1054
485.476    40.1431    38.2606    0    180    -60.1038
485.49    40.1509    38.2582    0    180    -60.1028
485.508    40.1609    38.2552    0    180    -60.1016
485.539    40.1785    38.2498    0    180    -60.0995
485.565    40.1934    38.2453    0    180    -60.0977
485.579    40.2008    38.243    0    180    -60.0968
485.592    40.2084    38.2407    0    180    -60.0959
485.611    40.2188    38.2376    0    180    -60.0946
485.634    40.2317    38.2336    0    180    -60.093
485.656    40.2446    38.2297    0    180    -60.0915
485.68    40.258    38.2256    0    180    -60.0898
485.696    40.267    38.2229    0    180    -60.0888
485.722    40.2813    38.2186    0    180    -60.087
485.737    40.29    38.2159    0    180    -60.086
485.753    40.299    38.2132    0    180    -60.0849
485.767    40.3065    38.2109    0    180    -60.084
485.794    40.3222    38.2061    0    180    -60.0821
485.804    40.3275    38.2045    0    180    -60.0814
485.828    40.3411    38.2004    0    180    -60.0798
485.843    40.3496    38.1978    0    180    -60.0788
485.856    40.3565    38.1957    0    180    -60.0779
485.872    40.3658    38.1929    0    180    -60.0768
485.897    40.3798    38.1886    0    180    -60.0751
485.921    40.3932    38.1845    0    180    -60.0735
485.942    40.4049    38.181    0    180    -60.0721
485.961    40.4158    38.1777    0    180    -60.0707
485.971    40.4214    38.176    0    180    -60.0701
485.99    40.4319    38.1728    0    180    -60.0688
486.003    40.4396    38.1704    0    180    -60.0679
486.023    40.4505    38.1671    0    180    -60.0665
486.044    40.4625    38.1635    0    180    -60.0651
486.065    40.4741    38.1599    0    180    -60.0637
486.084    40.485    38.1566    0    180    -60.0624
486.094    40.4906    38.1549    0    180    -60.0617
486.112    40.5006    38.1519    0    180    -60.0605
486.126    40.5087    38.1494    0    180    -60.0595
486.137    40.5147    38.1476    0    180    -60.0588
486.155    40.5251    38.1444    0    180    -60.0575
486.173    40.5353    38.1413    0    180    -60.0563
486.191    40.545    38.1384    0    180    -60.0551
486.203    40.552    38.1363    0    180    -60.0543
486.216    40.5593    38.134    0    180    -60.0534
486.224    40.5638    38.1326    0    180    -60.0528
486.233    40.569    38.1311    0    180    -60.0522
486.249    40.578    38.1283    0    180    -60.0511
486.261    40.5844    38.1264    0    180    -60.0503
486.272    40.5905    38.1245    0    180    -60.0496
486.287    40.5989    38.122    0    180    -60.0486
486.298    40.6051    38.1201    0    180    -60.0478
486.306    40.6099    38.1186    0    180    -60.0472
486.315    40.6151    38.1171    0    180    -60.0466
486.328    40.622    38.1149    0    180    -60.0458
486.34    40.6291    38.1128    0    180    -60.0449
486.347    40.6328    38.1117    0    180    -60.0445
486.358    40.639    38.1098    0    180    -60.0437
486.368    40.6445    38.1081    0    180    -60.043
486.381    40.6517    38.1059    0    180    -60.0422
486.392    40.6582    38.1039    0    180    -60.0414
486.399    40.6618    38.1028    0    180    -60.0409
486.405    40.6656    38.1017    0    180    -60.0405
486.414    40.6707    38.1001    0    180    -60.0399
486.42    40.6739    38.0992    0    180    -60.0395
486.426    40.6771    38.0982    0    180    -60.0391
486.433    40.6814    38.0969    0    180    -60.0386
486.44    40.6854    38.0957    0    180    -60.0381
486.453    40.6923    38.0936    0    180    -60.0373
486.464    40.6989    38.0916    0    180    -60.0365
486.474    40.704    38.09    0    180    -60.0358
486.484    40.7101    38.0882    0    180    -60.0351
486.495    40.7159    38.0864    0    180    -60.0344
486.502    40.7202    38.0851    0    180    -60.0339
486.509    40.7238    38.084    0    180    -60.0334
486.515    40.7276    38.0828    0    180    -60.033
486.524    40.7324    38.0814    0    180    -60.0324
486.532    40.7369    38.08    0    180    -60.0319
486.538    40.74    38.0791    0    180    -60.0315
486.542    40.7427    38.0783    0    180    -60.0312
486.546    40.7449    38.0776    0    180    -60.0309
486.551    40.7473    38.0768    0    180    -60.0306
486.558    40.7518    38.0755    0    180    -60.0301
486.564    40.7551    38.0745    0    180    -60.0297
486.57    40.758    38.0736    0    180    -60.0293
486.575    40.7611    38.0726    0    180    -60.0289
486.579    40.7633    38.072    0    180    -60.0287
486.585    40.7667    38.071    0    180    -60.0283
486.594    40.7718    38.0694    0    180    -60.0276
486.601    40.7756    38.0683    0    180    -60.0272
486.606    40.7782    38.0675    0    180    -60.0269
486.612    40.7821    38.0663    0    180    -60.0264
486.62    40.7863    38.065    0    180    -60.0259
486.626    40.7896    38.064    0    180    -60.0255
486.63    40.7917    38.0633    0    180    -60.0252
486.637    40.7961    38.062    0    180    -60.0247
486.644    40.7996    38.0609    0    180    -60.0243
486.649    40.8027    38.06    0    180    -60.0239
486.653    40.8049    38.0593    0    180    -60.0236
486.659    40.808    38.0584    0    180    -60.0232
486.663    40.8107    38.0576    0    180    -60.0229
486.67    40.8146    38.0564    0    180    -60.0225
486.675    40.8171    38.0556    0    180    -60.0221
486.678    40.8192    38.055    0    180    -60.0219
486.683    40.8215    38.0543    0    180    -60.0216
486.688    40.8249    38.0533    0    180    -60.0212
486.694    40.8279    38.0523    0    180    -60.0208
486.701    40.8318    38.0511    0    180    -60.0204
486.705    40.834    38.0505    0    180    -60.0201
486.711    40.8375    38.0494    0    180    -60.0197
486.714    40.8391    38.0489    0    180    -60.0195
486.718    40.8414    38.0482    0    180    -60.0192
486.72    40.8426    38.0479    0    180    -60.0191
486.726    40.8457    38.0469    0    180    -60.0187
486.731    40.8487    38.046    0    180    -60.0183
486.734    40.8505    38.0455    0    180    -60.0181
486.737    40.852    38.045    0    180    -60.0179
486.742    40.855    38.0441    0    180    -60.0176
486.747    40.8577    38.0433    0    180    -60.0172
486.749    40.859    38.0429    0    180    -60.0171
486.753    40.861    38.0423    0    180    -60.0168
486.758    40.8641    38.0413    0    180    -60.0165
486.763    40.8667    38.0406    0    180    -60.0161
486.765    40.8681    38.0401    0    180    -60.016
486.769    40.8701    38.0395    0    180    -60.0157
486.774    40.8728    38.0387    0    180    -60.0154
486.776    40.874    38.0383    0    180    -60.0153
486.778    40.8751    38.038    0    180    -60.0151
486.781    40.8768    38.0375    0    180    -60.0149
486.784    40.8784    38.037    0    180    -60.0147
486.787    40.8805    38.0363    0    180    -60.0145
486.792    40.8829    38.0356    0    180    -60.0142
486.794    40.884    38.0353    0    180    -60.014
486.796    40.885    38.035    0    180    -60.0139
486.797    40.886    38.0347    0    180    -60.0138
486.8    40.8877    38.0342    0    180    -60.0136
486.804    40.8899    38.0335    0    180    -60.0133
486.808    40.8919    38.0329    0    180    -60.0131
486.81    40.8935    38.0324    0    180    -60.0129
486.812    40.8945    38.0321    0    180    -60.0128
486.815    40.8962    38.0316    0    180    -60.0126
486.818    40.8979    38.031    0    180    -60.0124
486.821    40.8996    38.0305    0    180    -60.0122
486.824    40.9012    38.03    0    180    -60.012
486.827    40.9025    38.0296    0    180    -60.0118
486.829    40.9037    38.0293    0    180    -60.0117
486.832    40.9058    38.0287    0    180    -60.0114
486.835    40.9072    38.0282    0    180    -60.0112
486.837    40.9082    38.0279    0    180    -60.0111
486.839    40.9097    38.0275    0    180    -60.0109
486.842    40.9111    38.027    0    180    -60.0108
486.845    40.9126    38.0266    0    180    -60.0106
486.847    40.9141    38.0261    0    180    -60.0104
486.849    40.9151    38.0258    0    180    -60.0103
486.852    40.9168    38.0253    0    180    -60.0101
486.853    40.9175    38.0251    0    180    -60.01
486.855    40.9183    38.0248    0    180    -60.0099
486.858    40.9201    38.0243    0    180    -60.0097
486.859    40.9209    38.0241    0    180    -60.0096
486.861    40.9221    38.0237    0    180    -60.0094
486.863    40.923    38.0234    0    180    -60.0093
486.866    40.9245    38.023    0    180    -60.0091
486.867    40.9255    38.0227    0    180    -60.009
486.869    40.9264    38.0224    0    180    -60.0089
486.872    40.928    38.0219    0    180    -60.0087
486.874    40.9289    38.0216    0    180    -60.0086
486.876    40.9303    38.0212    0    180    -60.0084
486.878    40.9316    38.0208    0    180    -60.0083
486.879    40.9321    38.0206    0    180    -60.0082
486.881    40.9329    38.0204    0    180    -60.0081
486.883    40.9342    38.02    0    180    -60.008
486.885    40.9354    38.0197    0    180    -60.0078
486.887    40.9367    38.0193    0    180    -60.0077
486.889    40.9375    38.019    0    180    -60.0076
486.89    40.9382    38.0188    0    180    -60.0075
486.891    40.9388    38.0186    0    180    -60.0074
486.893    40.9399    38.0183    0    180    -60.0073
486.894    40.9404    38.0181    0    180    -60.0072
486.896    40.9415    38.0178    0    180    -60.0071
486.898    40.9427    38.0174    0    180    -60.0069
486.9    40.9437    38.0171    0    180    -60.0068
486.901    40.9443    38.0169    0    180    -60.0067
486.902    40.9451    38.0167    0    180    -60.0066
486.904    40.9458    38.0165    0    180    -60.0066
486.905    40.9466    38.0162    0    180    -60.0065
486.906    40.9472    38.0161    0    180    -60.0064
486.907    40.9479    38.0158    0    180    -60.0063
486.909    40.9487    38.0156    0    180    -60.0062
486.91    40.9492    38.0154    0    180    -60.0061
486.911    40.9501    38.0152    0    180    -60.006
486.912    40.9505    38.0151    0    180    -60.006
486.913    40.9511    38.0149    0    180    -60.0059
486.914    40.9518    38.0147    0    180    -60.0058
486.915    40.9524    38.0145    0    180    -60.0058
486.917    40.9533    38.0142    0    180    -60.0057
486.918    40.9538    38.014    0    180    -60.0056
486.919    40.9546    38.0138    0    180    -60.0055
486.921    40.9554    38.0136    0    180    -60.0054
486.922    40.9563    38.0133    0    180    -60.0053
486.922    40.9563    38.0133    0    180    -60.0053
486.922    40.9563    38.0133    0    180    -60.0053
486.922    40.9563    38.0133    0    180    -60.0053
486.922    40.9563    38.0133    0    180    -60.0053
486.922    40.9563    38.0133    0    180    -60.0053
486.922    40.9563    38.0133    0    180    -60.0053
486.922    40.9563    38.0133    0    180    -60.0053
486.922    40.9563    38.0133    0    180    -60.0053
486.922    40.9563    38.0133    0    180    -60.0053
486.922    40.9563    38.0133    0    180    -60.0053
486.922    40.9563    38.0133    0    180    -60.0053
486.922    40.9563    38.0133    0    180    -60.0053
486.922    40.9563    38.0133    0    180    -60.0053
486.922    40.9563    38.0133    0    180    -60.0053
486.922    40.9563    38.0133    0    180    -60.0053
486.922    40.9563    38.0133    0    180    -60.0053
486.922    40.9563    38.0133    0    180    -60.0053
486.922    40.9563    38.0133    0    180    -60.0053
486.922    40.9563    38.0133    0    180    -60.0053
486.922    40.9563    38.0133    0    180    -60.0053
486.922    40.9563    38.0133    0    180    -60.0053
486.922    40.9563    38.0133    0    180    -60.0053
486.922    40.9563    38.0133    0    180    -60.0053
486.922    40.9563    38.0133    0    180    -60.0053
486.922    40.9563    38.0133    0    180    -60.0053
486.922    40.9563    38.0133    0    180    -60.0053
486.922    40.9563    38.0133    0    180    -60.0053
486.922    40.9563    38.0133    0    180    -60.0053
486.922    40.9563    38.0133    0    180    -60.0053
486.922    40.9563    38.0133    0    180    -60.0053
486.922    40.9563    38.0133    0    180    -60.0053
486.922    40.9563    38.0133    0    180    -60.0053
486.922    40.9563    38.0133    0    180    -60.0053
486.922    40.9563    38.0133    0    180    -60.0053
486.922    40.9563    38.0133    0    180    -60.0053
486.922    40.9563    38.0133    0    180    -60.0053
486.922    40.9563    38.0133    0    180    -60.0053
486.922    40.9563    38.0133    0    180    -60.0053
486.922    40.9563    38.0133    0    180    -60.0053
486.922    40.9563    38.0133    0    180    -60.0053
486.922    40.9563    38.0133    0    180    -60.0053
486.922    40.9563    38.0133    0    180    -60.0053
486.922    40.9563    38.0133    0    180    -60.0053
486.922    40.9563    38.0133    0    180    -60.0053
486.922    40.9563    38.0133    0    180    -60.0053
486.922    40.9563    38.0133    0    180    -60.0053
486.922    40.9563    38.0133    0    180    -60.0053
486.922    40.9563    38.0133    0    180    -60.0053
486.922    40.9563    38.0133    0    180    -60.0053
486.922    40.9563    38.0133    0    180    -60.0053
486.922    40.9563    38.0133    0    180    -60.0053
486.922    40.9563    38.0133    0    180    -60.0053
486.922    40.9563    38.0133    0    180    -60.0053
486.922    40.9563    38.0133    0    180    -60.0053
486.922    40.9563    38.0133    0    180    -60.0053
486.922    40.9563    38.0133    0    180    -60.0053
486.922    40.9563    38.0133    0    180    -60.0053
486.922    40.9563    38.0133    0    180    -60.0053
486.922    40.9563    38.0133    0    180    -60.0053
486.922    40.9563    38.0133    0    180    -60.0053
486.922    40.9563    38.0133    0    180    -60.0053
486.922    40.9563    38.0133    0    180    -60.0053
486.922    40.9563    38.0133    0    180    -60.0053
486.922    40.9563    38.0133    0    180    -60.0053
486.922    40.9563    38.0133    0    180    -60.0053
486.922    40.9563    38.0133    0    180    -60.0053
486.922    40.9563    38.0133    0    180    -60.0053
486.922    40.9563    38.0133    0    180    -60.0053
486.922    40.9563    38.0133    0    180    -60.0053
486.922    40.9563    38.0133    0    180    -60.0053
486.922    40.9563    38.0133    0    180    -60.0053
486.922    40.9563    38.0133    0    180    -60.0053
486.922    40.9563    38.0133    0    180    -60.0053
486.922    40.9563    38.0133    0    180    -60.0053
486.922    40.9563    38.0133    0    180    -60.0053
486.922    40.9563    38.0133    0    180    -60.0053
486.922    40.9563    38.0133    0    180    -60.0053
486.922    40.9563    38.0133    0    180    -60.0053
486.922    40.9563    38.0133    0    180    -60.0053
486.922    40.9563    38.0133    0    180    -60.0053
486.922    40.9563    38.0133    0    180    -60.0053
486.922    40.9563    38.0133    0    180    -60.0053
486.922    40.9563    38.0133    0    180    -60.0053
486.922    40.9563    38.0133    0    180    -60.0053
