0    0    0    0    0    0
0    0    0    0    0    0
0    0    0    0    0    0
0    0    0    0    0    0
0    0    0    0    0    0
0    0    0    0    0    0
0    0    0    0    0    0
0    0    0    0    0    0
0    0    0    0    0    0
0    0    0    0    0    0
0    0    0    0    0    0
0    0    0    0    0    0
0    0    0    0    0    0
0    0    0    0    0    0
0    0    0    0    0    0
0    0    0    0    0    0
0    0    0    0    0    0
0    0    0    0    0    0
0    0    0    0    0    0
0    0    0    0    0    0
0    0    0    0    0    0
0    0    0    0    0    0
0    0    0    0    0    0
0    0    0    0    0    0
0    0    0    0    0    0
0    0    0    0    0    0
0    0    0    0    0    0
0    0    0    0    0    0
0    0    0    0    0    0
0    0    0    0    0    0
0    0    0    0    0    0
0    0    0    0    0    0
0    0    0    0    0    0
0    0    0    0    0    0
0    0    0    0    0    0
0    0    0    0    0    0
0    0    0    0    0    0
0    0    0    0    0    0
0    0    0    0    0    0
0    0    0    0    0    0
0    0    0    0    0    0
0    0    0    0    0    0
0    0    0    0    0    0
0    0    0    0    0    0
0    0    0    0    0    0
0    0    0    0    0    0
0    0    0    0    0    0
0    0    0    0    0    0
0    0    0    0    0    0
0    0    0    0    0    0
0    0    0    0    0    0
0    0    0    0    0    0
0    0    0    0    0    0
0    0    0    0    0    0
0    0    0    0    0    0
0    0    0    0    0    0
0    0    0    0    0    0
0    0    0    0    0    0
0    0    0    0    0    0
0    0    0    0    0    0
0    0    0    0    0    0
0    0    0    0    0    0
0    0    0    0    0    0
0    0    0    0    0    0
0    0    0    0    0    0
0    0    0    0    0    0
0    0    0    0    0    0
0    0    0    0    0    0
0    0    0    0    0    0
0    0    0    0    0    0
0    0    0    0    0    0
0    0    0    0    0    0
0    0    0    0    0    0
-0.0202572    -0.0133931    0.00362244    -2.6064e-13    1.41826e-13    0.0251738
-0.0199575    -0.0131733    0.00356704    -2.60585e-13    1.41933e-13    0.0247888
-0.0196616    -0.012957    0.0035124    -2.60531e-13    1.42051e-13    0.024409
-0.0193695    -0.0127442    0.00345851    -2.60476e-13    1.42127e-13    0.0240346
-0.0190823    -0.0125355    0.0034056    -2.60424e-13    1.42247e-13    0.0236668
-0.0187992    -0.0123305    0.00335347    -2.60371e-13    1.42315e-13    0.0233046
-0.0185199    -0.0121288    0.00330211    -2.6032e-13    1.42437e-13    0.0229476
-0.0182447    -0.0119306    0.00325155    -2.60269e-13    1.42502e-13    0.0225963
-0.0179736    -0.011736    0.00320179    -2.60219e-13    1.42598e-13    0.0222505
-0.0177066    -0.0115449    0.00315284    -2.6017e-13    1.42697e-13    0.0219104
-0.0174433    -0.0113569    0.0031046    -2.60122e-13    1.42788e-13    0.0215751
-0.0171841    -0.0111723    0.00305715    -2.60074e-13    1.42876e-13    0.0212453
-0.0169283    -0.0109907    0.00301038    -2.60027e-13    1.42939e-13    0.0209203
-0.0166761    -0.0108121    0.0029643    -2.5998e-13    1.43023e-13    0.0206001
-0.0164279    -0.0106368    0.00291899    -2.59935e-13    1.43127e-13    0.0202852
-0.016183    -0.0104643    0.00287432    -2.5989e-13    1.43184e-13    0.0199748
-0.01594    -0.0102935    0.00283003    -2.59845e-13    1.43283e-13    0.019667
-0.0157025    -0.0101271    0.0027868    -2.59802e-13    1.43361e-13    0.0193666
-0.0154676    -0.00996284    0.00274405    -2.59759e-13    1.43438e-13    0.0190695
-0.0152366    -0.00980176    0.00270206    -2.59716e-13    1.43515e-13    0.0187777
-0.0150093    -0.00964363    0.00266077    -2.59674e-13    1.4357e-13    0.0184908
-0.0147441    -0.00945961    0.00261262    -2.59626e-13    1.43658e-13    0.0181562
-0.0145235    -0.00930692    0.00257262    -2.59586e-13    1.43731e-13    0.0178781
-0.0143064    -0.00915702    0.00253328    -2.59546e-13    1.43816e-13    0.0176048
-0.0140917    -0.00900909    0.0024944    -2.59507e-13    1.43888e-13    0.0173345
-0.0138806    -0.008864    0.0024562    -2.59468e-13    1.43943e-13    0.0170691
-0.0136723    -0.00872114    0.00241854    -2.5943e-13    1.44019e-13    0.0168074
-0.0134677    -0.00858109    0.00238156    -2.59393e-13    1.44075e-13    0.0165504
-0.0132661    -0.00844337    0.00234515    -2.59356e-13    1.44154e-13    0.0162974
-0.0130669    -0.00830765    0.00230921    -2.59319e-13    1.44207e-13    0.0160476
-0.0128709    -0.00817432    0.00227386    -2.59284e-13    1.44275e-13    0.0158019
-0.0126779    -0.00804335    0.00223908    -2.59249e-13    1.44348e-13    0.0155602
-0.0124879    -0.00791464    0.00220485    -2.59214e-13    1.44407e-13    0.0153224
-0.0123007    -0.00778811    0.00217116    -2.5918e-13    1.44469e-13    0.0150882
-0.012116    -0.00766349    0.00213793    -2.59146e-13    1.44516e-13    0.0148573
-0.0119343    -0.00754113    0.00210526    -2.59113e-13    1.44588e-13    0.0146303
-0.0117551    -0.00742067    0.00207305    -2.5908e-13    1.44643e-13    0.0144065
-0.0115779    -0.00730186    0.00204125    -2.59048e-13    1.44691e-13    0.0141854
-0.0114038    -0.00718524    0.00200999    -2.59016e-13    1.44748e-13    0.0139682
-0.0112324    -0.00707068    0.00197924    -2.58985e-13    1.44813e-13    0.0137545
-0.0110634    -0.00695798    0.00194896    -2.58954e-13    1.44859e-13    0.0135441
-0.010897    -0.00684712    0.00191913    -2.58924e-13    1.44916e-13    0.0133368
-0.0107332    -0.00673827    0.00188981    -2.58894e-13    1.44973e-13    0.0131331
-0.0105713    -0.00663077    0.00186082    -2.58865e-13    1.45026e-13    0.0129316
-0.0104123    -0.00652545    0.00183239    -2.58836e-13    1.45075e-13    0.012734
-0.0102557    -0.00642189    0.00180439    -2.58808e-13    1.45127e-13    0.0125394
-0.0101009    -0.00631964    0.00177672    -2.58779e-13    1.45169e-13    0.0123471
-0.00994851    -0.00621918    0.0017495    -2.58752e-13    1.45223e-13    0.012158
-0.00979878    -0.00612063    0.00172277    -2.58725e-13    1.45274e-13    0.0119722
-0.00965066    -0.00602329    0.00169634    -2.58698e-13    1.45322e-13    0.0117885
-0.009505    -0.00592771    0.00167036    -2.58671e-13    1.45361e-13    0.011608
-0.00936161    -0.00583376    0.00164479    -2.58645e-13    1.45408e-13    0.0114303
-0.00922018    -0.00574124    0.00161959    -2.5862e-13    1.45459e-13    0.0112552
-0.00908109    -0.00565039    0.00159481    -2.58594e-13    1.45496e-13    0.011083
-0.00894412    -0.00556105    0.00157043    -2.5857e-13    1.45542e-13    0.0109135
-0.00880878    -0.0054729    0.00154634    -2.58545e-13    1.45591e-13    0.0107461
-0.00867543    -0.00538617    0.00152262    -2.58521e-13    1.4563e-13    0.0105813
-0.00854187    -0.00529943    0.00149887    -2.58497e-13    1.45675e-13    0.0104162
-0.00841288    -0.00521577    0.00147594    -2.58474e-13    1.45715e-13    0.0102569
-0.00828568    -0.00513338    0.00145334    -2.5845e-13    1.45751e-13    0.0100998
-0.00814669    -0.0050435    0.00142866    -2.58425e-13    1.45802e-13    0.00992829
-0.0080237    -0.00496406    0.00140682    -2.58403e-13    1.4584e-13    0.00977655
-0.00790238    -0.0048858    0.00138529    -2.58381e-13    1.45877e-13    0.00962694
-0.00776978    -0.0048004    0.00136177    -2.58357e-13    1.45917e-13    0.00946348
-0.00765237    -0.00472486    0.00134095    -2.58336e-13    1.45957e-13    0.00931881
-0.00753645    -0.00465038    0.00132041    -2.58315e-13    1.45992e-13    0.00917602
-0.00742208    -0.00457698    0.00130014    -2.58294e-13    1.4603e-13    0.00903518
-0.00730969    -0.00450494    0.00128023    -2.58274e-13    1.46062e-13    0.00889684
-0.0071841    -0.00442456    0.001258    -2.58251e-13    1.46106e-13    0.00874231
-0.00707519    -0.00435493    0.00123872    -2.58232e-13    1.4614e-13    0.00860835
-0.00696799    -0.00428646    0.00121975    -2.58212e-13    1.46175e-13    0.00847653
-0.00686204    -0.00421887    0.00120101    -2.58193e-13    1.46207e-13    0.0083463
-0.00675801    -0.00415259    0.00118262    -2.58174e-13    1.46242e-13    0.00821847
-0.00665579    -0.00408753    0.00116455    -2.58156e-13    1.46274e-13    0.00809291
-0.00655466    -0.00402323    0.00114668    -2.58138e-13    1.46305e-13    0.00796872
-0.0064552    -0.00396005    0.00112911    -2.5812e-13    1.46338e-13    0.00784662
-0.00635717    -0.00389785    0.0011118    -2.58102e-13    1.46368e-13    0.00772631
-0.0062606    -0.00383665    0.00109475    -2.58085e-13    1.46398e-13    0.00760783
-0.0061655    -0.00377643    0.00107796    -2.58067e-13    1.46425e-13    0.00749119
-0.00607204    -0.00371731    0.00106147    -2.58051e-13    1.46459e-13    0.00737659
-0.00597938    -0.00365876    0.00104513    -2.58034e-13    1.46488e-13    0.00726301
-0.00588871    -0.00360152    0.00102914    -2.58017e-13    1.46517e-13    0.00715189
-0.00579946    -0.00354523    0.00101341    -2.58001e-13    1.46542e-13    0.00704255
-0.00571137    -0.00348972    0.000997879    -2.57986e-13    1.46571e-13    0.00693465
-0.00562478    -0.00343521    0.000982623    -2.5797e-13    1.46598e-13    0.00682863
-0.00553933    -0.00338147    0.000967571    -2.57955e-13    1.46627e-13    0.00672403
-0.00545514    -0.00332857    0.000952744    -2.57939e-13    1.46653e-13    0.006621
-0.00537219    -0.00327649    0.00093814    -2.57924e-13    1.46677e-13    0.00651951
-0.00529064    -0.00322534    0.000923786    -2.5791e-13    1.46704e-13    0.00641975
-0.00521021    -0.00317493    0.000909633    -2.57895e-13    1.46729e-13    0.0063214
-0.00513111    -0.00312539    0.000895715    -2.57881e-13    1.46756e-13    0.00622468
-0.00505324    -0.00307668    0.00088202    -2.57867e-13    1.46779e-13    0.0061295
-0.00497629    -0.00302857    0.000868489    -2.57853e-13    1.46804e-13    0.00603547
-0.00490061    -0.00298129    0.000855183    -2.5784e-13    1.46828e-13    0.005943
-0.00482617    -0.00293483    0.0008421    -2.57826e-13    1.46851e-13    0.00585208
-0.00475263    -0.00288897    0.000829176    -2.57813e-13    1.46873e-13    0.00576227
-0.00468012    -0.00284378    0.000816437    -2.578e-13    1.46896e-13    0.00567374
-0.00460905    -0.00279953    0.000803955    -2.57787e-13    1.46918e-13    0.005587
-0.00453889    -0.00275587    0.000791633    -2.57774e-13    1.46939e-13    0.00550137
-0.00446994    -0.002713    0.000779527    -2.57762e-13    1.46962e-13    0.00541724
-0.00440206    -0.00267083    0.000767612    -2.5775e-13    1.46985e-13    0.00533444
-0.00433503    -0.00262921    0.000755847    -2.57738e-13    1.47005e-13    0.00525268
-0.00426924    -0.00258839    0.000744303    -2.57726e-13    1.47026e-13    0.00517245
-0.00420437    -0.00254817    0.000732924    -2.57714e-13    1.47046e-13    0.00509337
-0.00414034    -0.0025085    0.000721692    -2.57703e-13    1.47066e-13    0.00501532
-0.00407744    -0.00246955    0.000710661    -2.57691e-13    1.47086e-13    0.00493866
-0.00401539    -0.00243116    0.000699782    -2.5768e-13    1.47105e-13    0.00486306
-0.00395417    -0.00239331    0.000689051    -2.57669e-13    1.47124e-13    0.00478849
-0.00389401    -0.00235613    0.000678507    -2.57658e-13    1.47144e-13    0.00471521
-0.00383472    -0.00231952    0.000668117    -2.57648e-13    1.47161e-13    0.00464301
-0.00377626    -0.00228343    0.000657874    -2.57637e-13    1.4718e-13    0.00457182
-0.00371881    -0.002248    0.000647811    -2.57627e-13    1.47198e-13    0.00450189
-0.00366228    -0.00221316    0.000637909    -2.57617e-13    1.47216e-13    0.00443308
-0.00360649    -0.00217879    0.000628139    -2.57607e-13    1.47235e-13    0.00436519
-0.00355145    -0.0021449    0.000618503    -2.57597e-13    1.4725e-13    0.00429822
-0.00349742    -0.00211166    0.000609045    -2.57587e-13    1.47267e-13    0.00423249
-0.00344406    -0.00207884    0.000599706    -2.57578e-13    1.47285e-13    0.00416759
-0.00339155    -0.00204657    0.000590516    -2.57568e-13    1.473e-13    0.00410373
-0.00333995    -0.00201487    0.000581487    -2.57559e-13    1.47316e-13    0.00404098
-0.003289    -0.00198359    0.000572573    -2.5755e-13    1.47332e-13    0.00397903
-0.00323888    -0.00195284    0.000563806    -2.57541e-13    1.47349e-13    0.00391811
-0.00318952    -0.00192257    0.000555174    -2.57532e-13    1.47364e-13    0.00385812
-0.00314081    -0.00189271    0.000546655    -2.57523e-13    1.4738e-13    0.00379892
-0.00309288    -0.00186334    0.000538274    -2.57515e-13    1.47395e-13    0.00374068
-0.00304577    -0.0018345    0.000530039    -2.57506e-13    1.47409e-13    0.00368345
-0.00299927    -0.00180604    0.000521911    -2.57498e-13    1.47423e-13    0.00362696
-0.00295357    -0.00177808    0.000513924    -2.5749e-13    1.47438e-13    0.00357146
-0.00290851    -0.00175054    0.000506051    -2.57482e-13    1.47452e-13    0.00351674
-0.00286407    -0.00172338    0.000498286    -2.57474e-13    1.47465e-13    0.00346278
-0.00282037    -0.00169668    0.000490651    -2.57466e-13    1.47479e-13    0.00340972
-0.00277739    -0.00167044    0.000483144    -2.57458e-13    1.47493e-13    0.00335756
-0.00273507    -0.00164461    0.000475752    -2.5745e-13    1.47506e-13    0.00330618
-0.00269333    -0.00161915    0.000468463    -2.57443e-13    1.4752e-13    0.00325553
-0.00265225    -0.0015941    0.00046129    -2.57436e-13    1.47532e-13    0.00320568
-0.00261175    -0.00156942    0.000454219    -2.57428e-13    1.47544e-13    0.00315655
-0.00257193    -0.00154516    0.000447267    -2.57421e-13    1.47557e-13    0.00310823
-0.00253265    -0.00152124    0.00044041    -2.57414e-13    1.47569e-13    0.00306058
-0.002494    -0.00149772    0.000433666    -2.57407e-13    1.47582e-13    0.00301371
-0.00245007    -0.00147098    0.000425998    -2.57399e-13    1.47595e-13    0.00296043
-0.00241161    -0.0014476    0.000419289    -2.57392e-13    1.47607e-13    0.0029138
-0.00237472    -0.00142517    0.000412852    -2.57386e-13    1.47618e-13    0.00286907
-0.0023385    -0.00140316    0.000406533    -2.57379e-13    1.4763e-13    0.00282516
-0.00230289    -0.00138153    0.000400322    -2.57373e-13    1.47641e-13    0.00278199
-0.00226776    -0.00136019    0.000394194    -2.57367e-13    1.47652e-13    0.00273941
-0.00223317    -0.0013392    0.000388162    -2.5736e-13    1.47663e-13    0.00269749
-0.00219911    -0.00131853    0.000382223    -2.57354e-13    1.47674e-13    0.00265622
-0.00216556    -0.00129818    0.000376373    -2.57348e-13    1.47684e-13    0.00261556
-0.00213257    -0.00127818    0.000370622    -2.57342e-13    1.47694e-13    0.0025756
-0.00210007    -0.00125848    0.000364956    -2.57337e-13    1.47704e-13    0.00253622
-0.00206806    -0.00123909    0.000359376    -2.57331e-13    1.47714e-13    0.00249745
-0.00203647    -0.00121995    0.00035387    -2.57325e-13    1.47724e-13    0.00245918
-0.00200536    -0.00120111    0.000348449    -2.5732e-13    1.47734e-13    0.00242151
-0.0019746    -0.0011825    0.000343089    -2.57314e-13    1.47743e-13    0.00238426
-0.0019445    -0.00116428    0.000337844    -2.57309e-13    1.47753e-13    0.00234781
-0.00191485    -0.00114634    0.000332677    -2.57303e-13    1.47762e-13    0.00231191
-0.00188563    -0.00112868    0.000327587    -2.57298e-13    1.47771e-13    0.00227653
-0.00185688    -0.00111129    0.000322578    -2.57293e-13    1.4778e-13    0.00224172
-0.00182846    -0.00109412    0.000317628    -2.57288e-13    1.47789e-13    0.00220732
-0.00180053    -0.00107724    0.000312763    -2.57283e-13    1.47798e-13    0.00217351
-0.00177303    -0.00106063    0.000307974    -2.57278e-13    1.47806e-13    0.00214023
-0.00174595    -0.00104428    0.000303258    -2.57273e-13    1.47815e-13    0.00210746
-0.0017193    -0.0010282    0.000298619    -2.57268e-13    1.47823e-13    0.00207522
-0.00169306    -0.00101236    0.00029405    -2.57264e-13    1.47831e-13    0.00204347
-0.00166722    -0.000996772    0.000289551    -2.57259e-13    1.47839e-13    0.0020122
-0.00164171    -0.000981386    0.00028511    -2.57254e-13    1.47847e-13    0.00198134
-0.00161665    -0.000966276    0.000280747    -2.5725e-13    1.47855e-13    0.00195102
-0.00159195    -0.000951386    0.000276448    -2.57246e-13    1.47862e-13    0.00192114
-0.00156763    -0.00093673    0.000272215    -2.57241e-13    1.47871e-13    0.00189173
-0.0015437    -0.000922312    0.00026805    -2.57237e-13    1.47878e-13    0.00186279
-0.00152014    -0.000908119    0.00026395    -2.57233e-13    1.47885e-13    0.00183429
-0.0014969    -0.000894124    0.000259906    -2.57229e-13    1.47892e-13    0.00180619
-0.00147405    -0.000880365    0.000255929    -2.57224e-13    1.47899e-13    0.00177855
-0.00145149    -0.000866789    0.000252005    -2.5722e-13    1.47906e-13    0.00175128
-0.0014293    -0.000853439    0.000248145    -2.57216e-13    1.47913e-13    0.00172446
-0.0014075    -0.000840318    0.000244351    -2.57213e-13    1.4792e-13    0.00169809
-0.00138596    -0.000827364    0.000240604    -2.57209e-13    1.47926e-13    0.00167205
-0.00136478    -0.000814627    0.00023692    -2.57205e-13    1.47933e-13    0.00164645
-0.00134395    -0.000802107    0.000233298    -2.57201e-13    1.47939e-13    0.00162128
-0.00132343    -0.000789771    0.000229728    -2.57197e-13    1.47946e-13    0.00159647
-0.00130323    -0.000777633    0.000226215    -2.57194e-13    1.47953e-13    0.00157206
-0.00128329    -0.000765653    0.000222748    -2.5719e-13    1.47959e-13    0.00154796
-0.00126368    -0.000753873    0.000219337    -2.57187e-13    1.47965e-13    0.00152426
-0.00124433    -0.000742254    0.000215973    -2.57183e-13    1.47971e-13    0.00150088
-0.00122533    -0.000730847    0.00021267    -2.5718e-13    1.47977e-13    0.00147793
-0.00120659    -0.000719592    0.00020941    -2.57177e-13    1.47983e-13    0.00145527
-0.00118815    -0.000708528    0.000206205    -2.57173e-13    1.47988e-13    0.001433
-0.00116998    -0.000697625    0.000203047    -2.5717e-13    1.47994e-13    0.00141105
-0.0011521    -0.000686893    0.000199937    -2.57167e-13    1.47999e-13    0.00138944
-0.00113446    -0.000676313    0.000196871    -2.57164e-13    1.48005e-13    0.00136813
-0.00111713    -0.000665922    0.000193859    -2.57161e-13    1.4801e-13    0.00134721
-0.00110007    -0.00065569    0.000190894    -2.57158e-13    1.48016e-13    0.00132659
-0.00108324    -0.000645601    0.000187969    -2.57154e-13    1.48021e-13    0.00130627
-0.0010667    -0.000635687    0.000185094    -2.57152e-13    1.48026e-13    0.00128629
-0.00105041    -0.000625923    0.000182263    -2.57149e-13    1.48031e-13    0.00126662
-0.00103435    -0.000616301    0.000179472    -2.57146e-13    1.48036e-13    0.00124722
-0.00101856    -0.000606844    0.000176729    -2.57143e-13    1.48041e-13    0.00122816
-0.00100298    -0.000597509    0.000174021    -2.5714e-13    1.48046e-13    0.00120934
-0.000987649    -0.000588328    0.000171358    -2.57137e-13    1.4805e-13    0.00119083
-0.000972575    -0.000579302    0.000168739    -2.57135e-13    1.48055e-13    0.00117263
-0.000957662    -0.000570373    0.000166148    -2.57132e-13    1.4806e-13    0.00115462
-0.000943009    -0.000561602    0.000163602    -2.57129e-13    1.48064e-13    0.00113693
-0.000928595    -0.000552975    0.000161098    -2.57127e-13    1.48069e-13    0.00111953
-0.000914383    -0.00054447    0.000158629    -2.57124e-13    1.48073e-13    0.00110238
-0.000900392    -0.000536099    0.000156199    -2.57122e-13    1.48078e-13    0.00108549
-0.000886635    -0.000527869    0.000153809    -2.57119e-13    1.48082e-13    0.00106888
-0.000873051    -0.000519743    0.00015145    -2.57117e-13    1.48086e-13    0.00105248
-0.00085971    -0.000511765    0.000149132    -2.57115e-13    1.4809e-13    0.00103638
-0.000846577    -0.000503912    0.000146851    -2.57112e-13    1.48094e-13    0.00102053
-0.00083364    -0.000496177    0.000144605    -2.5711e-13    1.48098e-13    0.00100491
-0.0008209    -0.000488561    0.000142392    -2.57108e-13    1.48102e-13    0.000989539
-0.000808344    -0.000481055    0.000140212    -2.57105e-13    1.48106e-13    0.000974385
-0.000795962    -0.000473655    0.000138061    -2.57103e-13    1.4811e-13    0.000959442
-0.000783786    -0.000466379    0.000135947    -2.57101e-13    1.48114e-13    0.000944748
-0.000771811    -0.000459224    0.000133868    -2.57099e-13    1.48117e-13    0.000930298
-0.000760003    -0.00045217    0.000131817    -2.57097e-13    1.48121e-13    0.000916051
-0.000748379    -0.000445226    0.000129799    -2.57095e-13    1.48124e-13    0.000902024
-0.000736943    -0.000438396    0.000127814    -2.57093e-13    1.48128e-13    0.000888226
-0.00072566    -0.000431657    0.000125854    -2.57091e-13    1.48132e-13    0.000874612
-0.000714572    -0.000425036    0.000123929    -2.57089e-13    1.48135e-13    0.000861234
-0.000703619    -0.000418496    0.000122028    -2.57087e-13    1.48138e-13    0.000848019
-0.000692854    -0.00041207    0.000120159    -2.57085e-13    1.48142e-13    0.000835032
-0.000682224    -0.000405725    0.000118314    -2.57083e-13    1.48145e-13    0.000822209
-0.000671798    -0.000399502    0.000116504    -2.57081e-13    1.48148e-13    0.000809631
-0.000661521    -0.000393369    0.00011472    -2.57079e-13    1.48151e-13    0.000797233
-0.000651402    -0.000387331    0.000112963    -2.57077e-13    1.48155e-13    0.000785027
-0.000641449    -0.000381392    0.000111236    -2.57075e-13    1.48158e-13    0.000773021
-0.000631629    -0.000375533    0.000109531    -2.57074e-13    1.48161e-13    0.000761176
-0.000621945    -0.000369757    0.000107851    -2.57072e-13    1.48164e-13    0.000749496
-0.000612446    -0.000364091    0.000106202    -2.5707e-13    1.48167e-13    0.000738038
-0.000603057    -0.000358491    0.000104572    -2.57069e-13    1.4817e-13    0.000726713
-0.000593843    -0.000352996    0.000102973    -2.57067e-13    1.48173e-13    0.000715601
-0.00058475    -0.000347574    0.000101395    -2.57065e-13    1.48175e-13    0.000704634
-0.000575799    -0.000342237    9.98417e-05    -2.57064e-13    1.48178e-13    0.000693839
-0.00056698    -0.00033698    9.83113e-05    -2.57062e-13    1.48181e-13    0.000683204
-0.000558324    -0.000331819    9.68092e-05    -2.57061e-13    1.48183e-13    0.000672765
-0.000549773    -0.000326723    9.53253e-05    -2.57059e-13    1.48186e-13    0.000662453
-0.000541354    -0.000321705    9.38643e-05    -2.57058e-13    1.48189e-13    0.0006523
-0.00053308    -0.000316774    9.24286e-05    -2.57056e-13    1.48191e-13    0.000642323
-0.00052492    -0.000311911    9.10128e-05    -2.57055e-13    1.48194e-13    0.000632483
-0.00051689    -0.000307126    8.96194e-05    -2.57053e-13    1.48196e-13    0.0006228
-0.000508995    -0.000302422    8.82496e-05    -2.57052e-13    1.48199e-13    0.000613281
-0.000501199    -0.000297778    8.68968e-05    -2.5705e-13    1.48201e-13    0.00060388
-0.000493539    -0.000293215    8.55678e-05    -2.57049e-13    1.48204e-13    0.000594644
-0.000484548    -0.00028786    8.4008e-05    -2.57047e-13    1.48206e-13    0.000583805
-0.000477127    -0.000283439    8.27205e-05    -2.57046e-13    1.48209e-13    0.000574857
-0.00046983    -0.000279093    8.14544e-05    -2.57045e-13    1.48211e-13    0.000566059
-0.000462651    -0.000274818    8.0209e-05    -2.57044e-13    1.48213e-13    0.000557404
-0.000455559    -0.000270595    7.89786e-05    -2.57042e-13    1.48215e-13    0.000548853
-0.000448593    -0.000266448    7.77702e-05    -2.57041e-13    1.48218e-13    0.000540456
-0.000441727    -0.00026236    7.65792e-05    -2.5704e-13    1.4822e-13    0.000532179
-0.000434948    -0.000258324    7.54031e-05    -2.57039e-13    1.48222e-13    0.000524006
-0.000428302    -0.000254368    7.42503e-05    -2.57037e-13    1.48224e-13    0.000515994
-0.000421755    -0.000250471    7.31146e-05    -2.57036e-13    1.48226e-13    0.000508102
-0.000415277    -0.000246615    7.1991e-05    -2.57035e-13    1.48228e-13    0.000500294
-0.000408921    -0.000242832    7.08884e-05    -2.57034e-13    1.4823e-13    0.000492631
-0.000402672    -0.000239114    6.98045e-05    -2.57033e-13    1.48232e-13    0.000485099
-0.000396519    -0.000235452    6.87372e-05    -2.57032e-13    1.48234e-13    0.000477682
-0.00039046    -0.000231847    6.76863e-05    -2.57031e-13    1.48236e-13    0.000470379
-0.000384475    -0.000228286    6.66483e-05    -2.5703e-13    1.48237e-13    0.000463165
-0.000378594    -0.000224787    6.56283e-05    -2.57028e-13    1.48239e-13    0.000456077
-0.000372803    -0.000221341    6.46238e-05    -2.57027e-13    1.48241e-13    0.000449096
-0.000367104    -0.000217951    6.36354e-05    -2.57026e-13    1.48243e-13    0.000442227
-0.000361484    -0.000214608    6.26607e-05    -2.57025e-13    1.48244e-13    0.000435454
-0.000355948    -0.000211315    6.17005e-05    -2.57024e-13    1.48246e-13    0.000428781
-0.000350504    -0.000208077    6.07564e-05    -2.57023e-13    1.48248e-13    0.00042222
-0.00034514    -0.000204887    5.98261e-05    -2.57023e-13    1.4825e-13    0.000415755
-0.000339859    -0.000201746    5.89102e-05    -2.57022e-13    1.48251e-13    0.00040939
-0.000334661    -0.000198655    5.80088e-05    -2.57021e-13    1.48253e-13    0.000403126
-0.000329532    -0.000195605    5.71194e-05    -2.5702e-13    1.48254e-13    0.000396945
-0.000324488    -0.000192606    5.62447e-05    -2.57019e-13    1.48256e-13    0.000390866
-0.000319523    -0.000189653    5.53836e-05    -2.57018e-13    1.48257e-13    0.000384882
-0.000314623    -0.00018674    5.45339e-05    -2.57017e-13    1.48259e-13    0.000378978
-0.000309799    -0.000183872    5.36975e-05    -2.57016e-13    1.48261e-13    0.000373165
-0.000305062    -0.000181056    5.28759e-05    -2.57015e-13    1.48262e-13    0.000367456
-0.000300393    -0.00017828    5.20664e-05    -2.57015e-13    1.48263e-13    0.00036183
-0.000295804    -0.000175553    5.12707e-05    -2.57014e-13    1.48265e-13    0.0003563
-0.000291275    -0.000172861    5.04853e-05    -2.57013e-13    1.48266e-13    0.000350842
-0.000286821    -0.000170213    4.97131e-05    -2.57012e-13    1.48268e-13    0.000345476
-0.000282434    -0.000167606    4.89524e-05    -2.57011e-13    1.48269e-13    0.000340189
-0.000278122    -0.000165043    4.82046e-05    -2.57011e-13    1.4827e-13    0.000334993
-0.000273869    -0.000162515    4.74672e-05    -2.5701e-13    1.48272e-13    0.000329868
-0.000269679    -0.000160026    4.67408e-05    -2.57009e-13    1.48273e-13    0.00032482
-0.000265549    -0.000157572    4.60247e-05    -2.57008e-13    1.48274e-13    0.000319844
-0.000261493    -0.000155161    4.53213e-05    -2.57008e-13    1.48275e-13    0.000314956
-0.000257486    -0.00015278    4.46267e-05    -2.57007e-13    1.48277e-13    0.000310128
-0.000253545    -0.000150439    4.39434e-05    -2.57006e-13    1.48278e-13    0.00030538
-0.000249661    -0.000148131    4.327e-05    -2.57005e-13    1.48279e-13    0.0003007
-0.000245838    -0.00014586    4.26072e-05    -2.57005e-13    1.4828e-13    0.000296094
-0.000242077    -0.000143625    4.1955e-05    -2.57004e-13    1.48281e-13    0.000291562
-0.000238377    -0.000141427    4.13135e-05    -2.57003e-13    1.48283e-13    0.000287104
-0.000234717    -0.000139253    4.06791e-05    -2.57003e-13    1.48284e-13    0.000282695
-0.000231124    -0.000137119    4.00561e-05    -2.57002e-13    1.48285e-13    0.000278365
-0.000227583    -0.000135016    3.94423e-05    -2.57002e-13    1.48286e-13    0.0002741
-0.000224093    -0.000132943    3.88372e-05    -2.57001e-13    1.48287e-13    0.000269895
-0.000220661    -0.000130904    3.82422e-05    -2.57e-13    1.48288e-13    0.00026576
-0.000217285    -0.000128899    3.76569e-05    -2.57e-13    1.48289e-13    0.000261692
-0.000213952    -0.000126919    3.70791e-05    -2.56999e-13    1.4829e-13    0.000257677
-0.00021068    -0.000124977    3.6512e-05    -2.56998e-13    1.48291e-13    0.000253736
-0.000207455    -0.000123061    3.59529e-05    -2.56998e-13    1.48292e-13    0.000249851
-0.000204279    -0.000121175    3.54022e-05    -2.56997e-13    1.48293e-13    0.000246024
-0.000201152    -0.000119318    3.48603e-05    -2.56997e-13    1.48294e-13    0.000242258
-0.000198079    -0.000117493    3.43274e-05    -2.56996e-13    1.48295e-13    0.000238555
-0.000195047    -0.000115693    3.38019e-05    -2.56996e-13    1.48296e-13    0.000234903
-0.000192057    -0.000113918    3.32836e-05    -2.56995e-13    1.48297e-13    0.000231301
-0.000189118    -0.000112173    3.27742e-05    -2.56995e-13    1.48298e-13    0.00022776
-0.000186223    -0.000110454    3.22723e-05    -2.56994e-13    1.48299e-13    0.000224273
-0.000183369    -0.00010876    3.17775e-05    -2.56994e-13    1.483e-13    0.000220835
-0.000180565    -0.000107095    3.12914e-05    -2.56993e-13    1.48301e-13    0.000217456
-0.000177798    -0.000105452    3.08119e-05    -2.56993e-13    1.48301e-13    0.000214124
-0.000175079    -0.000103838    3.03405e-05    -2.56992e-13    1.48302e-13    0.000210848
-0.000172402    -0.000102249    2.98765e-05    -2.56992e-13    1.48303e-13    0.000207623
-0.000169763    -0.000100682    2.94191e-05    -2.56991e-13    1.48304e-13    0.000204445
-0.000167165    -9.91399e-05    2.89687e-05    -2.56991e-13    1.48305e-13    0.000201315
-0.00016461    -9.76232e-05    2.85258e-05    -2.5699e-13    1.48305e-13    0.000198237
-0.000162087    -9.61259e-05    2.80886e-05    -2.5699e-13    1.48306e-13    0.000195199
-0.000159607    -9.46539e-05    2.76587e-05    -2.56989e-13    1.48307e-13    0.000192211
-0.000157166    -9.32047e-05    2.72355e-05    -2.56989e-13    1.48308e-13    0.00018927
-0.000154757    -9.17751e-05    2.6818e-05    -2.56988e-13    1.48309e-13    0.000186369
-0.00015239    -9.037e-05    2.64077e-05    -2.56988e-13    1.48309e-13    0.000183517
-0.000150059    -8.89869e-05    2.60037e-05    -2.56988e-13    1.4831e-13    0.00018071
-0.00014776    -8.76225e-05    2.56053e-05    -2.56987e-13    1.48311e-13    0.000177941
-0.000145501    -8.62814e-05    2.52136e-05    -2.56987e-13    1.48311e-13    0.000175219
-0.000143275    -8.49605e-05    2.48278e-05    -2.56986e-13    1.48312e-13    0.000172538
-0.000141075    -8.3655e-05    2.44465e-05    -2.56986e-13    1.48313e-13    0.000169888
-0.000138915    -8.23731e-05    2.40721e-05    -2.56986e-13    1.48313e-13    0.000167287
-0.000136787    -8.11103e-05    2.37033e-05    -2.56985e-13    1.48314e-13    0.000164723
-0.000134693    -7.98679e-05    2.33404e-05    -2.56985e-13    1.48315e-13    0.000162202
-0.000132633    -7.86457e-05    2.29834e-05    -2.56985e-13    1.48315e-13    0.000159721
-0.000130603    -7.74411e-05    2.26316e-05    -2.56984e-13    1.48316e-13    0.000157276
-0.000128604    -7.62551e-05    2.22852e-05    -2.56984e-13    1.48317e-13    0.000154868
-0.000126638    -7.50884e-05    2.19443e-05    -2.56983e-13    1.48317e-13    0.0001525
-0.000124703    -7.39401e-05    2.16089e-05    -2.56983e-13    1.48318e-13    0.000150169
-0.000122792    -7.28062e-05    2.12777e-05    -2.56983e-13    1.48318e-13    0.000147867
-0.000120914    -7.1692e-05    2.09522e-05    -2.56982e-13    1.48319e-13    0.000145605
-0.000119065    -7.05949e-05    2.06318e-05    -2.56982e-13    1.4832e-13    0.000143378
-0.00011724    -6.95126e-05    2.03156e-05    -2.56982e-13    1.4832e-13    0.000141181
-0.000115445    -6.84474e-05    2.00044e-05    -2.56981e-13    1.48321e-13    0.000139019
-0.00011368    -6.74003e-05    1.96985e-05    -2.56981e-13    1.48321e-13    0.000136893
-0.000111939    -6.63678e-05    1.93969e-05    -2.56981e-13    1.48322e-13    0.000134797
-0.000110228    -6.53523e-05    1.91002e-05    -2.56981e-13    1.48322e-13    0.000132735
-0.000108543    -6.43529e-05    1.88083e-05    -2.5698e-13    1.48323e-13    0.000130706
-0.000106879    -6.33659e-05    1.85199e-05    -2.5698e-13    1.48323e-13    0.000128702
-0.000105244    -6.23957e-05    1.82365e-05    -2.5698e-13    1.48324e-13    0.000126732
-0.000103635    -6.14415e-05    1.79577e-05    -2.56979e-13    1.48324e-13    0.000124795
-0.000102046    -6.04987e-05    1.76823e-05    -2.56979e-13    1.48325e-13    0.000122881
-0.000100484    -5.95725e-05    1.74117e-05    -2.56979e-13    1.48325e-13    0.000121001
-9.89491e-05    -5.86619e-05    1.71456e-05    -2.56979e-13    1.48326e-13    0.000119152
-9.7432e-05    -5.7762e-05    1.68827e-05    -2.56978e-13    1.48326e-13    0.000117324
-9.59296e-05    -5.68709e-05    1.66223e-05    -2.56978e-13    1.48327e-13    0.000115515
-9.4463e-05    -5.6001e-05    1.63682e-05    -2.56978e-13    1.48327e-13    0.000113749
-9.30178e-05    -5.51437e-05    1.61177e-05    -2.56977e-13    1.48328e-13    0.000112008
-9.15932e-05    -5.42988e-05    1.58708e-05    -2.56977e-13    1.48328e-13    0.000110293
-9.01873e-05    -5.3465e-05    1.56272e-05    -2.56977e-13    1.48329e-13    0.0001086
-8.88062e-05    -5.26458e-05    1.53879e-05    -2.56977e-13    1.48329e-13    0.000106936
-8.7446e-05    -5.18391e-05    1.51521e-05    -2.56976e-13    1.48329e-13    0.000105298
-8.61086e-05    -5.10459e-05    1.49204e-05    -2.56976e-13    1.4833e-13    0.000103688
-8.4791e-05    -5.02645e-05    1.4692e-05    -2.56976e-13    1.4833e-13    0.000102101
-8.34953e-05    -4.9496e-05    1.44675e-05    -2.56976e-13    1.48331e-13    0.00010054
-8.22156e-05    -4.87371e-05    1.42457e-05    -2.56976e-13    1.48331e-13    9.89992e-05
-8.09562e-05    -4.79902e-05    1.40275e-05    -2.56975e-13    1.48331e-13    9.74826e-05
-7.97172e-05    -4.72554e-05    1.38128e-05    -2.56975e-13    1.48332e-13    9.59904e-05
-7.84976e-05    -4.65321e-05    1.36014e-05    -2.56975e-13    1.48332e-13    9.45217e-05
-7.72923e-05    -4.58173e-05    1.33926e-05    -2.56975e-13    1.48332e-13    9.30702e-05
-7.6109e-05    -4.51156e-05    1.31875e-05    -2.56974e-13    1.48333e-13    9.16452e-05
-7.4943e-05    -4.44242e-05    1.29855e-05    -2.56974e-13    1.48333e-13    9.02411e-05
-7.37936e-05    -4.37426e-05    1.27863e-05    -2.56974e-13    1.48334e-13    8.88568e-05
-7.26613e-05    -4.30711e-05    1.25901e-05    -2.56974e-13    1.48334e-13    8.74933e-05
-7.15498e-05    -4.2412e-05    1.23974e-05    -2.56974e-13    1.48334e-13    8.61547e-05
-7.04516e-05    -4.17608e-05    1.22071e-05    -2.56973e-13    1.48335e-13    8.48322e-05
-6.93733e-05    -4.11214e-05    1.20203e-05    -2.56973e-13    1.48335e-13    8.35337e-05
-6.83121e-05    -4.04921e-05    1.18364e-05    -2.56973e-13    1.48335e-13    8.22558e-05
-6.72657e-05    -3.98716e-05    1.16551e-05    -2.56973e-13    1.48336e-13    8.09956e-05
-6.62359e-05    -3.9261e-05    1.14766e-05    -2.56973e-13    1.48336e-13    7.97555e-05
-6.52226e-05    -3.86602e-05    1.1301e-05    -2.56972e-13    1.48336e-13    7.85353e-05
-6.42247e-05    -3.80684e-05    1.11281e-05    -2.56972e-13    1.48337e-13    7.73336e-05
-6.32417e-05    -3.74856e-05    1.09578e-05    -2.56972e-13    1.48337e-13    7.61498e-05
-6.2273e-05    -3.69113e-05    1.07899e-05    -2.56972e-13    1.48337e-13    7.49834e-05
-6.13207e-05    -3.63466e-05    1.06249e-05    -2.56972e-13    1.48337e-13    7.38365e-05
-6.03812e-05    -3.57895e-05    1.04621e-05    -2.56972e-13    1.48338e-13    7.27052e-05
-5.94585e-05    -3.52425e-05    1.03022e-05    -2.56971e-13    1.48338e-13    7.15941e-05
-5.85486e-05    -3.4703e-05    1.01445e-05    -2.56971e-13    1.48338e-13    7.04984e-05
-5.76525e-05    -3.41716e-05    9.98926e-06    -2.56971e-13    1.48339e-13    6.94193e-05
-5.67706e-05    -3.36488e-05    9.83645e-06    -2.56971e-13    1.48339e-13    6.83573e-05
-5.59016e-05    -3.31336e-05    9.68587e-06    -2.56971e-13    1.48339e-13    6.73109e-05
-5.50464e-05    -3.26265e-05    9.53767e-06    -2.56971e-13    1.48339e-13    6.6281e-05
-5.42049e-05    -3.21276e-05    9.39186e-06    -2.56971e-13    1.4834e-13    6.52677e-05
-5.33755e-05    -3.16359e-05    9.24815e-06    -2.5697e-13    1.4834e-13    6.4269e-05
-5.25582e-05    -3.11513e-05    9.10652e-06    -2.5697e-13    1.4834e-13    6.32847e-05
-5.17557e-05    -3.06755e-05    8.96746e-06    -2.5697e-13    1.4834e-13    6.23184e-05
-5.09613e-05    -3.02046e-05    8.82981e-06    -2.5697e-13    1.48341e-13    6.13618e-05
-5.01821e-05    -2.97426e-05    8.69479e-06    -2.5697e-13    1.48341e-13    6.04235e-05
-4.94148e-05    -2.92877e-05    8.56184e-06    -2.5697e-13    1.48341e-13    5.94996e-05
-4.86506e-05    -2.88347e-05    8.42943e-06    -2.5697e-13    1.48341e-13    5.85794e-05
-4.79042e-05    -2.83922e-05    8.30009e-06    -2.56969e-13    1.48342e-13    5.76806e-05
-4.71712e-05    -2.79576e-05    8.17307e-06    -2.56969e-13    1.48342e-13    5.67979e-05
-4.64485e-05    -2.75292e-05    8.04785e-06    -2.56969e-13    1.48342e-13    5.59277e-05
-4.57387e-05    -2.71084e-05    7.92485e-06    -2.56969e-13    1.48342e-13    5.50729e-05
-4.50393e-05    -2.66938e-05    7.80366e-06    -2.56969e-13    1.48342e-13    5.42307e-05
-4.43482e-05    -2.62841e-05    7.68393e-06    -2.56969e-13    1.48343e-13    5.33986e-05
-4.36694e-05    -2.58817e-05    7.56631e-06    -2.56969e-13    1.48343e-13    5.25812e-05
-4.30017e-05    -2.54859e-05    7.45061e-06    -2.56969e-13    1.48343e-13    5.17772e-05
-4.21965e-05    -2.50086e-05    7.31109e-06    -2.56968e-13    1.48343e-13    5.08076e-05
-4.1551e-05    -2.46259e-05    7.19924e-06    -2.56968e-13    1.48344e-13    5.00304e-05
-4.09158e-05    -2.42493e-05    7.08917e-06    -2.56968e-13    1.48344e-13    4.92654e-05
-4.02874e-05    -2.38768e-05    6.98029e-06    -2.56968e-13    1.48344e-13    4.85087e-05
-3.96703e-05    -2.3511e-05    6.87336e-06    -2.56968e-13    1.48344e-13    4.77657e-05
-3.90632e-05    -2.31511e-05    6.76817e-06    -2.56968e-13    1.48344e-13    4.70347e-05
-3.84645e-05    -2.27962e-05    6.66443e-06    -2.56968e-13    1.48345e-13    4.63137e-05
-3.7876e-05    -2.24474e-05    6.56247e-06    -2.56968e-13    1.48345e-13    4.56052e-05
-3.72963e-05    -2.21038e-05    6.46203e-06    -2.56968e-13    1.48345e-13    4.49072e-05
-3.67259e-05    -2.17656e-05    6.36318e-06    -2.56967e-13    1.48345e-13    4.42203e-05
-3.61649e-05    -2.14331e-05    6.26598e-06    -2.56967e-13    1.48345e-13    4.35448e-05
-3.56109e-05    -2.11047e-05    6.16999e-06    -2.56967e-13    1.48345e-13    4.28777e-05
-3.50658e-05    -2.07816e-05    6.07554e-06    -2.56967e-13    1.48346e-13    4.22213e-05
-3.45288e-05    -2.04633e-05    5.9825e-06    -2.56967e-13    1.48346e-13    4.15747e-05
-3.4001e-05    -2.01504e-05    5.89104e-06    -2.56967e-13    1.48346e-13    4.09392e-05
-3.34811e-05    -1.98423e-05    5.80097e-06    -2.56967e-13    1.48346e-13    4.03132e-05
-3.29689e-05    -1.95387e-05    5.71221e-06    -2.56967e-13    1.48346e-13    3.96964e-05
-3.24649e-05    -1.92399e-05    5.62488e-06    -2.56967e-13    1.48346e-13    3.90895e-05
-3.19686e-05    -1.89457e-05    5.53889e-06    -2.56967e-13    1.48347e-13    3.84919e-05
-3.14796e-05    -1.86559e-05    5.45416e-06    -2.56966e-13    1.48347e-13    3.79031e-05
-3.09984e-05    -1.83706e-05    5.37078e-06    -2.56966e-13    1.48347e-13    3.73236e-05
-3.05238e-05    -1.80894e-05    5.28855e-06    -2.56966e-13    1.48347e-13    3.67522e-05
-3.00565e-05    -1.78124e-05    5.20758e-06    -2.56966e-13    1.48347e-13    3.61895e-05
-2.95962e-05    -1.75395e-05    5.12782e-06    -2.56966e-13    1.48347e-13    3.56352e-05
-2.91436e-05    -1.72713e-05    5.0494e-06    -2.56966e-13    1.48347e-13    3.50903e-05
-2.86967e-05    -1.70064e-05    4.97197e-06    -2.56966e-13    1.48348e-13    3.45522e-05
-2.82578e-05    -1.67463e-05    4.89593e-06    -2.56966e-13    1.48348e-13    3.40237e-05
-2.78257e-05    -1.64901e-05    4.82106e-06    -2.56966e-13    1.48348e-13    3.35034e-05
-2.73991e-05    -1.62373e-05    4.74714e-06    -2.56966e-13    1.48348e-13    3.29898e-05
-2.698e-05    -1.59889e-05    4.67453e-06    -2.56966e-13    1.48348e-13    3.24851e-05
-2.65671e-05    -1.57441e-05    4.60298e-06    -2.56966e-13    1.48348e-13    3.19879e-05
-2.61595e-05    -1.55026e-05    4.53236e-06    -2.56966e-13    1.48348e-13    3.14972e-05
-2.5759e-05    -1.52652e-05    4.46298e-06    -2.56965e-13    1.48348e-13    3.1015e-05
-2.53654e-05    -1.50319e-05    4.39477e-06    -2.56965e-13    1.48349e-13    3.0541e-05
-2.49768e-05    -1.48016e-05    4.32744e-06    -2.56965e-13    1.48349e-13    3.00731e-05
-2.45942e-05    -1.45749e-05    4.26116e-06    -2.56965e-13    1.48349e-13    2.96125e-05
-2.42182e-05    -1.4352e-05    4.19601e-06    -2.56965e-13    1.48349e-13    2.91597e-05
-2.38472e-05    -1.41321e-05    4.13172e-06    -2.56965e-13    1.48349e-13    2.87129e-05
-2.34809e-05    -1.3915e-05    4.06827e-06    -2.56965e-13    1.48349e-13    2.8272e-05
-2.31217e-05    -1.37021e-05    4.00603e-06    -2.56965e-13    1.48349e-13    2.78394e-05
-2.27668e-05    -1.34917e-05    3.94452e-06    -2.56965e-13    1.48349e-13    2.7412e-05
-2.24179e-05    -1.3285e-05    3.88409e-06    -2.56965e-13    1.48349e-13    2.6992e-05
-2.20754e-05    -1.3082e-05    3.82474e-06    -2.56965e-13    1.4835e-13    2.65796e-05
-2.1737e-05    -1.28814e-05    3.7661e-06    -2.56965e-13    1.4835e-13    2.61721e-05
-2.14037e-05    -1.26839e-05    3.70836e-06    -2.56965e-13    1.4835e-13    2.57708e-05
-2.10766e-05    -1.249e-05    3.65168e-06    -2.56965e-13    1.4835e-13    2.5377e-05
-2.07536e-05    -1.22986e-05    3.59571e-06    -2.56965e-13    1.4835e-13    2.4988e-05
-2.04357e-05    -1.21102e-05    3.54064e-06    -2.56964e-13    1.4835e-13    2.46053e-05
-2.01231e-05    -1.19249e-05    3.48647e-06    -2.56964e-13    1.4835e-13    2.42288e-05
-1.98144e-05    -1.1742e-05    3.433e-06    -2.56964e-13    1.4835e-13    2.38572e-05
-1.95114e-05    -1.15624e-05    3.38049e-06    -2.56964e-13    1.4835e-13    2.34924e-05
-1.92123e-05    -1.13851e-05    3.32867e-06    -2.56964e-13    1.4835e-13    2.31322e-05
