444.692    17.1471    45.2449    0    180    -62.8847
444.692    17.1471    45.2449    0    180    -62.8847
444.692    17.1471    45.2449    0    180    -62.8847
444.692    17.1471    45.2449    0    180    -62.8847
444.692    17.1471    45.2449    0    180    -62.8847
444.692    17.1471    45.2449    0    180    -62.8847
444.692    17.1471    45.2449    0    180    -62.8847
444.692    17.1471    45.2449    0    180    -62.8847
444.692    17.1471    45.2449    0    180    -62.8847
444.692    17.1471    45.2449    0    180    -62.8847
444.692    17.1471    45.2449    0    180    -62.8847
444.692    17.1471    45.2449    0    180    -62.8847
444.692    17.1471    45.2449    0    180    -62.8847
444.692    17.1471    45.2449    0    180    -62.8847
444.692    17.1471    45.2449    0    180    -62.8847
444.692    17.1471    45.2449    0    180    -62.8847
444.692    17.1471    45.2449    0    180    -62.8847
444.692    17.1471    45.2449    0    180    -62.8847
444.692    17.1471    45.2449    0    180    -62.8847
444.692    17.1471    45.2449    0    180    -62.8847
444.692    17.1471    45.2449    0    180    -62.8847
444.692    17.1471    45.2449    0    180    -62.8847
446.812    18.3521    44.8804    0    180    -62.7396
448.826    19.4959    44.5343    0    180    -62.6018
450.741    20.5826    44.2054    0    180    -62.4708
452.559    21.6133    43.8932    0    180    -62.3465
454.285    22.5913    43.5969    0    180    -62.2285
455.99    23.5571    43.3042    0    180    -62.112
457.547    24.4381    43.0371    0    180    -62.0056
459.026    25.2742    42.7835    0    180    -61.9046
460.43    26.0678    42.5427    0    180    -61.8088
461.764    26.821    42.3141    0    180    -61.7178
463.029    27.5356    42.0972    0    180    -61.6314
464.233    28.2146    41.891    0    180    -61.5493
465.376    28.8593    41.6952    0    180    -61.4713
466.462    29.4717    41.5091    0    180    -61.3972
467.492    30.0525    41.3327    0    180    -61.327
468.472    30.6041    41.165    0    180    -61.2602
469.402    31.1278    41.0058    0    180    -61.1968
470.286    31.6253    40.8546    0    180    -61.1366
471.125    32.0978    40.7109    0    180    -61.0794
472.022    32.6026    40.5574    0    180    -61.0183
472.774    33.0254    40.4288    0    180    -60.9671
473.489    33.4269    40.3067    0    180    -60.9184
474.167    33.8083    40.1906    0    180    -60.8722
474.812    34.1705    40.0804    0    180    -60.8284
475.424    34.5144    39.9758    0    180    -60.7867
476.006    34.841    39.8763    0    180    -60.7471
476.558    35.1512    39.7819    0    180    -60.7095
477.083    35.4458    39.6923    0    180    -60.6738
477.582    35.7256    39.6071    0    180    -60.6399
478.055    35.9911    39.5262    0    180    -60.6077
478.504    36.2431    39.4495    0    180    -60.5772
478.931    36.4825    39.3766    0    180    -60.5481
479.336    36.7097    39.3074    0    180    -60.5206
479.722    36.9257    39.2416    0    180    -60.4944
480.088    37.131    39.1791    0    180    -60.4695
480.435    37.3257    39.1198    0    180    -60.4459
480.765    37.5106    39.0635    0    180    -60.4235
481.078    37.6861    39.01    0    180    -60.4022
481.376    37.8529    38.9592    0    180    -60.3819
481.659    38.0113    38.911    0    180    -60.3627
481.936    38.1664    38.8637    0    180    -60.3439
482.19    38.309    38.8202    0    180    -60.3266
482.432    38.4445    38.7789    0    180    -60.3102
482.662    38.5732    38.7397    0    180    -60.2945
482.88    38.6954    38.7025    0    180    -60.2797
483.087    38.8113    38.6672    0    180    -60.2656
483.284    38.9214    38.6336    0    180    -60.2523
483.471    39.0261    38.6017    0    180    -60.2396
483.649    39.1255    38.5714    0    180    -60.2275
483.817    39.2198    38.5427    0    180    -60.2161
483.977    39.3094    38.5154    0    180    -60.2052
484.129    39.3945    38.4895    0    180    -60.1949
484.274    39.4753    38.4648    0    180    -60.1851
484.411    39.5521    38.4414    0    180    -60.1758
484.541    39.6249    38.4192    0    180    -60.1669
484.665    39.6941    38.3981    0    180    -60.1585
484.782    39.7599    38.3781    0    180    -60.1505
484.894    39.8223    38.359    0    180    -60.143
485    39.8816    38.341    0    180    -60.1358
485.1    39.9378    38.3238    0    180    -60.1289
485.196    39.9913    38.3075    0    180    -60.1225
485.287    40.042    38.2921    0    180    -60.1163
485.373    40.0902    38.2774    0    180    -60.1104
485.455    40.136    38.2634    0    180    -60.1049
485.532    40.1795    38.2502    0    180    -60.0996
485.606    40.2208    38.2376    0    180    -60.0946
485.676    40.26    38.2256    0    180    -60.0898
485.743    40.2972    38.2143    0    180    -60.0853
485.806    40.3327    38.2035    0    180    -60.081
485.866    40.3662    38.1932    0    180    -60.0769
485.923    40.3981    38.1835    0    180    -60.0731
485.979    40.4295    38.174    0    180    -60.0693
486.031    40.4582    38.1652    0    180    -60.0658
486.08    40.4854    38.1569    0    180    -60.0625
486.126    40.5113    38.149    0    180    -60.0593
486.17    40.5359    38.1415    0    180    -60.0563
486.212    40.5592    38.1344    0    180    -60.0535
486.251    40.5814    38.1276    0    180    -60.0508
486.289    40.6025    38.1212    0    180    -60.0483
486.325    40.6225    38.1151    0    180    -60.0458
486.359    40.6415    38.1093    0    180    -60.0435
486.391    40.6595    38.1038    0    180    -60.0413
486.422    40.6767    38.0986    0    180    -60.0393
486.451    40.6929    38.0936    0    180    -60.0373
486.478    40.7084    38.0889    0    180    -60.0354
486.505    40.7231    38.0844    0    180    -60.0336
486.53    40.737    38.0802    0    180    -60.0319
486.553    40.7502    38.0762    0    180    -60.0303
486.576    40.7628    38.0723    0    180    -60.0288
486.597    40.7748    38.0687    0    180    -60.0273
486.617    40.7861    38.0652    0    180    -60.026
486.637    40.7969    38.0619    0    180    -60.0247
486.655    40.8071    38.0588    0    180    -60.0234
486.672    40.8168    38.0559    0    180    -60.0222
486.689    40.826    38.0531    0    180    -60.0211
486.704    40.8348    38.0504    0    180    -60.0201
486.719    40.8431    38.0478    0    180    -60.0191
486.733    40.851    38.0454    0    180    -60.0181
486.747    40.8585    38.0432    0    180    -60.0172
486.76    40.8656    38.041    0    180    -60.0163
486.772    40.8724    38.0389    0    180    -60.0155
486.783    40.8788    38.037    0    180    -60.0147
486.794    40.8849    38.0351    0    180    -60.014
486.804    40.8907    38.0333    0    180    -60.0133
486.814    40.8962    38.0317    0    180    -60.0126
486.824    40.9014    38.0301    0    180    -60.012
486.832    40.9064    38.0286    0    180    -60.0114
486.841    40.9111    38.0271    0    180    -60.0108
486.849    40.9155    38.0258    0    180    -60.0103
486.857    40.9198    38.0245    0    180    -60.0097
486.864    40.9238    38.0232    0    180    -60.0092
486.871    40.9277    38.0221    0    180    -60.0088
486.877    40.9313    38.0209    0    180    -60.0083
486.883    40.9348    38.0199    0    180    -60.0079
486.889    40.938    38.0189    0    180    -60.0075
486.895    40.9412    38.0179    0    180    -60.0071
486.9    40.9441    38.017    0    180    -60.0068
486.905    40.9469    38.0162    0    180    -60.0064
486.91    40.9498    38.0153    0    180    -60.0061
486.915    40.9524    38.0145    0    180    -60.0058
486.919    40.9547    38.0138    0    180    -60.0055
486.923    40.957    38.0131    0    180    -60.0052
486.927    40.9592    38.0124    0    180    -60.005
486.931    40.9612    38.0118    0    180    -60.0047
486.934    40.9632    38.0112    0    180    -60.0045
486.937    40.965    38.0107    0    180    -60.0042
486.941    40.9668    38.0101    0    180    -60.004
486.944    40.9685    38.0096    0    180    -60.0038
486.946    40.9701    38.0091    0    180    -60.0036
486.949    40.9716    38.0087    0    180    -60.0035
486.952    40.973    38.0082    0    180    -60.0033
486.954    40.9744    38.0078    0    180    -60.0031
486.956    40.9756    38.0074    0    180    -60.003
486.959    40.9769    38.0071    0    180    -60.0028
486.961    40.978    38.0067    0    180    -60.0027
486.963    40.9791    38.0064    0    180    -60.0025
486.965    40.9802    38.006    0    180    -60.0024
486.966    40.9812    38.0057    0    180    -60.0023
486.968    40.9821    38.0054    0    180    -60.0022
486.97    40.983    38.0052    0    180    -60.0021
486.971    40.9839    38.0049    0    180    -60.002
486.973    40.9847    38.0047    0    180    -60.0019
486.974    40.9855    38.0044    0    180    -60.0018
486.975    40.9862    38.0042    0    180    -60.0017
486.977    40.9869    38.004    0    180    -60.0016
486.978    40.9875    38.0038    0    180    -60.0015
486.979    40.9882    38.0036    0    180    -60.0014
486.98    40.9888    38.0034    0    180    -60.0014
486.981    40.9893    38.0033    0    180    -60.0013
486.982    40.9899    38.0031    0    180    -60.0012
486.983    40.9904    38.0029    0    180    -60.0012
486.984    40.9909    38.0028    0    180    -60.0011
486.984    40.9913    38.0026    0    180    -60.0011
486.985    40.9918    38.0025    0    180    -60.001
486.986    40.9922    38.0024    0    180    -60.001
486.987    40.9926    38.0023    0    180    -60.0009
486.987    40.9929    38.0022    0    180    -60.0009
486.988    40.9933    38.002    0    180    -60.0008
486.989    40.9936    38.0019    0    180    -60.0008
486.989    40.994    38.0018    0    180    -60.0007
486.99    40.9943    38.0018    0    180    -60.0007
486.99    40.9945    38.0017    0    180    -60.0007
