0    0    0    0    0    0
0    0    0    0    0    0
0    0    0    0    0    0
0    0    0    0    0    0
0    0    0    0    0    0
0    0    0    0    0    0
0    0    0    0    0    0
0    0    0    0    0    0
0    0    0    0    0    0
0    0    0    0    0    0
0    0    0    0    0    0
0    0    0    0    0    0
0    0    0    0    0    0
0    0    0    0    0    0
0    0    0    0    0    0
0    0    0    0    0    0
0    0    0    0    0    0
0    0    0    0    0    0
0    0    0    0    0    0
0    0    0    0    0    0
0    0    0    0    0    0
0    0    0    0    0    0
0    0    0    0    0    0
0    0    0    0    0    0
0    0    0    0    0    0
0    0    0    0    0    0
0    0    0    0    0    0
0    0    0    0    0    0
0    0    0    0    0    0
0    0    0    0    0    0
0    0    0    0    0    0
0    0    0    0    0    0
0    0    0    0    0    0
0    0    0    0    0    0
0    0    0    0    0    0
0    0    0    0    0    0
0    0    0    0    0    0
0    0    0    0    0    0
0    0    0    0    0    0
0    0    0    0    0    0
0    0    0    0    0    0
0    0    0    0    0    0
-0.0202572    -0.0133931    0.00362244    -2.6064e-13    1.41826e-13    0.0251738
-0.0196633    -0.0129592    0.00351273    -2.60531e-13    1.4205e-13    0.0244113
-0.0190855    -0.0125396    0.00340621    -2.60425e-13    1.42244e-13    0.0236711
-0.0185236    -0.012134    0.00330282    -2.6032e-13    1.42408e-13    0.0229526
-0.0179787    -0.0117429    0.00320278    -2.6022e-13    1.42596e-13    0.0222574
-0.0174492    -0.0113649    0.00310572    -2.60122e-13    1.42764e-13    0.0215829
-0.0169351    -0.0109999    0.00301167    -2.60028e-13    1.42959e-13    0.0209293
-0.0164351    -0.0106468    0.00292037    -2.59936e-13    1.43104e-13    0.0202948
-0.0159497    -0.0103057    0.00283185    -2.59847e-13    1.43266e-13    0.0196797
-0.0154784    -0.00997616    0.00274608    -2.59761e-13    1.4343e-13    0.0190836
-0.0150205    -0.00965748    0.00266285    -2.59677e-13    1.43581e-13    0.0185052
-0.014576    -0.00934962    0.0025822    -2.59595e-13    1.43729e-13    0.0179447
-0.0141439    -0.00905165    0.0025039    -2.59516e-13    1.4387e-13    0.0174006
-0.0137248    -0.00876391    0.00242807    -2.5944e-13    1.44005e-13    0.0168736
-0.013318    -0.00848582    0.00235456    -2.59365e-13    1.44136e-13    0.0163628
-0.0129223    -0.00821646    0.00228316    -2.59293e-13    1.44255e-13    0.0158666
-0.012538    -0.00795592    0.00221391    -2.59223e-13    1.44381e-13    0.0153854
-0.0121653    -0.00770419    0.00214683    -2.59155e-13    1.44503e-13    0.0149191
-0.0118037    -0.00746087    0.00208181    -2.59089e-13    1.44626e-13    0.0144673
-0.0114522    -0.00722528    0.00201871    -2.59025e-13    1.4474e-13    0.0140288
-0.0111111    -0.00699742    0.00195752    -2.58963e-13    1.44846e-13    0.0136036
-0.0107513    -0.00675799    0.00189305    -2.58898e-13    1.44968e-13    0.0131556
-0.0104304    -0.00654522    0.00183564    -2.58839e-13    1.45062e-13    0.0127566
-0.0101187    -0.00633915    0.00177991    -2.58783e-13    1.45163e-13    0.0123693
-0.00981681    -0.00614022    0.00172599    -2.58728e-13    1.45267e-13    0.0119946
-0.00952368    -0.00594766    0.00167368    -2.58675e-13    1.45362e-13    0.0116311
-0.00923902    -0.00576122    0.00162294    -2.58623e-13    1.45452e-13    0.0112784
-0.00896253    -0.00558066    0.00157369    -2.58573e-13    1.45534e-13    0.0109362
-0.00869423    -0.00540594    0.00152595    -2.58524e-13    1.45626e-13    0.0106044
-0.00843438    -0.00523718    0.00147975    -2.58477e-13    1.45704e-13    0.0102833
-0.00818131    -0.00507327    0.00143479    -2.58432e-13    1.45791e-13    0.00997089
-0.0079361    -0.00491485    0.00139125    -2.58387e-13    1.45866e-13    0.00966837
-0.00769839    -0.00476167    0.00134909    -2.58344e-13    1.45938e-13    0.00937534
-0.0074678    -0.00461343    0.00130822    -2.58302e-13    1.46014e-13    0.0090913
-0.00724408    -0.00446995    0.00126859    -2.58262e-13    1.46083e-13    0.00881591
-0.00702688    -0.00433097    0.00123014    -2.58223e-13    1.46153e-13    0.00854873
-0.0068159    -0.00419626    0.00119282    -2.58185e-13    1.46221e-13    0.00828938
-0.00661067    -0.00406552    0.00115654    -2.58148e-13    1.46287e-13    0.00803726
-0.00641232    -0.00393942    0.0011215    -2.58112e-13    1.4635e-13    0.00779374
-0.00621987    -0.00381731    0.00108752    -2.58077e-13    1.46412e-13    0.00755761
-0.00603317    -0.00369909    0.00105458    -2.58043e-13    1.4647e-13    0.00732867
-0.00585202    -0.00358461    0.00102263    -2.58011e-13    1.46525e-13    0.00710667
-0.0056762    -0.00347369    0.000991641    -2.57979e-13    1.46581e-13    0.0068913
-0.0055056    -0.00336627    0.000961589    -2.57948e-13    1.46635e-13    0.00668246
-0.00534023    -0.00326232    0.000932472    -2.57919e-13    1.46687e-13    0.00648011
-0.00517972    -0.00316159    0.000904225    -2.5789e-13    1.4674e-13    0.00628382
-0.00502398    -0.00306402    0.000876831    -2.57862e-13    1.4679e-13    0.00609344
-0.00487287    -0.0029695    0.000850264    -2.57834e-13    1.46835e-13    0.00590882
-0.00472583    -0.00287767    0.000824423    -2.57808e-13    1.4688e-13    0.00572924
-0.00458359    -0.00278897    0.000799438    -2.57782e-13    1.46925e-13    0.00555561
-0.00444571    -0.00270311    0.000775228    -2.57758e-13    1.46971e-13    0.00538737
-0.00431194    -0.00261993    0.00075175    -2.57734e-13    1.47012e-13    0.00522421
-0.00416965    -0.00253159    0.000726787    -2.57708e-13    1.47057e-13    0.00505073
-0.00404407    -0.00245373    0.000704766    -2.57685e-13    1.47096e-13    0.00489769
-0.00392228    -0.00237831    0.000683416    -2.57663e-13    1.47134e-13    0.00474932
-0.00380325    -0.00230469    0.000662558    -2.57642e-13    1.47173e-13    0.00460438
-0.00368864    -0.0022339    0.000642481    -2.57622e-13    1.47207e-13    0.00446485
-0.00357751    -0.00216533    0.000623021    -2.57602e-13    1.47242e-13    0.00432961
-0.00346955    -0.00209879    0.000604122    -2.57582e-13    1.47277e-13    0.00419828
-0.00336492    -0.00203438    0.000585812    -2.57563e-13    1.4731e-13    0.00407104
-0.00326347    -0.001972    0.000568064    -2.57545e-13    1.4734e-13    0.0039477
-0.00316502    -0.00191152    0.000550846    -2.57528e-13    1.47372e-13    0.00382804
-0.00306956    -0.00185293    0.000534155    -2.5751e-13    1.47402e-13    0.00371205
-0.00297695    -0.00179616    0.000517968    -2.57494e-13    1.4743e-13    0.00359956
-0.00288685    -0.00174097    0.000502224    -2.57478e-13    1.47458e-13    0.00349015
-0.00279968    -0.00168763    0.000486996    -2.57462e-13    1.47486e-13    0.00338433
-0.00271523    -0.001636    0.000472247    -2.57447e-13    1.47512e-13    0.00328183
-0.00263303    -0.00158579    0.000457894    -2.57432e-13    1.47538e-13    0.00318209
-0.00255346    -0.00153722    0.000444004    -2.57418e-13    1.47563e-13    0.00308556
-0.00247639    -0.00149022    0.000430553    -2.57404e-13    1.47587e-13    0.00299208
-0.00240144    -0.00144455    0.000417475    -2.57391e-13    1.4761e-13    0.0029012
-0.00232877    -0.00140031    0.000404799    -2.57378e-13    1.47633e-13    0.00281311
-0.00225848    -0.00135754    0.000392539    -2.57365e-13    1.47655e-13    0.00272791
-0.00219021    -0.00131603    0.000380634    -2.57353e-13    1.47676e-13    0.00264517
-0.00212405    -0.00127583    0.0003691    -2.57341e-13    1.47696e-13    0.00256502
-0.00205989    -0.00123688    0.000357917    -2.57329e-13    1.47717e-13    0.0024873
-0.00199762    -0.0011991    0.000347066    -2.57318e-13    1.47736e-13    0.0024119
-0.00193728    -0.00116251    0.000336552    -2.57307e-13    1.47755e-13    0.00233883
-0.00187873    -0.00112703    0.000326352    -2.57297e-13    1.47773e-13    0.00226795
-0.00182184    -0.00109257    0.000316443    -2.57287e-13    1.47791e-13    0.00219908
-0.00176673    -0.00105922    0.000306845    -2.57277e-13    1.47808e-13    0.00213239
-0.00171329    -0.00102689    0.00029754    -2.57267e-13    1.47824e-13    0.00206772
-0.00166146    -0.000995551    0.000288517    -2.57258e-13    1.47841e-13    0.00200502
-0.00161124    -0.000965209    0.000279776    -2.57249e-13    1.47857e-13    0.00194428
-0.00156255    -0.000935798    0.000271301    -2.5724e-13    1.47872e-13    0.00188538
-0.0015153    -0.000907277    0.000263079    -2.57232e-13    1.47887e-13    0.00182824
-0.00146949    -0.000879637    0.000255109    -2.57224e-13    1.479e-13    0.00177285
-0.00142504    -0.000852833    0.000247376    -2.57216e-13    1.47915e-13    0.00171912
-0.00138194    -0.000826852    0.000239879    -2.57208e-13    1.47928e-13    0.00166701
-0.00134016    -0.000801675    0.000232612    -2.572e-13    1.47941e-13    0.00161651
-0.00129963    -0.000777268    0.000225564    -2.57193e-13    1.47953e-13    0.00156753
-0.00126031    -0.000753598    0.000218727    -2.57186e-13    1.47966e-13    0.00152002
-0.00122218    -0.00073065    0.000212097    -2.57179e-13    1.47978e-13    0.00147395
-0.00118522    -0.000708416    0.000205672    -2.57173e-13    1.47989e-13    0.00142929
-0.00114935    -0.000686846    0.000199437    -2.57166e-13    1.48e-13    0.00138596
-0.00111458    -0.000665946    0.000193393    -2.5716e-13    1.48011e-13    0.00134396
-0.00108088    -0.000645698    0.000187537    -2.57154e-13    1.48022e-13    0.00130327
-0.00104815    -0.000626036    0.000181849    -2.57148e-13    1.48032e-13    0.00126374
-0.00101641    -0.000606978    0.000176334    -2.57143e-13    1.48041e-13    0.00122541
-0.000982649    -0.000586715    0.000170469    -2.57136e-13    1.48052e-13    0.00118465
-0.000952916    -0.000568874    0.000165304    -2.57131e-13    1.48061e-13    0.00114876
-0.000924091    -0.000551582    0.000160296    -2.57126e-13    1.4807e-13    0.00111396
-0.00089613    -0.000534814    0.00015544    -2.57121e-13    1.48079e-13    0.00108021
-0.000868967    -0.000518529    0.000150722    -2.57116e-13    1.48087e-13    0.00104743
-0.000842661    -0.000502762    0.000146154    -2.57111e-13    1.48095e-13    0.00101568
-0.000817153    -0.000487478    0.000141724    -2.57107e-13    1.48103e-13    0.000984897
-0.00079242    -0.000472662    0.00013743    -2.57102e-13    1.48111e-13    0.000955052
-0.000768421    -0.00045829    0.000133263    -2.57098e-13    1.48118e-13    0.000926095
-0.000745181    -0.000444375    0.000129228    -2.57094e-13    1.48126e-13    0.000898055
-0.00072259    -0.000430852    0.000125306    -2.5709e-13    1.48133e-13    0.0008708
-0.000700725    -0.000417767    0.00012151    -2.57086e-13    1.4814e-13    0.000844423
-0.000679519    -0.000405079    0.00011783    -2.57082e-13    1.48146e-13    0.000818844
-0.000658925    -0.00039276    0.000114255    -2.57079e-13    1.48152e-13    0.000794003
-0.000638946    -0.000380811    0.000110787    -2.57075e-13    1.48159e-13    0.000769905
-0.000619606    -0.000369247    0.000107431    -2.57072e-13    1.48165e-13    0.00074658
-0.000600835    -0.000358026    0.000104174    -2.57068e-13    1.48171e-13    0.000723943
-0.000582637    -0.000347149    0.000101016    -2.57065e-13    1.48176e-13    0.000701997
-0.000565013    -0.000336617    9.79575e-05    -2.57062e-13    1.48181e-13    0.000680745
-0.000547884    -0.000326383    9.49855e-05    -2.57059e-13    1.48187e-13    0.000660091
-0.000531297    -0.000316474    9.21075e-05    -2.57056e-13    1.48192e-13    0.000640091
-0.000515218    -0.000306871    8.93179e-05    -2.57053e-13    1.48197e-13    0.000620705
-0.000499614    -0.000297552    8.66108e-05    -2.5705e-13    1.48202e-13    0.000601892
-0.000484483    -0.000288518    8.39858e-05    -2.57047e-13    1.48206e-13    0.000583651
-0.000469814    -0.000279761    8.14412e-05    -2.57045e-13    1.48211e-13    0.000565967
-0.000455566    -0.000271256    7.89697e-05    -2.57042e-13    1.48215e-13    0.000548791
-0.000441775    -0.000263026    7.65776e-05    -2.5704e-13    1.4822e-13    0.000532168
-0.000428399    -0.000255044    7.42576e-05    -2.57037e-13    1.48224e-13    0.000516045
-0.00041543    -0.000247306    7.20082e-05    -2.57035e-13    1.48228e-13    0.000500413
-0.00040286    -0.000239808    6.98281e-05    -2.57033e-13    1.48232e-13    0.000485263
-0.000390667    -0.000232535    6.77134e-05    -2.57031e-13    1.48235e-13    0.000470567
-0.000378827    -0.000225473    6.56601e-05    -2.57029e-13    1.48239e-13    0.000456298
-0.00036736    -0.000218635    6.36715e-05    -2.57026e-13    1.48243e-13    0.000442478
-0.000356232    -0.000212    6.17417e-05    -2.57024e-13    1.48246e-13    0.000429067
-0.000345434    -0.000205562    5.98693e-05    -2.57023e-13    1.48249e-13    0.000416055
-0.000334974    -0.000199327    5.80556e-05    -2.57021e-13    1.48253e-13    0.000403451
-0.000324834    -0.000193282    5.62972e-05    -2.57019e-13    1.48256e-13    0.000391232
-0.000314991    -0.000187416    5.45906e-05    -2.57017e-13    1.48259e-13    0.000379372
-0.000305454    -0.000181732    5.2937e-05    -2.57015e-13    1.48262e-13    0.00036788
-0.000296206    -0.000176222    5.13335e-05    -2.57014e-13    1.48265e-13    0.000356737
-0.000287233    -0.000170876    4.97779e-05    -2.57012e-13    1.48267e-13    0.000345926
-0.000278535    -0.000165694    4.827e-05    -2.57011e-13    1.4827e-13    0.000335447
-0.000270096    -0.000160666    4.68069e-05    -2.57009e-13    1.48273e-13    0.000325279
-0.000261917    -0.000155794    4.53888e-05    -2.57008e-13    1.48275e-13    0.000315425
-0.000253986    -0.00015107    4.4014e-05    -2.57006e-13    1.48278e-13    0.00030587
-0.000246286    -0.000146485    4.26792e-05    -2.57005e-13    1.4828e-13    0.000296594
-0.000238822    -0.00014204    4.13853e-05    -2.57004e-13    1.48283e-13    0.000287603
-0.000231586    -0.000137731    4.01309e-05    -2.57002e-13    1.48285e-13    0.000278885
-0.000224558    -0.000133546    3.89127e-05    -2.57001e-13    1.48287e-13    0.00027042
-0.000217755    -0.000129496    3.77335e-05    -2.57e-13    1.48289e-13    0.000262225
-0.000211164    -0.000125572    3.65909e-05    -2.56999e-13    1.48291e-13    0.000254284
-0.000204764    -0.000121762    3.54816e-05    -2.56997e-13    1.48293e-13    0.000246576
-0.000198551    -0.000118064    3.44047e-05    -2.56996e-13    1.48295e-13    0.000239092
-0.000192541    -0.000114486    3.3363e-05    -2.56995e-13    1.48297e-13    0.000231853
-0.000186705    -0.000111013    3.23515e-05    -2.56994e-13    1.48299e-13    0.000224824
-0.000181051    -0.000107648    3.13715e-05    -2.56993e-13    1.483e-13    0.000218013
-0.000175564    -0.000104382    3.04205e-05    -2.56992e-13    1.48302e-13    0.000211404
-0.000170244    -0.000101216    2.94985e-05    -2.56991e-13    1.48304e-13    0.000204996
-0.000165087    -9.81475e-05    2.86046e-05    -2.5699e-13    1.48305e-13    0.000198785
-0.000160088    -9.51731e-05    2.77383e-05    -2.56989e-13    1.48307e-13    0.000192764
-0.000155236    -9.22863e-05    2.68974e-05    -2.56989e-13    1.48308e-13    0.000186921
-0.000150528    -8.94851e-05    2.60814e-05    -2.56988e-13    1.4831e-13    0.00018125
-0.000145965    -8.67703e-05    2.52906e-05    -2.56987e-13    1.48311e-13    0.000175754
-0.000141534    -8.41348e-05    2.45229e-05    -2.56986e-13    1.48313e-13    0.000170419
-0.000137246    -8.15836e-05    2.37797e-05    -2.56985e-13    1.48314e-13    0.000165254
-0.000133086    -7.91091e-05    2.30587e-05    -2.56985e-13    1.48315e-13    0.000160244
-0.00012905    -7.67086e-05    2.23594e-05    -2.56984e-13    1.48316e-13    0.000155384
-0.000125136    -7.43805e-05    2.16811e-05    -2.56983e-13    1.48318e-13    0.00015067
-0.000121344    -7.21251e-05    2.1024e-05    -2.56983e-13    1.48319e-13    0.000146104
-0.000117668    -6.99387e-05    2.03869e-05    -2.56982e-13    1.4832e-13    0.000141677
-0.000113779    -6.7626e-05    1.97131e-05    -2.56981e-13    1.48321e-13    0.000136994
-0.000110332    -6.55759e-05    1.91157e-05    -2.56981e-13    1.48322e-13    0.000132843
-0.000106988    -6.35873e-05    1.85363e-05    -2.5698e-13    1.48323e-13    0.000128816
-0.000103748    -6.16605e-05    1.79748e-05    -2.56979e-13    1.48324e-13    0.000124914
-0.000100604    -5.97911e-05    1.74301e-05    -2.56979e-13    1.48325e-13    0.000121128
-9.75506e-05    -5.79754e-05    1.6901e-05    -2.56978e-13    1.48326e-13    0.000117451
-9.45947e-05    -5.62178e-05    1.63888e-05    -2.56978e-13    1.48327e-13    0.000113892
-9.17235e-05    -5.45106e-05    1.58912e-05    -2.56977e-13    1.48328e-13    0.000110435
-8.89401e-05    -5.28557e-05    1.5409e-05    -2.56977e-13    1.48329e-13    0.000107083
-8.62441e-05    -5.12528e-05    1.49418e-05    -2.56976e-13    1.4833e-13    0.000103837
-8.36296e-05    -4.96984e-05    1.44888e-05    -2.56976e-13    1.48331e-13    0.000100688
-8.10933e-05    -4.81905e-05    1.40493e-05    -2.56975e-13    1.48331e-13    9.76343e-05
-7.86367e-05    -4.673e-05    1.36237e-05    -2.56975e-13    1.48332e-13    9.46763e-05
-7.62545e-05    -4.53138e-05    1.32109e-05    -2.56974e-13    1.48333e-13    9.18079e-05
-7.39426e-05    -4.39394e-05    1.28103e-05    -2.56974e-13    1.48334e-13    8.90241e-05
-7.17006e-05    -4.26067e-05    1.24219e-05    -2.56974e-13    1.48334e-13    8.63246e-05
-6.95268e-05    -4.13145e-05    1.20452e-05    -2.56973e-13    1.48335e-13    8.37071e-05
-6.74163e-05    -4.00599e-05    1.16796e-05    -2.56973e-13    1.48336e-13    8.11659e-05
-6.53727e-05    -3.88452e-05    1.13255e-05    -2.56973e-13    1.48336e-13    7.87053e-05
-6.33928e-05    -3.76683e-05    1.09824e-05    -2.56972e-13    1.48337e-13    7.63213e-05
-6.14702e-05    -3.65255e-05    1.06493e-05    -2.56972e-13    1.48337e-13    7.40065e-05
-5.96076e-05    -3.54184e-05    1.03266e-05    -2.56971e-13    1.48338e-13    7.17638e-05
-5.78027e-05    -3.43456e-05    1.00139e-05    -2.56971e-13    1.48339e-13    6.95907e-05
-5.60501e-05    -3.33039e-05    9.71026e-06    -2.56971e-13    1.48339e-13    6.74804e-05
-5.43523e-05    -3.22949e-05    9.41611e-06    -2.56971e-13    1.4834e-13    6.54363e-05
-5.27056e-05    -3.13162e-05    9.13082e-06    -2.5697e-13    1.4834e-13    6.34536e-05
-5.11054e-05    -3.03651e-05    8.85357e-06    -2.5697e-13    1.48341e-13    6.15269e-05
-4.95554e-05    -2.94439e-05    8.58503e-06    -2.5697e-13    1.48341e-13    5.96608e-05
-4.80548e-05    -2.85521e-05    8.32505e-06    -2.56969e-13    1.48342e-13    5.7854e-05
-4.65976e-05    -2.7686e-05    8.07257e-06    -2.56969e-13    1.48342e-13    5.60995e-05
-4.51848e-05    -2.68464e-05    7.8278e-06    -2.56969e-13    1.48342e-13    5.43985e-05
-4.3816e-05    -2.6033e-05    7.59066e-06    -2.56969e-13    1.48343e-13    5.27505e-05
-4.24865e-05    -2.52429e-05    7.36033e-06    -2.56968e-13    1.48343e-13    5.11498e-05
-4.11988e-05    -2.44777e-05    7.13723e-06    -2.56968e-13    1.48344e-13    4.95994e-05
-3.99511e-05    -2.37362e-05    6.92107e-06    -2.56968e-13    1.48344e-13    4.80972e-05
-3.87398e-05    -2.30164e-05    6.71121e-06    -2.56968e-13    1.48344e-13    4.66389e-05
-3.75654e-05    -2.23185e-05    6.50775e-06    -2.56968e-13    1.48345e-13    4.52249e-05
-3.64276e-05    -2.16424e-05    6.31063e-06    -2.56967e-13    1.48345e-13    4.3855e-05
-3.53228e-05    -2.09859e-05    6.11923e-06    -2.56967e-13    1.48345e-13    4.25249e-05
-3.42529e-05    -2.03501e-05    5.93387e-06    -2.56967e-13    1.48346e-13    4.12368e-05
-3.32151e-05    -1.97334e-05    5.75407e-06    -2.56967e-13    1.48346e-13    3.99873e-05
-3.22083e-05    -1.91352e-05    5.57965e-06    -2.56967e-13    1.48346e-13    3.87752e-05
-3.12318e-05    -1.85549e-05    5.41048e-06    -2.56966e-13    1.48347e-13    3.75995e-05
-3.02854e-05    -1.79926e-05    5.24653e-06    -2.56966e-13    1.48347e-13    3.64602e-05
-2.93675e-05    -1.74472e-05    5.08751e-06    -2.56966e-13    1.48347e-13    3.53551e-05
-2.84774e-05    -1.69183e-05    4.93329e-06    -2.56966e-13    1.48348e-13    3.42834e-05
-2.76142e-05    -1.64054e-05    4.78375e-06    -2.56966e-13    1.48348e-13    3.32441e-05
-2.67769e-05    -1.59079e-05    4.63871e-06    -2.56966e-13    1.48348e-13    3.22362e-05
-2.59656e-05    -1.54258e-05    4.49814e-06    -2.56965e-13    1.48348e-13    3.12594e-05
-2.51788e-05    -1.49584e-05    4.36185e-06    -2.56965e-13    1.48349e-13    3.03122e-05
-2.44152e-05    -1.45047e-05    4.22956e-06    -2.56965e-13    1.48349e-13    2.93929e-05
-2.36752e-05    -1.4065e-05    4.10137e-06    -2.56965e-13    1.48349e-13    2.8502e-05
-2.29577e-05    -1.36387e-05    3.97706e-06    -2.56965e-13    1.48349e-13    2.76381e-05
-2.22615e-05    -1.3225e-05    3.85645e-06    -2.56965e-13    1.4835e-13    2.68e-05
-2.15871e-05    -1.28244e-05    3.73962e-06    -2.56965e-13    1.4835e-13    2.59881e-05
-2.0933e-05    -1.24357e-05    3.6263e-06    -2.56965e-13    1.4835e-13    2.52006e-05
-2.02984e-05    -1.20587e-05    3.51636e-06    -2.56964e-13    1.4835e-13    2.44366e-05
-1.96836e-05    -1.16934e-05    3.40985e-06    -2.56964e-13    1.4835e-13    2.36964e-05
-1.90874e-05    -1.13392e-05    3.30657e-06    -2.56964e-13    1.48351e-13    2.29786e-05
-1.85085e-05    -1.09952e-05    3.20628e-06    -2.56964e-13    1.48351e-13    2.22817e-05
-1.7947e-05    -1.06616e-05    3.10901e-06    -2.56964e-13    1.48351e-13    2.16057e-05
-1.74033e-05    -1.03387e-05    3.01483e-06    -2.56964e-13    1.48351e-13    2.09512e-05
-1.68755e-05    -1.00251e-05    2.92339e-06    -2.56964e-13    1.48351e-13    2.03158e-05
-1.63641e-05    -9.72122e-06    2.83479e-06    -2.56964e-13    1.48351e-13    1.97001e-05
-1.58681e-05    -9.42653e-06    2.74886e-06    -2.56964e-13    1.48352e-13    1.91029e-05
-1.5387e-05    -9.14072e-06    2.66552e-06    -2.56964e-13    1.48352e-13    1.85238e-05
-1.49209e-05    -8.86384e-06    2.58479e-06    -2.56964e-13    1.48352e-13    1.79627e-05
-1.44687e-05    -8.59518e-06    2.50645e-06    -2.56963e-13    1.48352e-13    1.74183e-05
-1.40302e-05    -8.33468e-06    2.43049e-06    -2.56963e-13    1.48352e-13    1.68904e-05
-1.36052e-05    -8.08217e-06    2.35686e-06    -2.56963e-13    1.48352e-13    1.63787e-05
-1.31932e-05    -7.83742e-06    2.28549e-06    -2.56963e-13    1.48352e-13    1.58827e-05
-1.27932e-05    -7.59974e-06    2.21618e-06    -2.56963e-13    1.48352e-13    1.54011e-05
-1.24057e-05    -7.36955e-06    2.14906e-06    -2.56963e-13    1.48353e-13    1.49346e-05
-1.20301e-05    -7.14644e-06    2.084e-06    -2.56963e-13    1.48353e-13    1.44825e-05
-1.16657e-05    -6.92996e-06    2.02087e-06    -2.56963e-13    1.48353e-13    1.40438e-05
-1.13123e-05    -6.72e-06    1.95965e-06    -2.56963e-13    1.48353e-13    1.36184e-05
-1.09699e-05    -6.51658e-06    1.90033e-06    -2.56963e-13    1.48353e-13    1.32061e-05
-1.06376e-05    -6.31919e-06    1.84277e-06    -2.56963e-13    1.48353e-13    1.28061e-05
-1.03152e-05    -6.12761e-06    1.7869e-06    -2.56963e-13    1.48353e-13    1.24179e-05
-1.00026e-05    -5.94192e-06    1.73276e-06    -2.56963e-13    1.48353e-13    1.20416e-05
-9.69944e-06    -5.76183e-06    1.68024e-06    -2.56963e-13    1.48353e-13    1.16767e-05
-9.4056e-06    -5.58727e-06    1.62934e-06    -2.56963e-13    1.48354e-13    1.13229e-05
-9.12062e-06    -5.41797e-06    1.57997e-06    -2.56962e-13    1.48354e-13    1.09798e-05
-8.84426e-06    -5.2538e-06    1.5321e-06    -2.56962e-13    1.48354e-13    1.06471e-05
-8.57639e-06    -5.09467e-06    1.48569e-06    -2.56962e-13    1.48354e-13    1.03247e-05
-8.31637e-06    -4.9402e-06    1.44065e-06    -2.56962e-13    1.48354e-13    1.00116e-05
-8.06445e-06    -4.79054e-06    1.39701e-06    -2.56962e-13    1.48354e-13    9.70835e-06
-7.82014e-06    -4.64541e-06    1.35469e-06    -2.56962e-13    1.48354e-13    9.41425e-06
-7.5834e-06    -4.50477e-06    1.31367e-06    -2.56962e-13    1.48354e-13    9.12923e-06
-7.35371e-06    -4.36832e-06    1.27388e-06    -2.56962e-13    1.48354e-13    8.85272e-06
-7.13094e-06    -4.23599e-06    1.23529e-06    -2.56962e-13    1.48354e-13    8.58454e-06
-6.9143e-06    -4.10729e-06    1.19776e-06    -2.56962e-13    1.48354e-13    8.32373e-06
-6.70481e-06    -3.98285e-06    1.16147e-06    -2.56962e-13    1.48354e-13    8.07155e-06
-6.50164e-06    -3.86215e-06    1.12628e-06    -2.56962e-13    1.48354e-13    7.82696e-06
-6.30457e-06    -3.74509e-06    1.09214e-06    -2.56962e-13    1.48354e-13    7.58972e-06
