444.692    17.1471    45.2449    0    180    -62.8847
444.692    17.1471    45.2449    0    180    -62.8847
444.692    17.1471    45.2449    0    180    -62.8847
444.692    17.1471    45.2449    0    180    -62.8847
444.692    17.1471    45.2449    0    180    -62.8847
444.692    17.1471    45.2449    0    180    -62.8847
444.692    17.1471    45.2449    0    180    -62.8847
444.692    17.1471    45.2449    0    180    -62.8847
444.692    17.1471    45.2449    0    180    -62.8847
444.692    17.1471    45.2449    0    180    -62.8847
444.692    17.1471    45.2449    0    180    -62.8847
444.692    17.1471    45.2449    0    180    -62.8847
444.692    17.1471    45.2449    0    180    -62.8847
444.692    17.1471    45.2449    0    180    -62.8847
444.692    17.1471    45.2449    0    180    -62.8847
444.692    17.1471    45.2449    0    180    -62.8847
444.692    17.1471    45.2449    0    180    -62.8847
444.692    17.1471    45.2449    0    180    -62.8847
444.692    17.1471    45.2449    0    180    -62.8847
444.692    17.1471    45.2449    0    180    -62.8847
444.692    17.1471    45.2449    0    180    -62.8847
444.692    17.1471    45.2449    0    180    -62.8847
444.692    17.1471    45.2449    0    180    -62.8847
444.692    17.1471    45.2449    0    180    -62.8847
444.692    17.1471    45.2449    0    180    -62.8847
444.692    17.1471    45.2449    0    180    -62.8847
446.287    18.0516    44.971    0    180    -62.7757
447.916    18.9759    44.6912    0    180    -62.6642
449.391    19.8116    44.438    0    180    -62.5634
450.809    20.6147    44.1947    0    180    -62.4665
452.173    21.3871    43.9606    0    180    -62.3733
453.487    22.1305    43.7352    0    180    -62.2836
454.75    22.8454    43.5184    0    180    -62.1973
455.967    23.5333    43.3098    0    180    -62.1142
457.138    24.1957    43.1089    0    180    -62.0342
458.265    24.8324    42.9157    0    180    -61.9573
459.349    25.445    42.7298    0    180    -61.8833
460.393    26.0344    42.551    0    180    -61.8121
461.397    26.6013    42.3789    0    180    -61.7435
462.363    27.1465    42.2133    0    180    -61.6776
463.293    27.6716    42.0539    0    180    -61.6141
464.249    28.2111    41.8901    0    180    -61.5489
465.108    28.6955    41.743    0    180    -61.4903
465.934    29.1612    41.6015    0    180    -61.434
466.729    29.6092    41.4654    0    180    -61.3798
467.495    30.0407    41.3343    0    180    -61.3276
468.232    30.4561    41.2081    0    180    -61.2774
468.94    30.855    41.0869    0    180    -61.2291
469.623    31.2396    40.97    0    180    -61.1826
470.279    31.6091    40.8577    0    180    -61.1378
470.91    31.9644    40.7497    0    180    -61.0948
471.518    32.3065    40.6457    0    180    -61.0534
472.103    32.6356    40.5456    0    180    -61.0136
472.666    32.9526    40.4492    0    180    -60.9752
473.207    33.2571    40.3566    0    180    -60.9383
473.728    33.5502    40.2675    0    180    -60.9029
474.23    33.8323    40.1817    0    180    -60.8687
474.712    34.1037    40.0992    0    180    -60.8358
475.177    34.3647    40.0198    0    180    -60.8042
475.623    34.6158    39.9434    0    180    -60.7738
476.053    34.8574    39.8699    0    180    -60.7445
476.466    35.0897    39.7992    0    180    -60.7164
476.886    35.3257    39.7274    0    180    -60.6878
477.269    35.5404    39.6621    0    180    -60.6618
477.636    35.7469    39.5993    0    180    -60.6368
477.99    35.9457    39.5388    0    180    -60.6127
478.33    36.1369    39.4806    0    180    -60.5895
478.658    36.3207    39.4247    0    180    -60.5673
478.973    36.4977    39.3708    0    180    -60.5458
479.276    36.6679    39.319    0    180    -60.5252
479.568    36.8317    39.2692    0    180    -60.5053
479.849    36.9894    39.2212    0    180    -60.4862
480.119    37.1411    39.175    0    180    -60.4679
480.378    37.2869    39.1306    0    180    -60.4502
480.629    37.4273    39.0879    0    180    -60.4332
480.869    37.5625    39.0467    0    180    -60.4168
481.101    37.6925    39.0072    0    180    -60.401
481.324    37.8176    38.9691    0    180    -60.3859
481.539    37.938    38.9324    0    180    -60.3713
481.745    38.0537    38.8972    0    180    -60.3572
481.943    38.1651    38.8633    0    180    -60.3437
482.135    38.2724    38.8306    0    180    -60.3307
482.318    38.3755    38.7992    0    180    -60.3182
482.495    38.4747    38.769    0    180    -60.3062
482.665    38.5702    38.74    0    180    -60.2946
482.829    38.6621    38.712    0    180    -60.2835
482.987    38.7505    38.6851    0    180    -60.2728
483.138    38.8355    38.6592    0    180    -60.2625
483.284    38.9174    38.6342    0    180    -60.2525
483.425    38.9961    38.6103    0    180    -60.243
483.56    39.0719    38.5872    0    180    -60.2338
483.69    39.1448    38.565    0    180    -60.225
483.815    39.215    38.5436    0    180    -60.2165
483.946    39.2884    38.5213    0    180    -60.2076
484.061    39.3531    38.5016    0    180    -60.1997
484.173    39.4154    38.4826    0    180    -60.1922
484.279    39.4753    38.4644    0    180    -60.1849
484.382    39.533    38.4468    0    180    -60.1779
484.481    39.5885    38.4299    0    180    -60.1712
484.576    39.6419    38.4137    0    180    -60.1647
484.668    39.6932    38.398    0    180    -60.1585
484.756    39.7427    38.383    0    180    -60.1525
484.841    39.7902    38.3685    0    180    -60.1467
484.923    39.836    38.3545    0    180    -60.1412
485.001    39.88    38.3411    0    180    -60.1358
485.077    39.9224    38.3282    0    180    -60.1307
485.15    39.9631    38.3158    0    180    -60.1257
485.22    40.0023    38.3039    0    180    -60.121
485.287    40.0401    38.2924    0    180    -60.1164
485.352    40.0763    38.2813    0    180    -60.112
485.414    40.1113    38.2707    0    180    -60.1078
485.474    40.1449    38.2605    0    180    -60.1037
485.532    40.1772    38.2506    0    180    -60.0998
485.587    40.2083    38.2411    0    180    -60.096
485.641    40.2383    38.232    0    180    -60.0924
485.692    40.2671    38.2232    0    180    -60.0889
485.741    40.2948    38.2148    0    180    -60.0855
485.789    40.3215    38.2067    0    180    -60.0823
485.835    40.3471    38.1989    0    180    -60.0792
485.879    40.3718    38.1913    0    180    -60.0762
485.921    40.3956    38.1841    0    180    -60.0733
485.962    40.4184    38.1771    0    180    -60.0705
486.001    40.4405    38.1704    0    180    -60.0679
486.039    40.4616    38.164    0    180    -60.0653
486.075    40.482    38.1578    0    180    -60.0628
486.11    40.5016    38.1518    0    180    -60.0604
486.144    40.5205    38.1461    0    180    -60.0582
486.176    40.5386    38.1405    0    180    -60.056
486.208    40.556    38.1352    0    180    -60.0538
486.238    40.5728    38.1301    0    180    -60.0518
486.266    40.589    38.1252    0    180    -60.0498
486.294    40.6045    38.1205    0    180    -60.048
486.321    40.6195    38.1159    0    180    -60.0462
486.346    40.6339    38.1115    0    180    -60.0444
486.371    40.6477    38.1073    0    180    -60.0427
486.395    40.661    38.1032    0    180    -60.0411
486.418    40.6739    38.0993    0    180    -60.0396
486.44    40.6862    38.0956    0    180    -60.0381
486.461    40.6981    38.092    0    180    -60.0366
486.481    40.7095    38.0885    0    180    -60.0352
486.502    40.7213    38.0849    0    180    -60.0338
486.521    40.7318    38.0817    0    180    -60.0325
486.539    40.742    38.0786    0    180    -60.0313
486.557    40.7517    38.0756    0    180    -60.0301
486.574    40.7611    38.0728    0    180    -60.029
486.59    40.7701    38.07    0    180    -60.0279
486.605    40.7788    38.0674    0    180    -60.0268
486.62    40.7872    38.0648    0    180    -60.0258
486.634    40.7952    38.0624    0    180    -60.0248
486.648    40.803    38.06    0    180    -60.0239
486.662    40.8104    38.0577    0    180    -60.023
486.674    40.8176    38.0556    0    180    -60.0221
486.687    40.8245    38.0535    0    180    -60.0213
486.699    40.8311    38.0514    0    180    -60.0205
486.71    40.8375    38.0495    0    180    -60.0197
486.721    40.8437    38.0476    0    180    -60.019
486.732    40.8496    38.0458    0    180    -60.0182
486.742    40.8553    38.0441    0    180    -60.0176
486.751    40.8607    38.0424    0    180    -60.0169
486.761    40.866    38.0408    0    180    -60.0163
486.77    40.8711    38.0393    0    180    -60.0156
486.779    40.8759    38.0378    0    180    -60.015
486.787    40.8806    38.0364    0    180    -60.0145
486.795    40.8852    38.035    0    180    -60.0139
486.803    40.8895    38.0337    0    180    -60.0134
486.81    40.8937    38.0324    0    180    -60.0129
486.817    40.8977    38.0312    0    180    -60.0124
486.824    40.9016    38.03    0    180    -60.0119
486.831    40.9053    38.0289    0    180    -60.0115
486.837    40.9089    38.0278    0    180    -60.0111
486.843    40.9123    38.0267    0    180    -60.0106
486.849    40.9156    38.0257    0    180    -60.0102
486.855    40.9188    38.0247    0    180    -60.0098
486.861    40.9219    38.0238    0    180    -60.0095
486.866    40.9248    38.0229    0    180    -60.0091
486.871    40.9277    38.022    0    180    -60.0088
486.876    40.9304    38.0212    0    180    -60.0084
486.88    40.9331    38.0204    0    180    -60.0081
486.885    40.9356    38.0196    0    180    -60.0078
486.889    40.938    38.0189    0    180    -60.0075
486.894    40.9404    38.0182    0    180    -60.0072
486.898    40.9426    38.0175    0    180    -60.007
486.901    40.9448    38.0168    0    180    -60.0067
486.905    40.9469    38.0162    0    180    -60.0064
486.909    40.9489    38.0156    0    180    -60.0062
486.912    40.9508    38.015    0    180    -60.006
486.916    40.9527    38.0144    0    180    -60.0057
486.919    40.9545    38.0139    0    180    -60.0055
486.922    40.9562    38.0133    0    180    -60.0053
486.925    40.9578    38.0128    0    180    -60.0051
486.928    40.9594    38.0124    0    180    -60.0049
486.93    40.961    38.0119    0    180    -60.0047
486.933    40.9625    38.0114    0    180    -60.0046
486.936    40.9639    38.011    0    180    -60.0044
486.938    40.9652    38.0106    0    180    -60.0042
486.94    40.9666    38.0102    0    180    -60.0041
486.943    40.9678    38.0098    0    180    -60.0039
486.945    40.969    38.0094    0    180    -60.0038
486.947    40.9702    38.0091    0    180    -60.0036
486.949    40.9713    38.0087    0    180    -60.0035
486.951    40.9724    38.0084    0    180    -60.0033
486.953    40.9735    38.0081    0    180    -60.0032
486.954    40.9745    38.0078    0    180    -60.0031
486.956    40.9754    38.0075    0    180    -60.003
486.958    40.9764    38.0072    0    180    -60.0029
486.959    40.9772    38.0069    0    180    -60.0028
486.961    40.9781    38.0067    0    180    -60.0027
486.962    40.9789    38.0064    0    180    -60.0026
486.964    40.9797    38.0062    0    180    -60.0025
486.965    40.9805    38.0059    0    180    -60.0024
486.967    40.9813    38.0057    0    180    -60.0023
486.968    40.982    38.0055    0    180    -60.0022
486.969    40.9827    38.0053    0    180    -60.0021
486.97    40.9833    38.0051    0    180    -60.002
486.971    40.984    38.0049    0    180    -60.0019
486.972    40.9846    38.0047    0    180    -60.0019
486.973    40.9852    38.0045    0    180    -60.0018
486.974    40.9857    38.0044    0    180    -60.0017
486.975    40.9863    38.0042    0    180    -60.0017
486.976    40.9868    38.004    0    180    -60.0016
486.977    40.9873    38.0039    0    180    -60.0015
486.978    40.9878    38.0037    0    180    -60.0015
486.979    40.9882    38.0036    0    180    -60.0014
486.98    40.9887    38.0035    0    180    -60.0014
486.981    40.9891    38.0033    0    180    -60.0013
486.981    40.9895    38.0032    0    180    -60.0013
486.982    40.9899    38.0031    0    180    -60.0012
486.983    40.9903    38.003    0    180    -60.0012
486.983    40.9906    38.0028    0    180    -60.0011
486.984    40.991    38.0027    0    180    -60.0011
486.985    40.9913    38.0026    0    180    -60.0011
486.985    40.9917    38.0025    0    180    -60.001
486.986    40.992    38.0024    0    180    -60.001
486.986    40.9923    38.0023    0    180    -60.0009
486.987    40.9926    38.0023    0    180    -60.0009
486.987    40.9929    38.0022    0    180    -60.0009
486.988    40.9931    38.0021    0    180    -60.0008
486.988    40.9934    38.002    0    180    -60.0008
486.989    40.9936    38.0019    0    180    -60.0008
486.989    40.9939    38.0019    0    180    -60.0007
486.989    40.9941    38.0018    0    180    -60.0007
486.99    40.9943    38.0017    0    180    -60.0007
486.99    40.9945    38.0017    0    180    -60.0007
486.991    40.9948    38.0016    0    180    -60.0006
486.991    40.995    38.0015    0    180    -60.0006
486.991    40.9951    38.0015    0    180    -60.0006
486.992    40.9953    38.0014    0    180    -60.0006
486.992    40.9955    38.0014    0    180    -60.0005
486.992    40.9957    38.0013    0    180    -60.0005
486.993    40.9958    38.0013    0    180    -60.0005
486.993    40.996    38.0012    0    180    -60.0005
486.993    40.9961    38.0012    0    180    -60.0005
486.993    40.9963    38.0011    0    180    -60.0004
486.994    40.9964    38.0011    0    180    -60.0004
486.994    40.9966    38.001    0    180    -60.0004
486.994    40.9967    38.001    0    180    -60.0004
486.994    40.9968    38.001    0    180    -60.0004
486.995    40.9969    38.0009    0    180    -60.0004
486.995    40.9971    38.0009    0    180    -60.0004
486.995    40.9972    38.0009    0    180    -60.0003
486.995    40.9973    38.0008    0    180    -60.0003
486.995    40.9974    38.0008    0    180    -60.0003
486.995    40.9975    38.0008    0    180    -60.0003
486.996    40.9976    38.0007    0    180    -60.0003
486.996    40.9977    38.0007    0    180    -60.0003
486.996    40.9978    38.0007    0    180    -60.0003
486.996    40.9978    38.0007    0    180    -60.0003
486.996    40.9979    38.0006    0    180    -60.0003
486.996    40.998    38.0006    0    180    -60.0002
486.997    40.9981    38.0006    0    180    -60.0002
486.997    40.9981    38.0006    0    180    -60.0002
486.997    40.9982    38.0005    0    180    -60.0002
486.997    40.9983    38.0005    0    180    -60.0002
486.997    40.9983    38.0005    0    180    -60.0002
486.997    40.9984    38.0005    0    180    -60.0002
486.997    40.9985    38.0005    0    180    -60.0002
486.997    40.9985    38.0004    0    180    -60.0002
486.997    40.9986    38.0004    0    180    -60.0002
486.998    40.9986    38.0004    0    180    -60.0002
486.998    40.9987    38.0004    0    180    -60.0002
486.998    40.9987    38.0004    0    180    -60.0002
486.998    40.9988    38.0004    0    180    -60.0001
