0    0    0    0    0    0
0    0    0    0    0    0
0    0    0    0    0    0
0    0    0    0    0    0
0    0    0    0    0    0
0    0    0    0    0    0
0    0    0    0    0    0
0    0    0    0    0    0
0    0    0    0    0    0
0    0    0    0    0    0
0    0    0    0    0    0
0    0    0    0    0    0
0    0    0    0    0    0
0    0    0    0    0    0
0    0    0    0    0    0
0    0    0    0    0    0
0    0    0    0    0    0
0    0    0    0    0    0
0    0    0    0    0    0
0    0    0    0    0    0
0    0    0    0    0    0
0    0    0    0    0    0
0    0    0    0    0    0
0    0    0    0    0    0
0    0    0    0    0    0
0    0    0    0    0    0
0    0    0    0    0    0
0    0    0    0    0    0
0    0    0    0    0    0
0    0    0    0    0    0
0    0    0    0    0    0
0    0    0    0    0    0
0    0    0    0    0    0
0    0    0    0    0    0
0    0    0    0    0    0
0    0    0    0    0    0
0    0    0    0    0    0
0    0    0    0    0    0
0    0    0    0    0    0
0    0    0    0    0    0
0    0    0    0    0    0
0    0    0    0    0    0
0    0    0    0    0    0
0    0    0    0    0    0
0    0    0    0    0    0
0    0    0    0    0    0
0    0    0    0    0    0
0    0    0    0    0    0
0    0    0    0    0    0
0    0    0    0    0    0
0    0    0    0    0    0
-0.0202572    -0.0133931    0.00362244    -2.6064e-13    1.41826e-13    0.0251738
-0.0199525    -0.0131697    0.00356612    -2.60585e-13    1.41959e-13    0.0247823
-0.0197363    -0.0130115    0.00352618    -2.60545e-13    1.42034e-13    0.0245048
-0.019502    -0.0128404    0.00348294    -2.60502e-13    1.42108e-13    0.0242043
-0.0191823    -0.012608    0.00342401    -2.60442e-13    1.42215e-13    0.0237948
-0.0188245    -0.0123488    0.00335813    -2.60376e-13    1.42334e-13    0.023337
-0.0185721    -0.0121665    0.00331172    -2.60329e-13    1.42391e-13    0.0230144
-0.0183744    -0.0120239    0.00327538    -2.60293e-13    1.42458e-13    0.0227619
-0.0181872    -0.0118891    0.00324099    -2.60258e-13    1.42521e-13    0.0225229
-0.0179231    -0.0116996    0.00319253    -2.6021e-13    1.42615e-13    0.0221862
-0.0177332    -0.0115636    0.00315771    -2.60175e-13    1.4269e-13    0.0219441
-0.0175137    -0.0114068    0.00311749    -2.60134e-13    1.42743e-13    0.0216647
-0.0170947    -0.0111088    0.0030408    -2.60058e-13    1.42905e-13    0.0211317
-0.016773    -0.0108808    0.002982    -2.59998e-13    1.43007e-13    0.0207231
-0.0164652    -0.0106634    0.0029258    -2.59941e-13    1.43089e-13    0.0203326
-0.016257    -0.0105165    0.00288781    -2.59904e-13    1.43181e-13    0.0200685
-0.0160083    -0.0103417    0.00284249    -2.59858e-13    1.43246e-13    0.0197536
-0.0157886    -0.0101876    0.00280247    -2.59817e-13    1.43319e-13    0.0194755
-0.0155127    -0.00999462    0.00275226    -2.59767e-13    1.43423e-13    0.0191266
-0.0152789    -0.00983148    0.00270975    -2.59724e-13    1.43484e-13    0.0188311
-0.0150259    -0.0096554    0.00266378    -2.59677e-13    1.43564e-13    0.0185116
-0.0147967    -0.00949632    0.00262218    -2.59636e-13    1.4364e-13    0.0182226
-0.0146419    -0.00938902    0.0025941    -2.59607e-13    1.43696e-13    0.0180274
-0.0144319    -0.00924381    0.00255602    -2.59569e-13    1.43778e-13    0.0177628
-0.0141551    -0.00905296    0.00250587    -2.59518e-13    1.43853e-13    0.0174143
-0.0138835    -0.00886627    0.00245672    -2.59469e-13    1.43946e-13    0.0170727
-0.013645    -0.00870272    0.00241359    -2.59425e-13    1.4403e-13    0.016773
-0.0134694    -0.00858256    0.00238187    -2.59393e-13    1.44079e-13    0.0165526
-0.0132356    -0.00842293    0.00233965    -2.5935e-13    1.44165e-13    0.0162592
-0.0130188    -0.00827526    0.00230053    -2.59311e-13    1.44223e-13    0.0159873
-0.0128415    -0.00815469    0.00226856    -2.59278e-13    1.44295e-13    0.0157651
-0.0126254    -0.00800812    0.00222962    -2.59239e-13    1.44364e-13    0.0154945
-0.0124771    -0.00790769    0.00220292    -2.59212e-13    1.44413e-13    0.0153089
-0.0122974    -0.00778615    0.00217055    -2.59179e-13    1.4446e-13    0.015084
-0.0120668    -0.00763066    0.00212907    -2.59137e-13    1.44544e-13    0.0147958
-0.0118464    -0.00748242    0.00208946    -2.59097e-13    1.44612e-13    0.0145205
-0.011688    -0.00737605    0.00206101    -2.59068e-13    1.44655e-13    0.0143228
-0.011543    -0.00727882    0.00203498    -2.59042e-13    1.44703e-13    0.0141419
-0.0113248    -0.00713283    0.00199582    -2.59002e-13    1.44785e-13    0.0138698
-0.011171    -0.00703011    0.00196825    -2.58974e-13    1.44832e-13    0.0136781
-0.0109823    -0.0069043    0.00193442    -2.5894e-13    1.44885e-13    0.013443
-0.0107678    -0.00676163    0.00189599    -2.58901e-13    1.44965e-13    0.013176
-0.0105962    -0.00664771    0.00186528    -2.58869e-13    1.45011e-13    0.0129625
-0.0103885    -0.00651016    0.00182812    -2.58832e-13    1.45075e-13    0.0127044
-0.0101952    -0.0063824    0.00179357    -2.58797e-13    1.45146e-13    0.0124642
-0.0100477    -0.00628501    0.00176721    -2.5877e-13    1.45188e-13    0.012281
-0.00985441    -0.00615774    0.0017327    -2.58735e-13    1.45248e-13    0.0120412
-0.00971532    -0.00606626    0.00170787    -2.5871e-13    1.45299e-13    0.0118687
-0.00953828    -0.00595004    0.00167629    -2.58677e-13    1.45353e-13    0.0116492
-0.00937711    -0.00584443    0.00164755    -2.58648e-13    1.45403e-13    0.0114495
-0.00919764    -0.00572705    0.00161557    -2.58616e-13    1.45458e-13    0.0112272
-0.00905978    -0.00563701    0.00159101    -2.58591e-13    1.45502e-13    0.0110566
-0.00894816    -0.0055642    0.00157114    -2.5857e-13    1.45543e-13    0.0109185
-0.0087732    -0.00545028    0.00154001    -2.58539e-13    1.45599e-13    0.0107021
-0.00860372    -0.00534013    0.00150986    -2.58508e-13    1.45649e-13    0.0104926
-0.00850352    -0.00527507    0.00149205    -2.5849e-13    1.45686e-13    0.0103688
-0.00834309    -0.0051711    0.00146354    -2.58461e-13    1.45737e-13    0.0101707
-0.00820513    -0.00508182    0.00143903    -2.58436e-13    1.45777e-13    0.0100004
-0.00808663    -0.00500522    0.00141799    -2.58414e-13    1.4582e-13    0.00985416
-0.0079549    -0.00492019    0.00139461    -2.58391e-13    1.45858e-13    0.00969167
-0.00785161    -0.00485359    0.00137628    -2.58372e-13    1.45891e-13    0.00956432
-0.00771042    -0.0047627    0.00135124    -2.58346e-13    1.45941e-13    0.00939031
-0.00760823    -0.00469698    0.00133312    -2.58328e-13    1.4597e-13    0.0092644
-0.00749698    -0.00462552    0.00131341    -2.58308e-13    1.46008e-13    0.00912739
-0.00740366    -0.00456564    0.00129687    -2.58291e-13    1.46036e-13    0.00901249
-0.00731434    -0.00450837    0.00128105    -2.58275e-13    1.46066e-13    0.00890254
-0.00721963    -0.00444772    0.00126428    -2.58258e-13    1.46095e-13    0.008786
-0.00710619    -0.00437516    0.0012442    -2.58237e-13    1.46131e-13    0.00864646
-0.00700428    -0.00431004    0.00122617    -2.58219e-13    1.46164e-13    0.00852114
-0.006921    -0.00425688    0.00121144    -2.58204e-13    1.46188e-13    0.00841876
-0.00678834    -0.00417232    0.00118798    -2.5818e-13    1.46233e-13    0.00825572
-0.00671229    -0.00412387    0.00117453    -2.58166e-13    1.46255e-13    0.00816229
-0.00663556    -0.00407504    0.00116097    -2.58152e-13    1.46277e-13    0.00806805
-0.00653493    -0.00401106    0.00114319    -2.58134e-13    1.46311e-13    0.00794448
-0.00641908    -0.00393751    0.00112273    -2.58113e-13    1.4635e-13    0.00780227
-0.00629099    -0.00385629    0.00110011    -2.5809e-13    1.46385e-13    0.0076451
-0.00616839    -0.00377866    0.00107847    -2.58068e-13    1.46427e-13    0.00749471
-0.0060606    -0.00371048    0.00105945    -2.58048e-13    1.46461e-13    0.00736254
-0.00597567    -0.00365681    0.00104447    -2.58033e-13    1.46486e-13    0.00725844
-0.00587027    -0.00359027    0.00102588    -2.58014e-13    1.46523e-13    0.00712927
-0.00578866    -0.0035388    0.0010115    -2.57999e-13    1.46545e-13    0.00702929
-0.00571265    -0.0034909    0.000998103    -2.57986e-13    1.46571e-13    0.00693621
-0.00563328    -0.00344093    0.000984118    -2.57971e-13    1.46594e-13    0.00683902
-0.00554319    -0.00338426    0.000968248    -2.57955e-13    1.46625e-13    0.00672873
-0.00547317    -0.00334024    0.000955916    -2.57943e-13    1.46645e-13    0.00664303
-0.00540895    -0.0032999    0.000944608    -2.57931e-13    1.46666e-13    0.00656445
-0.00531436    -0.00324055    0.000927958    -2.57914e-13    1.46695e-13    0.00644874
-0.0052533    -0.00320226    0.000917212    -2.57903e-13    1.46716e-13    0.00637407
-0.0051583    -0.00314275    0.000900496    -2.57886e-13    1.46747e-13    0.0062579
-0.00509721    -0.0031045    0.000889751    -2.57875e-13    1.46764e-13    0.00618323
-0.00499236    -0.00303894    0.000871311    -2.57856e-13    1.46799e-13    0.00605508
-0.00493766    -0.00300475    0.000861693    -2.57846e-13    1.46815e-13    0.00598824
-0.00484063    -0.00294418    0.000844638    -2.57829e-13    1.46847e-13    0.00586972
-0.00478858    -0.0029117    0.000835489    -2.57819e-13    1.46863e-13    0.00580614
-0.00471487    -0.00286574    0.000822539    -2.57806e-13    1.46887e-13    0.00571615
-0.00465821    -0.00283044    0.000812586    -2.57796e-13    1.46903e-13    0.00564698
-0.00459946    -0.00279385    0.000802267    -2.57785e-13    1.46921e-13    0.00557527
-0.00451598    -0.00274192    0.000787607    -2.5777e-13    1.46947e-13    0.00547339
-0.00443668    -0.00269262    0.000773685    -2.57756e-13    1.46974e-13    0.00537664
-0.00436232    -0.00264644    0.000760633    -2.57743e-13    1.46997e-13    0.00528594
-0.00427564    -0.00259265    0.000745423    -2.57727e-13    1.47024e-13    0.00518024
-0.00420473    -0.00254868    0.000732984    -2.57714e-13    1.47046e-13    0.00509379
-0.00412994    -0.00250235    0.000719865    -2.57701e-13    1.47068e-13    0.00500262
-0.00408387    -0.00247382    0.000711786    -2.57693e-13    1.47083e-13    0.00494648
-0.00403661    -0.00244456    0.0007035    -2.57684e-13    1.47099e-13    0.0048889
-0.00397422    -0.00240597    0.000692561    -2.57673e-13    1.47117e-13    0.00481288
-0.00393045    -0.00237891    0.00068489    -2.57665e-13    1.47131e-13    0.00475957
-0.0038872    -0.00235218    0.00067731    -2.57657e-13    1.47146e-13    0.00470689
-0.00383948    -0.00232271    0.000668948    -2.57649e-13    1.47162e-13    0.00464878
-0.00378233    -0.00228743    0.000658934    -2.57638e-13    1.47179e-13    0.00457919
-0.00371264    -0.00224445    0.000646727    -2.57626e-13    1.47202e-13    0.00449436
-0.00365337    -0.00220791    0.000636347    -2.57615e-13    1.47218e-13    0.00442222
-0.00358834    -0.00216785    0.000624959    -2.57604e-13    1.47239e-13    0.00434308
-0.00354974    -0.00214409    0.000618201    -2.57597e-13    1.47251e-13    0.00429612
-0.00350779    -0.00211827    0.000610857    -2.57589e-13    1.47264e-13    0.00424509
-0.00343678    -0.0020746    0.000598428    -2.57576e-13    1.47287e-13    0.00415871
-0.00339455    -0.00204864    0.000591038    -2.57569e-13    1.47299e-13    0.00410736
-0.00332969    -0.0020088    0.00057969    -2.57557e-13    1.4732e-13    0.00402849
-0.00329136    -0.00198527    0.000572985    -2.5755e-13    1.47331e-13    0.00398189
-0.00322485    -0.00194446    0.000561351    -2.57538e-13    1.47352e-13    0.00390105
-0.00319001    -0.00192309    0.000555256    -2.57532e-13    1.47364e-13    0.00385869
-0.00312957    -0.00188604    0.000544687    -2.57521e-13    1.47382e-13    0.00378525
-0.00309525    -0.00186501    0.000538687    -2.57515e-13    1.47393e-13    0.00374355
-0.00306344    -0.00184553    0.000533127    -2.57509e-13    1.47403e-13    0.00370491
-0.00300375    -0.00180899    0.000522691    -2.57499e-13    1.47422e-13    0.00363239
-0.00295507    -0.00177921    0.000514185    -2.5749e-13    1.47437e-13    0.00357327
-0.00291936    -0.00175737    0.000507945    -2.57483e-13    1.47448e-13    0.00352991
-0.00288465    -0.00173615    0.000501879    -2.57477e-13    1.47459e-13    0.00348775
-0.00284377    -0.00171117    0.000494736    -2.5747e-13    1.47473e-13    0.00343811
-0.00278877    -0.00167758    0.000485129    -2.5746e-13    1.4749e-13    0.00337135
-0.00273742    -0.00164624    0.00047616    -2.57451e-13    1.47505e-13    0.00330902
-0.00269946    -0.00162308    0.00046953    -2.57444e-13    1.47517e-13    0.00326295
-0.00265688    -0.00159711    0.000462095    -2.57436e-13    1.4753e-13    0.00321128
-0.0026143    -0.00157116    0.000454662    -2.57429e-13    1.47544e-13    0.00315962
-0.00257568    -0.00154762    0.000447919    -2.57422e-13    1.47556e-13    0.00311276
-0.00253159    -0.00152077    0.000440224    -2.57414e-13    1.47569e-13    0.00305929
-0.002503    -0.00150337    0.000435233    -2.57409e-13    1.47579e-13    0.00302461
-0.00246402    -0.00147964    0.000428431    -2.57402e-13    1.47591e-13    0.00297733
-0.00242007    -0.00145291    0.000420761    -2.57394e-13    1.47605e-13    0.00292404
-0.00238789    -0.00143334    0.000415148    -2.57388e-13    1.47614e-13    0.00288503
-0.00233973    -0.00140407    0.000406745    -2.5738e-13    1.47629e-13    0.00282663
-0.00230223    -0.00138129    0.000400205    -2.57373e-13    1.47641e-13    0.00278118
-0.00225845    -0.00135471    0.000392569    -2.57365e-13    1.47655e-13    0.00272812
-0.00221842    -0.00133041    0.000385588    -2.57358e-13    1.47667e-13    0.0026796
-0.00218171    -0.00130814    0.000379187    -2.57351e-13    1.47679e-13    0.00263512
-0.00215853    -0.00129408    0.000375146    -2.57347e-13    1.47686e-13    0.00260703
-0.0021202    -0.00127083    0.000368463    -2.5734e-13    1.47698e-13    0.00256059
-0.0020808    -0.00124696    0.000361595    -2.57333e-13    1.4771e-13    0.00251286
-0.00204022    -0.00122237    0.000354521    -2.57326e-13    1.47723e-13    0.00246371
-0.00200146    -0.0011989    0.000347767    -2.57319e-13    1.47735e-13    0.00241677
-0.00196428    -0.0011764    0.000341288    -2.57312e-13    1.47746e-13    0.00237175
-0.0019249    -0.00115257    0.000334426    -2.57305e-13    1.47759e-13    0.00232406
-0.00189085    -0.00113198    0.000328495    -2.57299e-13    1.4777e-13    0.00228284
-0.00185432    -0.00110989    0.00032213    -2.57293e-13    1.47781e-13    0.00223861
-0.00181708    -0.00108738    0.000315644    -2.57286e-13    1.47792e-13    0.00219353
-0.00178629    -0.00106878    0.000310282    -2.5728e-13    1.47803e-13    0.00215627
-0.00175903    -0.00105232    0.000305534    -2.57275e-13    1.4781e-13    0.00212327
-0.00173803    -0.00103964    0.000301877    -2.57272e-13    1.47817e-13    0.00209786
-0.00170575    -0.00102015    0.000296256    -2.57266e-13    1.47827e-13    0.0020588
-0.00167308    -0.00100044    0.000290569    -2.5726e-13    1.47837e-13    0.00201928
-0.00165062    -0.00098689    0.000286659    -2.57256e-13    1.47844e-13    0.00199211
-0.00162291    -0.000970177    0.000281835    -2.57251e-13    1.47853e-13    0.00195858
-0.0016022    -0.000957691    0.00027823    -2.57247e-13    1.47859e-13    0.00193353
-0.00157567    -0.000941696    0.000273612    -2.57243e-13    1.47867e-13    0.00190143
-0.00155585    -0.000929754    0.000270163    -2.57239e-13    1.47874e-13    0.00187747
-0.00152901    -0.000913582    0.000265492    -2.57234e-13    1.47882e-13    0.00184501
-0.00150845    -0.0009012    0.000261914    -2.57231e-13    1.47889e-13    0.00182015
-0.001488    -0.000888883    0.000258355    -2.57227e-13    1.47895e-13    0.00179541
-0.00146929    -0.000877617    0.0002551    -2.57224e-13    1.479e-13    0.00177279
-0.00145301    -0.000867816    0.000252267    -2.57221e-13    1.47906e-13    0.0017531
-0.00142887    -0.00085329    0.000248068    -2.57216e-13    1.47913e-13    0.00172392
-0.001411    -0.000842536    0.000244959    -2.57213e-13    1.47919e-13    0.00170232
-0.0013873    -0.000828276    0.000240835    -2.57209e-13    1.47926e-13    0.00167366
-0.00136595    -0.000815438    0.000237122    -2.57205e-13    1.47933e-13    0.00164785
-0.00133867    -0.000799036    0.000232377    -2.572e-13    1.47941e-13    0.00161488
-0.00132105    -0.000788445    0.000229313    -2.57197e-13    1.47947e-13    0.00159358
-0.00130027    -0.000775959    0.0002257    -2.57193e-13    1.47953e-13    0.00156848
-0.00127755    -0.000762302    0.000221747    -2.57189e-13    1.4796e-13    0.00154101
-0.00126292    -0.000753516    0.000219204    -2.57187e-13    1.47965e-13    0.00152333
-0.00124396    -0.00074213    0.000215908    -2.57183e-13    1.47971e-13    0.00150043
-0.00122383    -0.000730038    0.000212406    -2.5718e-13    1.47977e-13    0.0014761
-0.0011997    -0.000715554    0.000208212    -2.57175e-13    1.47985e-13    0.00144695
-0.00118197    -0.00070491    0.000205129    -2.57172e-13    1.4799e-13    0.00142552
-0.00116583    -0.000695228    0.000202324    -2.57169e-13    1.47995e-13    0.00140603
-0.00114396    -0.000682104    0.000198522    -2.57165e-13    1.48002e-13    0.00137961
-0.0011272    -0.00067205    0.000195608    -2.57162e-13    1.48007e-13    0.00135936
-0.00111556    -0.000665069    0.000193585    -2.5716e-13    1.48011e-13    0.0013453
-0.00110022    -0.000655869    0.000190919    -2.57158e-13    1.48016e-13    0.00132677
-0.00108229    -0.000645118    0.000187803    -2.57154e-13    1.48021e-13    0.00130511
-0.00106216    -0.000633052    0.000184304    -2.57151e-13    1.48027e-13    0.0012808
-0.00104871    -0.000624992    0.000181968    -2.57148e-13    1.48032e-13    0.00126456
-0.00103087    -0.000614297    0.000178866    -2.57145e-13    1.48037e-13    0.00124301
-0.00101527    -0.000604953    0.000176156    -2.57142e-13    1.48042e-13    0.00122418
-0.000999915    -0.000595753    0.000173488    -2.5714e-13    1.48046e-13    0.00120563
-0.000986595    -0.000587775    0.000171173    -2.57137e-13    1.48051e-13    0.00118955
-0.000969425    -0.000577493    0.00016819    -2.57134e-13    1.48056e-13    0.00116882
-0.000957652    -0.000570443    0.000166145    -2.57132e-13    1.48059e-13    0.0011546
-0.000941834    -0.000560973    0.000163397    -2.57129e-13    1.48065e-13    0.00113551
-0.000931751    -0.000554937    0.000161645    -2.57127e-13    1.48068e-13    0.00112334
-0.000918316    -0.000546896    0.000159311    -2.57125e-13    1.48072e-13    0.00110712
-0.000902494    -0.000537428    0.000156563    -2.57122e-13    1.48077e-13    0.00108802
-0.000887129    -0.000528235    0.000153894    -2.57119e-13    1.48082e-13    0.00106947
-0.000872336    -0.000519385    0.000151324    -2.57117e-13    1.48086e-13    0.00105161
-0.000860326    -0.000512201    0.000149238    -2.57115e-13    1.4809e-13    0.00103712
-0.000849853    -0.000505937    0.000147419    -2.57113e-13    1.48093e-13    0.00102447
-0.000835919    -0.000497605    0.000144999    -2.5711e-13    1.48098e-13    0.00100766
-0.000822085    -0.000489334    0.000142597    -2.57108e-13    1.48102e-13    0.000990962
-0.000807637    -0.000480697    0.000140088    -2.57105e-13    1.48106e-13    0.000973525
-0.00079666    -0.000474135    0.000138182    -2.57103e-13    1.4811e-13    0.000960278
-0.000782574    -0.000465717    0.000135736    -2.57101e-13    1.48114e-13    0.00094328
-0.000772949    -0.000459965    0.000134064    -2.57099e-13    1.48117e-13    0.000931666
-0.000757861    -0.00045095    0.000131444    -2.57096e-13    1.48122e-13    0.000913459
-0.000744876    -0.000443193    0.00012919    -2.57094e-13    1.48126e-13    0.000897791
-0.000732359    -0.000435716    0.000127017    -2.57092e-13    1.4813e-13    0.000882689
-0.000722928    -0.000430083    0.000125379    -2.5709e-13    1.48132e-13    0.00087131
-0.000711645    -0.000423345    0.00012342    -2.57088e-13    1.48136e-13    0.000857696
-0.000703709    -0.000418606    0.000122043    -2.57087e-13    1.48138e-13    0.000848122
-0.000694625    -0.000413182    0.000120466    -2.57085e-13    1.48141e-13    0.000837162
-0.000681398    -0.000405286    0.000118169    -2.57083e-13    1.48145e-13    0.000821206
-0.000669718    -0.000398314    0.000116142    -2.57081e-13    1.48149e-13    0.000807116
-0.000662137    -0.000393789    0.000114826    -2.57079e-13    1.48151e-13    0.000797971
-0.000654581    -0.000389279    0.000113514    -2.57078e-13    1.48154e-13    0.000788856
-0.000645469    -0.000383841    0.000111933    -2.57076e-13    1.48157e-13    0.000777864
-0.00063511    -0.000377661    0.000110135    -2.57074e-13    1.4816e-13    0.00076537
-0.000624812    -0.000371516    0.000108347    -2.57072e-13    1.48163e-13    0.000752948
-0.000614219    -0.000365197    0.000106509    -2.57071e-13    1.48166e-13    0.000740171
-0.00060611    -0.00036036    0.000105101    -2.57069e-13    1.48169e-13    0.00073039
-0.000595173    -0.000353837    0.000103203    -2.57067e-13    1.48172e-13    0.0007172
-0.000587341    -0.000349166    0.000101844    -2.57066e-13    1.48175e-13    0.000707754
-0.000579361    -0.000344407    0.000100459    -2.57064e-13    1.48177e-13    0.00069813
-0.000572302    -0.000340198    9.92341e-05    -2.57063e-13    1.48179e-13    0.000689617
-0.000560786    -0.000333332    9.72357e-05    -2.57061e-13    1.48183e-13    0.000675729
-0.000555001    -0.000329883    9.62318e-05    -2.5706e-13    1.48185e-13    0.000668752
-0.000544699    -0.000323741    9.44441e-05    -2.57058e-13    1.48188e-13    0.000656329
-0.000537282    -0.00031932    9.3157e-05    -2.57057e-13    1.4819e-13    0.000647385
-0.000530746    -0.000315425    9.2023e-05    -2.57056e-13    1.48192e-13    0.000639504
-0.000522966    -0.000310788    9.0673e-05    -2.57054e-13    1.48194e-13    0.000630122
-0.000512577    -0.000304597    8.88704e-05    -2.57052e-13    1.48198e-13    0.000617596
-0.000502555    -0.000298626    8.71316e-05    -2.57051e-13    1.48201e-13    0.000605511
-0.000493536    -0.000293252    8.55667e-05    -2.57049e-13    1.48204e-13    0.000594636
-0.000484997    -0.000288166    8.40853e-05    -2.57048e-13    1.48206e-13    0.000584342
-0.000479399    -0.00028483    8.31139e-05    -2.57047e-13    1.48208e-13    0.000577591
-0.00047118    -0.000279935    8.16882e-05    -2.57045e-13    1.48211e-13    0.000567683
-0.000464522    -0.000275969    8.0533e-05    -2.57044e-13    1.48213e-13    0.000559655
-0.000456144    -0.00027098    7.90796e-05    -2.57042e-13    1.48215e-13    0.000549555
-0.000447144    -0.000265621    7.75183e-05    -2.57041e-13    1.48218e-13    0.000538705
-0.000438434    -0.000260434    7.60073e-05    -2.57039e-13    1.48221e-13    0.000528204
-0.000430133    -0.000255492    7.45674e-05    -2.57038e-13    1.48223e-13    0.000518198
-0.000424823    -0.000252331    7.36463e-05    -2.57037e-13    1.48225e-13    0.000511797
-0.000417075    -0.000247719    7.23022e-05    -2.57035e-13    1.48227e-13    0.000502456
-0.000410498    -0.000243804    7.11615e-05    -2.57034e-13    1.48229e-13    0.000494529
-0.000405055    -0.000240564    7.02174e-05    -2.57033e-13    1.48231e-13    0.000487968
-0.000397228    -0.000235906    6.88598e-05    -2.57032e-13    1.48234e-13    0.000478534
-0.000389517    -0.000231317    6.75223e-05    -2.5703e-13    1.48236e-13    0.000469239
-0.000382091    -0.000226898    6.62342e-05    -2.57029e-13    1.48238e-13    0.000460287
-0.000376257    -0.000223427    6.52224e-05    -2.57028e-13    1.4824e-13    0.000453256
-0.000370216    -0.000219832    6.41746e-05    -2.57027e-13    1.48242e-13    0.000445975
-0.000365802    -0.000217206    6.34091e-05    -2.57026e-13    1.48243e-13    0.000440654
-0.000361032    -0.000214368    6.25818e-05    -2.57025e-13    1.48245e-13    0.000434905
-0.000354192    -0.000210299    6.13956e-05    -2.57024e-13    1.48247e-13    0.000426662
-0.000348784    -0.000207082    6.04577e-05    -2.57023e-13    1.48248e-13    0.000420144
-0.000343577    -0.000203985    5.95547e-05    -2.57022e-13    1.4825e-13    0.000413869
-0.000337109    -0.000200138    5.84329e-05    -2.57021e-13    1.48252e-13    0.000406073
-0.000331966    -0.000197079    5.75411e-05    -2.5702e-13    1.48254e-13    0.000399875
-0.000327579    -0.00019447    5.67802e-05    -2.57019e-13    1.48255e-13    0.000394588
-0.000322688    -0.000191561    5.59321e-05    -2.57018e-13    1.48256e-13    0.000388694
-0.000317152    -0.00018827    5.49722e-05    -2.57018e-13    1.48258e-13    0.000382023
-0.000311586    -0.00018496    5.4007e-05    -2.57017e-13    1.4826e-13    0.000375316
-0.000307949    -0.000182797    5.33762e-05    -2.57016e-13    1.48261e-13    0.000370932
-0.000302924    -0.00017981    5.2505e-05    -2.57015e-13    1.48263e-13    0.000364878
-0.000298309    -0.000177066    5.17047e-05    -2.57014e-13    1.48264e-13    0.000359316
-0.000292734    -0.000173752    5.0738e-05    -2.57013e-13    1.48266e-13    0.000352598
-0.000287591    -0.000170694    4.98462e-05    -2.57012e-13    1.48267e-13    0.000346401
-0.000284114    -0.000168627    4.92432e-05    -2.57012e-13    1.48268e-13    0.000342211
-0.000280561    -0.000166515    4.86272e-05    -2.57011e-13    1.4827e-13    0.00033793
-0.000276268    -0.000163964    4.78829e-05    -2.5701e-13    1.48271e-13    0.000332757
-0.000273087    -0.000162073    4.73312e-05    -2.5701e-13    1.48272e-13    0.000328923
-0.000269897    -0.000160177    4.67781e-05    -2.57009e-13    1.48273e-13    0.000325079
-0.000266138    -0.000157943    4.61264e-05    -2.57008e-13    1.48274e-13    0.00032055
-0.000262517    -0.000155791    4.54985e-05    -2.57008e-13    1.48275e-13    0.000316187
-0.000257364    -0.000152729    4.46052e-05    -2.57007e-13    1.48277e-13    0.000309979
-0.000252376    -0.000149764    4.37403e-05    -2.57006e-13    1.48278e-13    0.000303969
-0.000248202    -0.000147284    4.30167e-05    -2.57005e-13    1.4828e-13    0.00029894
-0.000243573    -0.000144534    4.22142e-05    -2.57004e-13    1.48281e-13    0.000293363
-0.000239073    -0.00014186    4.14339e-05    -2.57004e-13    1.48282e-13    0.000287941
-0.000235425    -0.000139693    4.08015e-05    -2.57003e-13    1.48284e-13    0.000283546
-0.000232215    -0.000137786    4.0245e-05    -2.57002e-13    1.48285e-13    0.000279678
-0.000228902    -0.000135818    3.96706e-05    -2.57002e-13    1.48286e-13    0.000275687
-0.000225036    -0.000133521    3.90004e-05    -2.57001e-13    1.48287e-13    0.000271029
-0.000221352    -0.000131333    3.83618e-05    -2.57e-13    1.48288e-13    0.000266591
-0.000218494    -0.000129635    3.78662e-05    -2.57e-13    1.48289e-13    0.000263147
-0.00021591    -0.0001281    3.74183e-05    -2.56999e-13    1.4829e-13    0.000260034
-0.000213531    -0.000126687    3.70058e-05    -2.56999e-13    1.4829e-13    0.000257168
-0.000211101    -0.000125244    3.65846e-05    -2.56999e-13    1.48291e-13    0.000254241
-0.000207549    -0.000123134    3.59689e-05    -2.56998e-13    1.48292e-13    0.000249962
-0.000204653    -0.000121414    3.54668e-05    -2.56997e-13    1.48293e-13    0.000246473
-0.000201958    -0.000119813    3.49996e-05    -2.56997e-13    1.48294e-13    0.000243226
-0.000199204    -0.000118177    3.45222e-05    -2.56996e-13    1.48295e-13    0.000239908
-0.000196971    -0.000116852    3.41352e-05    -2.56996e-13    1.48295e-13    0.000237219
-0.000194097    -0.000115145    3.3637e-05    -2.56996e-13    1.48296e-13    0.000233757
-0.000190273    -0.000112874    3.2974e-05    -2.56995e-13    1.48298e-13    0.000229149
-0.000187204    -0.000111051    3.24421e-05    -2.56994e-13    1.48299e-13    0.000225453
-0.000184778    -0.000109611    3.20215e-05    -2.56994e-13    1.48299e-13    0.00022253
-0.000181659    -0.000107759    3.14809e-05    -2.56993e-13    1.483e-13    0.000218773
-0.000178406    -0.000105827    3.09169e-05    -2.56993e-13    1.48301e-13    0.000214854
-0.000175699    -0.00010422    3.04478e-05    -2.56992e-13    1.48302e-13    0.000211594
-0.000173614    -0.000102982    3.00863e-05    -2.56992e-13    1.48303e-13    0.000209082
-0.000170292    -0.00010101    2.95106e-05    -2.56991e-13    1.48304e-13    0.000205081
-0.00016747    -9.93348e-05    2.90214e-05    -2.56991e-13    1.48305e-13    0.000201681
-0.000164874    -9.77931e-05    2.85713e-05    -2.5699e-13    1.48305e-13    0.000198553
-0.00016283    -9.658e-05    2.82171e-05    -2.5699e-13    1.48306e-13    0.000196092
-0.000160245    -9.50454e-05    2.77691e-05    -2.56989e-13    1.48307e-13    0.000192978
-0.000157904    -9.36555e-05    2.73632e-05    -2.56989e-13    1.48308e-13    0.000190158
-0.000154964    -9.19106e-05    2.68537e-05    -2.56989e-13    1.48308e-13    0.000186617
-0.000152758    -9.06011e-05    2.64713e-05    -2.56988e-13    1.48309e-13    0.00018396
-0.000150804    -8.9441e-05    2.61326e-05    -2.56988e-13    1.4831e-13    0.000181606
-0.000148756    -8.82255e-05    2.57777e-05    -2.56987e-13    1.4831e-13    0.000179139
-0.000146136    -8.66707e-05    2.53236e-05    -2.56987e-13    1.48311e-13    0.000175984
-0.000143694    -8.5221e-05    2.49003e-05    -2.56987e-13    1.48312e-13    0.000173042
-0.000140802    -8.35045e-05    2.43991e-05    -2.56986e-13    1.48313e-13    0.000169559
-0.000138869    -8.23572e-05    2.4064e-05    -2.56986e-13    1.48313e-13    0.00016723
-0.000136194    -8.07697e-05    2.36004e-05    -2.56985e-13    1.48314e-13    0.000164008
-0.000134606    -7.98273e-05    2.33252e-05    -2.56985e-13    1.48315e-13    0.000162096
-0.000132668    -7.86773e-05    2.29893e-05    -2.56985e-13    1.48315e-13    0.000159762
-0.000131292    -7.78603e-05    2.27507e-05    -2.56984e-13    1.48316e-13    0.000158104
-0.000128908    -7.64457e-05    2.23376e-05    -2.56984e-13    1.48317e-13    0.000155233
-0.000126581    -7.50647e-05    2.19343e-05    -2.56983e-13    1.48317e-13    0.00015243
-0.0001249    -7.40674e-05    2.1643e-05    -2.56983e-13    1.48318e-13    0.000150406
-0.000123473    -7.32207e-05    2.13957e-05    -2.56983e-13    1.48318e-13    0.000148687
-0.00012113    -7.18299e-05    2.09895e-05    -2.56982e-13    1.48319e-13    0.000145864
-0.000119008    -7.0571e-05    2.06218e-05    -2.56982e-13    1.4832e-13    0.000143309
-0.000117725    -6.98097e-05    2.03994e-05    -2.56982e-13    1.4832e-13    0.000141764
-0.000115982    -6.87756e-05    2.00974e-05    -2.56982e-13    1.48321e-13    0.000139665
-0.000113644    -6.73882e-05    1.96921e-05    -2.56981e-13    1.48321e-13    0.000136848
-0.000111664    -6.62137e-05    1.93491e-05    -2.56981e-13    1.48322e-13    0.000134464
-0.000110281    -6.5393e-05    1.91094e-05    -2.56981e-13    1.48322e-13    0.000132798
-0.000108622    -6.44086e-05    1.88218e-05    -2.5698e-13    1.48323e-13    0.0001308
-0.000106558    -6.31842e-05    1.84642e-05    -2.5698e-13    1.48323e-13    0.000128315
-0.00010536    -6.24733e-05    1.82565e-05    -2.5698e-13    1.48324e-13    0.000126872
-0.000104163    -6.17631e-05    1.80491e-05    -2.56979e-13    1.48324e-13    0.00012543
-0.000102692    -6.08905e-05    1.77942e-05    -2.56979e-13    1.48325e-13    0.000123659
-0.000101324    -6.0079e-05    1.75571e-05    -2.56979e-13    1.48325e-13    0.000122011
-9.96125e-05    -5.90635e-05    1.72604e-05    -2.56979e-13    1.48326e-13    0.00011995
-9.77797e-05    -5.79762e-05    1.69428e-05    -2.56978e-13    1.48326e-13    0.000117742
-9.66451e-05    -5.73031e-05    1.67462e-05    -2.56978e-13    1.48327e-13    0.000116376
-9.55985e-05    -5.66822e-05    1.65648e-05    -2.56978e-13    1.48327e-13    0.000115115
-9.45635e-05    -5.60682e-05    1.63855e-05    -2.56978e-13    1.48327e-13    0.000113869
-9.31561e-05    -5.52334e-05    1.61416e-05    -2.56977e-13    1.48328e-13    0.000112174
-9.14703e-05    -5.42334e-05    1.58494e-05    -2.56977e-13    1.48328e-13    0.000110144
-8.98958e-05    -5.32994e-05    1.55766e-05    -2.56977e-13    1.48329e-13    0.000108248
-8.85692e-05    -5.25124e-05    1.53467e-05    -2.56977e-13    1.48329e-13    0.00010665
-8.755e-05    -5.19078e-05    1.517e-05    -2.56976e-13    1.48329e-13    0.000105423
-8.61305e-05    -5.10659e-05    1.49241e-05    -2.56976e-13    1.4833e-13    0.000103713
-8.47431e-05    -5.02429e-05    1.46836e-05    -2.56976e-13    1.4833e-13    0.000102042
-8.34221e-05    -4.94594e-05    1.44547e-05    -2.56976e-13    1.48331e-13    0.000100451
-8.20658e-05    -4.86549e-05    1.42197e-05    -2.56976e-13    1.48331e-13    9.8818e-05
-8.09216e-05    -4.79762e-05    1.40214e-05    -2.56975e-13    1.48331e-13    9.74401e-05
-7.98426e-05    -4.73362e-05    1.38344e-05    -2.56975e-13    1.48332e-13    9.61407e-05
-7.8311e-05    -4.64278e-05    1.3569e-05    -2.56975e-13    1.48332e-13    9.42963e-05
-7.71292e-05    -4.57269e-05    1.33642e-05    -2.56975e-13    1.48333e-13    9.28731e-05
-7.61994e-05    -4.51754e-05    1.32031e-05    -2.56974e-13    1.48333e-13    9.17534e-05
-7.49487e-05    -4.44336e-05    1.29863e-05    -2.56974e-13    1.48333e-13    9.02472e-05
-7.37804e-05    -4.37407e-05    1.27839e-05    -2.56974e-13    1.48334e-13    8.88403e-05
-7.25633e-05    -4.30189e-05    1.2573e-05    -2.56974e-13    1.48334e-13    8.73746e-05
-7.1383e-05    -4.23189e-05    1.23685e-05    -2.56974e-13    1.48334e-13    8.59532e-05
-7.04771e-05    -4.17816e-05    1.22115e-05    -2.56973e-13    1.48335e-13    8.48623e-05
-6.91663e-05    -4.10043e-05    1.19843e-05    -2.56973e-13    1.48335e-13    8.32839e-05
-6.84056e-05    -4.05531e-05    1.18525e-05    -2.56973e-13    1.48335e-13    8.23677e-05
-6.76337e-05    -4.00953e-05    1.17188e-05    -2.56973e-13    1.48335e-13    8.14382e-05
-6.63136e-05    -3.93125e-05    1.149e-05    -2.56973e-13    1.48336e-13    7.98485e-05
-6.55182e-05    -3.88407e-05    1.13522e-05    -2.56973e-13    1.48336e-13    7.88907e-05
-6.45271e-05    -3.8253e-05    1.11804e-05    -2.56972e-13    1.48336e-13    7.76972e-05
-6.37177e-05    -3.7773e-05    1.10402e-05    -2.56972e-13    1.48337e-13    7.67224e-05
-6.25324e-05    -3.70701e-05    1.08348e-05    -2.56972e-13    1.48337e-13    7.52951e-05
-6.17054e-05    -3.65797e-05    1.06915e-05    -2.56972e-13    1.48337e-13    7.42992e-05
-6.08497e-05    -3.60722e-05    1.05432e-05    -2.56972e-13    1.48338e-13    7.32688e-05
-5.96858e-05    -3.53821e-05    1.03415e-05    -2.56972e-13    1.48338e-13    7.18673e-05
-5.88654e-05    -3.48955e-05    1.01993e-05    -2.56971e-13    1.48338e-13    7.08793e-05
-5.77796e-05    -3.42517e-05    1.00112e-05    -2.56971e-13    1.48339e-13    6.95718e-05
-5.68035e-05    -3.36729e-05    9.84207e-06    -2.56971e-13    1.48339e-13    6.83964e-05
-5.61965e-05    -3.3313e-05    9.73689e-06    -2.56971e-13    1.48339e-13    6.76655e-05
-5.54734e-05    -3.28842e-05    9.6116e-06    -2.56971e-13    1.48339e-13    6.67948e-05
-5.44688e-05    -3.22885e-05    9.43751e-06    -2.56971e-13    1.4834e-13    6.5585e-05
-5.3567e-05    -3.17538e-05    9.28125e-06    -2.5697e-13    1.4834e-13    6.44991e-05
-5.25672e-05    -3.1161e-05    9.10802e-06    -2.5697e-13    1.4834e-13    6.32952e-05
-5.18646e-05    -3.07443e-05    8.98627e-06    -2.5697e-13    1.4834e-13    6.24491e-05
-5.12159e-05    -3.03597e-05    8.87386e-06    -2.5697e-13    1.48341e-13    6.16679e-05
-5.05872e-05    -2.99869e-05    8.76492e-06    -2.5697e-13    1.48341e-13    6.09109e-05
-4.97497e-05    -2.94903e-05    8.61981e-06    -2.5697e-13    1.48341e-13    5.99024e-05
-4.91822e-05    -2.91538e-05    8.52147e-06    -2.5697e-13    1.48341e-13    5.9219e-05
-4.83427e-05    -2.86561e-05    8.376e-06    -2.56969e-13    1.48341e-13    5.82081e-05
-4.7466e-05    -2.81362e-05    8.22409e-06    -2.56969e-13    1.48342e-13    5.71524e-05
-4.66362e-05    -2.76442e-05    8.0803e-06    -2.56969e-13    1.48342e-13    5.61532e-05
-4.60618e-05    -2.73037e-05    7.98079e-06    -2.56969e-13    1.48342e-13    5.54616e-05
-4.53988e-05    -2.69106e-05    7.8659e-06    -2.56969e-13    1.48342e-13    5.46632e-05
-4.47869e-05    -2.65478e-05    7.75987e-06    -2.56969e-13    1.48343e-13    5.39264e-05
-4.41312e-05    -2.6159e-05    7.64626e-06    -2.56969e-13    1.48343e-13    5.31368e-05
-4.35749e-05    -2.58292e-05    7.54988e-06    -2.56969e-13    1.48343e-13    5.24671e-05
-4.29554e-05    -2.54619e-05    7.44253e-06    -2.56969e-13    1.48343e-13    5.17211e-05
-4.22826e-05    -2.5063e-05    7.32595e-06    -2.56968e-13    1.48343e-13    5.09109e-05
-4.17818e-05    -2.47661e-05    7.23918e-06    -2.56968e-13    1.48343e-13    5.03079e-05
-4.11193e-05    -2.43733e-05    7.12439e-06    -2.56968e-13    1.48344e-13    4.95102e-05
-4.069e-05    -2.41188e-05    7.05e-06    -2.56968e-13    1.48344e-13    4.89932e-05
-4.01162e-05    -2.37786e-05    6.95058e-06    -2.56968e-13    1.48344e-13    4.83023e-05
-3.95473e-05    -2.34413e-05    6.852e-06    -2.56968e-13    1.48344e-13    4.76173e-05
-3.90193e-05    -2.31283e-05    6.76052e-06    -2.56968e-13    1.48344e-13    4.69815e-05
-3.83284e-05    -2.27187e-05    6.6408e-06    -2.56968e-13    1.48345e-13    4.61495e-05
-3.78344e-05    -2.24258e-05    6.5552e-06    -2.56968e-13    1.48345e-13    4.55547e-05
-3.71986e-05    -2.20489e-05    6.44504e-06    -2.56967e-13    1.48345e-13    4.47891e-05
-3.66086e-05    -2.16991e-05    6.3428e-06    -2.56967e-13    1.48345e-13    4.40786e-05
-3.58953e-05    -2.12762e-05    6.21922e-06    -2.56967e-13    1.48345e-13    4.32198e-05
-3.52785e-05    -2.09105e-05    6.11234e-06    -2.56967e-13    1.48345e-13    4.24771e-05
-3.463e-05    -2.05261e-05    5.99998e-06    -2.56967e-13    1.48346e-13    4.16962e-05
-3.40316e-05    -2.01713e-05    5.8963e-06    -2.56967e-13    1.48346e-13    4.09757e-05
-3.35744e-05    -1.99003e-05    5.81707e-06    -2.56967e-13    1.48346e-13    4.04251e-05
-3.30121e-05    -1.9567e-05    5.71965e-06    -2.56967e-13    1.48346e-13    3.97481e-05
-3.26691e-05    -1.93636e-05    5.66022e-06    -2.56967e-13    1.48346e-13    3.93351e-05
-3.21583e-05    -1.90608e-05    5.57172e-06    -2.56967e-13    1.48346e-13    3.87201e-05
-3.15562e-05    -1.87039e-05    5.4674e-06    -2.56966e-13    1.48347e-13    3.79951e-05
-3.10363e-05    -1.83956e-05    5.37731e-06    -2.56966e-13    1.48347e-13    3.7369e-05
-3.05171e-05    -1.80879e-05    5.28735e-06    -2.56966e-13    1.48347e-13    3.67439e-05
-3.0044e-05    -1.78074e-05    5.20538e-06    -2.56966e-13    1.48347e-13    3.61742e-05
-2.96138e-05    -1.75524e-05    5.13083e-06    -2.56966e-13    1.48347e-13    3.56562e-05
-2.91005e-05    -1.72481e-05    5.0419e-06    -2.56966e-13    1.48347e-13    3.50381e-05
-2.85919e-05    -1.69466e-05    4.95378e-06    -2.56966e-13    1.48348e-13    3.44258e-05
-2.80681e-05    -1.66361e-05    4.86303e-06    -2.56966e-13    1.48348e-13    3.37951e-05
-2.75883e-05    -1.63517e-05    4.7799e-06    -2.56966e-13    1.48348e-13    3.32174e-05
-2.72619e-05    -1.61582e-05    4.72334e-06    -2.56966e-13    1.48348e-13    3.28243e-05
-2.69724e-05    -1.59866e-05    4.67318e-06    -2.56966e-13    1.48348e-13    3.24757e-05
-2.6678e-05    -1.58121e-05    4.62217e-06    -2.56966e-13    1.48348e-13    3.21213e-05
-2.62202e-05    -1.55407e-05    4.54284e-06    -2.56966e-13    1.48348e-13    3.157e-05
-2.59006e-05    -1.53512e-05    4.48748e-06    -2.56965e-13    1.48348e-13    3.11852e-05
-2.54735e-05    -1.5098e-05    4.41346e-06    -2.56965e-13    1.48349e-13    3.06709e-05
-2.50324e-05    -1.48366e-05    4.33704e-06    -2.56965e-13    1.48349e-13    3.01398e-05
-2.46318e-05    -1.45991e-05    4.26763e-06    -2.56965e-13    1.48349e-13    2.96575e-05
-2.43781e-05    -1.44487e-05    4.22369e-06    -2.56965e-13    1.48349e-13    2.9352e-05
-2.41241e-05    -1.42982e-05    4.17967e-06    -2.56965e-13    1.48349e-13    2.90462e-05
-2.38023e-05    -1.41074e-05    4.12391e-06    -2.56965e-13    1.48349e-13    2.86587e-05
-2.34947e-05    -1.39251e-05    4.07061e-06    -2.56965e-13    1.48349e-13    2.82883e-05
-2.30982e-05    -1.36901e-05    4.00193e-06    -2.56965e-13    1.48349e-13    2.7811e-05
-2.26618e-05    -1.34313e-05    3.9263e-06    -2.56965e-13    1.48349e-13    2.72854e-05
-2.23873e-05    -1.32686e-05    3.87874e-06    -2.56965e-13    1.48349e-13    2.69549e-05
-2.20799e-05    -1.30864e-05    3.82549e-06    -2.56965e-13    1.4835e-13    2.65848e-05
-2.17048e-05    -1.28641e-05    3.7605e-06    -2.56965e-13    1.4835e-13    2.61332e-05
-2.12908e-05    -1.26187e-05    3.68877e-06    -2.56965e-13    1.4835e-13    2.56347e-05
-2.09327e-05    -1.24064e-05    3.62671e-06    -2.56965e-13    1.4835e-13    2.52034e-05
-2.06505e-05    -1.22392e-05    3.57783e-06    -2.56965e-13    1.4835e-13    2.48638e-05
-2.02553e-05    -1.20049e-05    3.50936e-06    -2.56964e-13    1.4835e-13    2.43879e-05
-2.00085e-05    -1.18586e-05    3.46659e-06    -2.56964e-13    1.4835e-13    2.40907e-05
-1.97702e-05    -1.17174e-05    3.42531e-06    -2.56964e-13    1.4835e-13    2.38038e-05
-1.94672e-05    -1.15378e-05    3.3728e-06    -2.56964e-13    1.4835e-13    2.34389e-05
-1.91057e-05    -1.13235e-05    3.31018e-06    -2.56964e-13    1.48351e-13    2.30037e-05
-1.87793e-05    -1.113e-05    3.25362e-06    -2.56964e-13    1.48351e-13    2.26107e-05
-1.84157e-05    -1.09145e-05    3.19062e-06    -2.56964e-13    1.48351e-13    2.21729e-05
-1.819e-05    -1.07807e-05    3.15152e-06    -2.56964e-13    1.48351e-13    2.19011e-05
-1.79304e-05    -1.06269e-05    3.10655e-06    -2.56964e-13    1.48351e-13    2.15886e-05
-1.76186e-05    -1.04421e-05    3.05252e-06    -2.56964e-13    1.48351e-13    2.12132e-05
-1.72841e-05    -1.02438e-05    2.99456e-06    -2.56964e-13    1.48351e-13    2.08104e-05
-1.7011e-05    -1.00819e-05    2.94724e-06    -2.56964e-13    1.48351e-13    2.04815e-05
-1.67093e-05    -9.90306e-06    2.89497e-06    -2.56964e-13    1.48351e-13    2.01183e-05
-1.63813e-05    -9.70866e-06    2.83814e-06    -2.56964e-13    1.48351e-13    1.97234e-05
-1.61746e-05    -9.58613e-06    2.80233e-06    -2.56964e-13    1.48351e-13    1.94745e-05
-1.58576e-05    -9.39828e-06    2.74742e-06    -2.56964e-13    1.48352e-13    1.90929e-05
-1.56066e-05    -9.24947e-06    2.70391e-06    -2.56964e-13    1.48352e-13    1.87906e-05
-1.52998e-05    -9.06767e-06    2.65077e-06    -2.56964e-13    1.48352e-13    1.84213e-05
-1.50667e-05    -8.9295e-06    2.61038e-06    -2.56964e-13    1.48352e-13    1.81406e-05
-1.48285e-05    -8.7883e-06    2.56911e-06    -2.56963e-13    1.48352e-13    1.78537e-05
-1.45363e-05    -8.61508e-06    2.51847e-06    -2.56963e-13    1.48352e-13    1.75019e-05
-1.42703e-05    -8.45743e-06    2.47239e-06    -2.56963e-13    1.48352e-13    1.71816e-05
-1.40072e-05    -8.30152e-06    2.42681e-06    -2.56963e-13    1.48352e-13    1.68649e-05
-1.37798e-05    -8.16675e-06    2.38742e-06    -2.56963e-13    1.48352e-13    1.65911e-05
-1.3547e-05    -8.02875e-06    2.34708e-06    -2.56963e-13    1.48352e-13    1.63108e-05
-1.3272e-05    -7.86575e-06    2.29943e-06    -2.56963e-13    1.48352e-13    1.59797e-05
-1.30107e-05    -7.7109e-06    2.25416e-06    -2.56963e-13    1.48352e-13    1.56651e-05
-1.28342e-05    -7.60624e-06    2.22357e-06    -2.56963e-13    1.48352e-13    1.54525e-05
-1.25897e-05    -7.46135e-06    2.18122e-06    -2.56963e-13    1.48353e-13    1.51581e-05
-1.23857e-05    -7.34047e-06    2.14588e-06    -2.56963e-13    1.48353e-13    1.49126e-05
-1.21794e-05    -7.21815e-06    2.11012e-06    -2.56963e-13    1.48353e-13    1.46641e-05
-1.19614e-05    -7.08898e-06    2.07236e-06    -2.56963e-13    1.48353e-13    1.44017e-05
-1.17455e-05    -6.96103e-06    2.03496e-06    -2.56963e-13    1.48353e-13    1.41417e-05
-1.15309e-05    -6.83382e-06    1.99777e-06    -2.56963e-13    1.48353e-13    1.38833e-05
-1.13813e-05    -6.74517e-06    1.97186e-06    -2.56963e-13    1.48353e-13    1.37032e-05
-1.11955e-05    -6.635e-06    1.93965e-06    -2.56963e-13    1.48353e-13    1.34794e-05
-1.10272e-05    -6.53527e-06    1.9105e-06    -2.56963e-13    1.48353e-13    1.32768e-05
-1.08949e-05    -6.45686e-06    1.88758e-06    -2.56963e-13    1.48353e-13    1.31175e-05
-1.0696e-05    -6.33899e-06    1.85312e-06    -2.56963e-13    1.48353e-13    1.28781e-05
-1.04924e-05    -6.21832e-06    1.81785e-06    -2.56963e-13    1.48353e-13    1.26329e-05
-1.02924e-05    -6.09977e-06    1.78319e-06    -2.56963e-13    1.48353e-13    1.23921e-05
-1.01178e-05    -5.99628e-06    1.75294e-06    -2.56963e-13    1.48353e-13    1.21819e-05
-9.97185e-06    -5.90979e-06    1.72766e-06    -2.56963e-13    1.48353e-13    1.20062e-05
-9.80807e-06    -5.81272e-06    1.69928e-06    -2.56963e-13    1.48353e-13    1.1809e-05
-9.64857e-06    -5.71819e-06    1.67165e-06    -2.56963e-13    1.48353e-13    1.16169e-05
-9.4871e-06    -5.62249e-06    1.64367e-06    -2.56963e-13    1.48353e-13    1.14225e-05
-9.33809e-06    -5.53417e-06    1.61786e-06    -2.56963e-13    1.48354e-13    1.12431e-05
-9.2281e-06    -5.46898e-06    1.5988e-06    -2.56962e-13    1.48354e-13    1.11107e-05
-9.07955e-06    -5.38094e-06    1.57306e-06    -2.56962e-13    1.48354e-13    1.09318e-05
-8.98319e-06    -5.32383e-06    1.55637e-06    -2.56962e-13    1.48354e-13    1.08158e-05
-8.8276e-06    -5.23162e-06    1.52941e-06    -2.56962e-13    1.48354e-13    1.06285e-05
-8.69067e-06    -5.15047e-06    1.50569e-06    -2.56962e-13    1.48354e-13    1.04636e-05
-8.52868e-06    -5.05446e-06    1.47762e-06    -2.56962e-13    1.48354e-13    1.02686e-05
-8.39688e-06    -4.97634e-06    1.45479e-06    -2.56962e-13    1.48354e-13    1.01099e-05
-8.30092e-06    -4.91947e-06    1.43816e-06    -2.56962e-13    1.48354e-13    9.99434e-06
-8.17461e-06    -4.84462e-06    1.41628e-06    -2.56962e-13    1.48354e-13    9.84226e-06
-8.04835e-06    -4.76979e-06    1.3944e-06    -2.56962e-13    1.48354e-13    9.69024e-06
-7.96136e-06    -4.71823e-06    1.37933e-06    -2.56962e-13    1.48354e-13    9.5855e-06
-7.81459e-06    -4.63124e-06    1.3539e-06    -2.56962e-13    1.48354e-13    9.40878e-06
-7.7042e-06    -4.56582e-06    1.33478e-06    -2.56962e-13    1.48354e-13    9.27588e-06
-7.57573e-06    -4.48968e-06    1.31252e-06    -2.56962e-13    1.48354e-13    9.12119e-06
-7.4636e-06    -4.42322e-06    1.29309e-06    -2.56962e-13    1.48354e-13    8.98619e-06
-7.37604e-06    -4.37133e-06    1.27792e-06    -2.56962e-13    1.48354e-13    8.88077e-06
-7.26944e-06    -4.30815e-06    1.25945e-06    -2.56962e-13    1.48354e-13    8.75242e-06
-7.17663e-06    -4.25314e-06    1.24337e-06    -2.56962e-13    1.48354e-13    8.64067e-06
-7.07306e-06    -4.19177e-06    1.22543e-06    -2.56962e-13    1.48354e-13    8.51598e-06
-6.99896e-06    -4.14785e-06    1.21259e-06    -2.56962e-13    1.48354e-13    8.42676e-06
-6.87674e-06    -4.07541e-06    1.19141e-06    -2.56962e-13    1.48354e-13    8.2796e-06
-6.76643e-06    -4.01004e-06    1.1723e-06    -2.56962e-13    1.48354e-13    8.14678e-06
-6.64153e-06    -3.93602e-06    1.15066e-06    -2.56962e-13    1.48354e-13    7.99641e-06
-6.53445e-06    -3.87255e-06    1.13211e-06    -2.56962e-13    1.48354e-13    7.86748e-06
-6.43803e-06    -3.81541e-06    1.11541e-06    -2.56962e-13    1.48354e-13    7.75139e-06
-6.34083e-06    -3.7578e-06    1.09856e-06    -2.56962e-13    1.48354e-13    7.63436e-06
-6.2123e-06    -3.68163e-06    1.0763e-06    -2.56962e-13    1.48354e-13    7.47961e-06
-6.14474e-06    -3.64159e-06    1.06459e-06    -2.56962e-13    1.48355e-13    7.39826e-06
-6.07685e-06    -3.60135e-06    1.05283e-06    -2.56962e-13    1.48355e-13    7.31652e-06
-5.97531e-06    -3.54117e-06    1.03524e-06    -2.56962e-13    1.48355e-13    7.19427e-06
-5.87817e-06    -3.4836e-06    1.01841e-06    -2.56962e-13    1.48355e-13    7.07731e-06
-5.80467e-06    -3.44004e-06    1.00567e-06    -2.56962e-13    1.48355e-13    6.98881e-06
-5.73218e-06    -3.39708e-06    9.93114e-07    -2.56962e-13    1.48355e-13    6.90154e-06
-5.63675e-06    -3.34053e-06    9.76581e-07    -2.56962e-13    1.48355e-13    6.78665e-06
-5.52668e-06    -3.27529e-06    9.5751e-07    -2.56962e-13    1.48355e-13    6.65411e-06
-5.42886e-06    -3.21732e-06    9.40563e-07    -2.56962e-13    1.48355e-13    6.53634e-06
-5.34785e-06    -3.16931e-06    9.26528e-07    -2.56962e-13    1.48355e-13    6.4388e-06
-5.26918e-06    -3.12268e-06    9.12897e-07    -2.56962e-13    1.48355e-13    6.34408e-06
-5.1701e-06    -3.06397e-06    8.95732e-07    -2.56962e-13    1.48355e-13    6.22479e-06
-5.06743e-06    -3.00312e-06    8.77944e-07    -2.56962e-13    1.48355e-13    6.10118e-06
-4.96709e-06    -2.94365e-06    8.60559e-07    -2.56962e-13    1.48355e-13    5.98036e-06
-4.8713e-06    -2.88688e-06    8.43964e-07    -2.56962e-13    1.48355e-13    5.86504e-06
-4.78381e-06    -2.83503e-06    8.28806e-07    -2.56962e-13    1.48355e-13    5.7597e-06
-4.71861e-06    -2.79639e-06    8.1751e-07    -2.56962e-13    1.48355e-13    5.6812e-06
-4.6448e-06    -2.75265e-06    8.04722e-07    -2.56962e-13    1.48355e-13    5.59233e-06
-4.5866e-06    -2.71816e-06    7.94638e-07    -2.56962e-13    1.48355e-13    5.52225e-06
