444.692    17.1471    45.2449    0    180    -62.8847
444.692    17.1471    45.2449    0    180    -62.8847
444.692    17.1471    45.2449    0    180    -62.8847
444.692    17.1471    45.2449    0    180    -62.8847
444.692    17.1471    45.2449    0    180    -62.8847
444.692    17.1471    45.2449    0    180    -62.8847
444.692    17.1471    45.2449    0    180    -62.8847
444.692    17.1471    45.2449    0    180    -62.8847
444.692    17.1471    45.2449    0    180    -62.8847
444.692    17.1471    45.2449    0    180    -62.8847
444.692    17.1471    45.2449    0    180    -62.8847
444.692    17.1471    45.2449    0    180    -62.8847
444.692    17.1471    45.2449    0    180    -62.8847
444.692    17.1471    45.2449    0    180    -62.8847
444.692    17.1471    45.2449    0    180    -62.8847
444.692    17.1471    45.2449    0    180    -62.8847
444.692    17.1471    45.2449    0    180    -62.8847
444.692    17.1471    45.2449    0    180    -62.8847
444.692    17.1471    45.2449    0    180    -62.8847
444.692    17.1471    45.2449    0    180    -62.8847
444.692    17.1471    45.2449    0    180    -62.8847
444.692    17.1471    45.2449    0    180    -62.8847
444.692    17.1471    45.2449    0    180    -62.8847
444.692    17.1471    45.2449    0    180    -62.8847
444.692    17.1471    45.2449    0    180    -62.8847
444.692    17.1471    45.2449    0    180    -62.8847
444.692    17.1471    45.2449    0    180    -62.8847
444.692    17.1471    45.2449    0    180    -62.8847
444.692    17.1471    45.2449    0    180    -62.8847
444.692    17.1471    45.2449    0    180    -62.8847
444.692    17.1471    45.2449    0    180    -62.8847
444.692    17.1471    45.2449    0    180    -62.8847
444.692    17.1471    45.2449    0    180    -62.8847
444.692    17.1471    45.2449    0    180    -62.8847
444.692    17.1471    45.2449    0    180    -62.8847
444.692    17.1471    45.2449    0    180    -62.8847
444.692    17.1471    45.2449    0    180    -62.8847
444.692    17.1471    45.2449    0    180    -62.8847
444.692    17.1471    45.2449    0    180    -62.8847
444.692    17.1471    45.2449    0    180    -62.8847
444.692    17.1471    45.2449    0    180    -62.8847
444.692    17.1471    45.2449    0    180    -62.8847
444.692    17.1471    45.2449    0    180    -62.8847
444.692    17.1471    45.2449    0    180    -62.8847
444.692    17.1471    45.2449    0    180    -62.8847
444.692    17.1471    45.2449    0    180    -62.8847
444.692    17.1471    45.2449    0    180    -62.8847
444.692    17.1471    45.2449    0    180    -62.8847
444.692    17.1471    45.2449    0    180    -62.8847
444.692    17.1471    45.2449    0    180    -62.8847
444.692    17.1471    45.2449    0    180    -62.8847
444.692    17.1471    45.2449    0    180    -62.8847
444.692    17.1471    45.2449    0    180    -62.8847
444.692    17.1471    45.2449    0    180    -62.8847
444.692    17.1471    45.2449    0    180    -62.8847
444.692    17.1471    45.2449    0    180    -62.8847
444.692    17.1471    45.2449    0    180    -62.8847
444.692    17.1471    45.2449    0    180    -62.8847
444.692    17.1471    45.2449    0    180    -62.8847
444.692    17.1471    45.2449    0    180    -62.8847
444.692    17.1471    45.2449    0    180    -62.8847
444.692    17.1471    45.2449    0    180    -62.8847
444.692    17.1471    45.2449    0    180    -62.8847
444.692    17.1471    45.2449    0    180    -62.8847
444.692    17.1471    45.2449    0    180    -62.8847
444.692    17.1471    45.2449    0    180    -62.8847
444.692    17.1471    45.2449    0    180    -62.8847
444.692    17.1471    45.2449    0    180    -62.8847
444.692    17.1471    45.2449    0    180    -62.8847
444.692    17.1471    45.2449    0    180    -62.8847
444.692    17.1471    45.2449    0    180    -62.8847
444.692    17.1471    45.2449    0    180    -62.8847
444.692    17.1471    45.2449    0    180    -62.8847
445.338    17.5124    45.1341    0    180    -62.8406
445.976    17.8726    45.0248    0    180    -62.7971
446.605    18.2279    44.917    0    180    -62.7542
447.222    18.5767    44.8112    0    180    -62.712
447.83    18.9203    44.7069    0    180    -62.6705
448.429    19.2589    44.6042    0    180    -62.6296
449.019    19.5922    44.5031    0    180    -62.5893
449.6    19.9202    44.4036    0    180    -62.5497
450.171    20.2428    44.3057    0    180    -62.5107
450.734    20.5607    44.2092    0    180    -62.4723
451.288    20.8735    44.1143    0    180    -62.4345
451.833    21.1817    44.0208    0    180    -62.3973
452.371    21.4853    43.9286    0    180    -62.3606
452.9    21.7839    43.838    0    180    -62.3245
453.421    22.0783    43.7486    0    180    -62.2889
453.938    22.3701    43.6601    0    180    -62.2537
454.443    22.655    43.5736    0    180    -62.2192
454.942    22.9367    43.4881    0    180    -62.1852
455.432    23.2133    43.4041    0    180    -62.1518
455.914    23.4854    43.3215    0    180    -62.1189
456.476    23.8027    43.2252    0    180    -62.0805
456.943    24.0662    43.1452    0    180    -62.0487
457.402    24.3254    43.0666    0    180    -62.0174
457.856    24.5815    42.9888    0    180    -61.9864
458.302    24.8331    42.9124    0    180    -61.956
458.741    25.0812    42.8371    0    180    -61.926
459.173    25.3248    42.7631    0    180    -61.8965
459.598    25.5647    42.6903    0    180    -61.8675
460.018    25.8014    42.6184    0    180    -61.8389
460.43    26.0343    42.5477    0    180    -61.8108
460.836    26.2633    42.4782    0    180    -61.7831
461.236    26.4888    42.4097    0    180    -61.7558
461.629    26.7107    42.3423    0    180    -61.729
462.017    26.9295    42.2759    0    180    -61.7025
462.399    27.1447    42.2105    0    180    -61.6765
462.775    27.3568    42.1461    0    180    -61.6509
463.146    27.5662    42.0825    0    180    -61.6255
463.511    27.7721    42.02    0    180    -61.6006
463.87    27.9745    41.9585    0    180    -61.5762
464.224    28.174    41.8979    0    180    -61.552
464.572    28.3704    41.8383    0    180    -61.5283
464.915    28.5634    41.7796    0    180    -61.5049
465.253    28.7543    41.7216    0    180    -61.4818
465.585    28.9416    41.6648    0    180    -61.4592
465.912    29.1259    41.6088    0    180    -61.4369
466.236    29.3081    41.5534    0    180    -61.4149
466.553    29.4873    41.499    0    180    -61.3932
466.866    29.6633    41.4455    0    180    -61.3719
467.174    29.8374    41.3927    0    180    -61.3509
467.478    30.0084    41.3407    0    180    -61.3302
467.776    30.1767    41.2896    0    180    -61.3098
468.071    30.3427    41.2392    0    180    -61.2897
468.36    30.5058    41.1896    0    180    -61.27
468.645    30.6663    41.1409    0    180    -61.2506
468.926    30.8249    41.0927    0    180    -61.2314
469.203    30.9811    41.0452    0    180    -61.2125
469.481    31.1374    40.9977    0    180    -61.1936
469.749    31.2883    40.9519    0    180    -61.1754
470.013    31.4371    40.9067    0    180    -61.1574
470.301    31.5996    40.8573    0    180    -61.1377
470.556    31.7433    40.8136    0    180    -61.1203
470.808    31.8851    40.7706    0    180    -61.1032
471.082    32.0399    40.7235    0    180    -61.0844
471.326    32.1769    40.6819    0    180    -61.0679
471.566    32.3122    40.6408    0    180    -61.0515
471.802    32.4456    40.6003    0    180    -61.0354
472.035    32.5766    40.5605    0    180    -61.0195
472.295    32.723    40.516    0    180    -61.0018
472.52    32.8498    40.4774    0    180    -60.9864
472.742    32.9747    40.4395    0    180    -60.9713
472.961    33.098    40.402    0    180    -60.9564
473.176    33.2191    40.3652    0    180    -60.9418
473.387    33.338    40.3291    0    180    -60.9274
473.595    33.4556    40.2934    0    180    -60.9131
473.801    33.5713    40.2582    0    180    -60.8992
474.003    33.6852    40.2236    0    180    -60.8854
474.202    33.7974    40.1895    0    180    -60.8718
474.398    33.9079    40.1559    0    180    -60.8584
474.591    34.0164    40.1229    0    180    -60.8453
474.782    34.124    40.0903    0    180    -60.8323
474.969    34.2292    40.0583    0    180    -60.8195
475.153    34.3327    40.0268    0    180    -60.807
475.334    34.4349    39.9958    0    180    -60.7947
475.512    34.5353    39.9652    0    180    -60.7825
475.688    34.6344    39.9351    0    180    -60.7705
475.862    34.7319    39.9055    0    180    -60.7587
476.032    34.8281    39.8763    0    180    -60.7471
476.2    34.9225    39.8476    0    180    -60.7356
476.365    35.0156    39.8193    0    180    -60.7244
476.528    35.1072    39.7914    0    180    -60.7133
476.688    35.1974    39.764    0    180    -60.7024
476.846    35.2864    39.737    0    180    -60.6916
477.002    35.374    39.7104    0    180    -60.681
477.155    35.4601    39.6842    0    180    -60.6706
477.306    35.5451    39.6584    0    180    -60.6603
477.455    35.6289    39.6329    0    180    -60.6502
477.601    35.7111    39.6079    0    180    -60.6402
477.745    35.7921    39.5833    0    180    -60.6304
477.886    35.8718    39.5591    0    180    -60.6208
478.025    35.9502    39.5352    0    180    -60.6113
478.163    36.0276    39.5117    0    180    -60.6019
478.298    36.1036    39.4886    0    180    -60.5927
478.431    36.1784    39.4658    0    180    -60.5837
478.562    36.2523    39.4434    0    180    -60.5747
478.691    36.3249    39.4213    0    180    -60.5659
478.818    36.3965    39.3996    0    180    -60.5573
478.944    36.4671    39.3781    0    180    -60.5487
479.067    36.5365    39.357    0    180    -60.5403
479.188    36.6049    39.3362    0    180    -60.532
479.308    36.6722    39.3157    0    180    -60.5239
479.426    36.7385    39.2956    0    180    -60.5159
479.541    36.8036    39.2758    0    180    -60.508
479.656    36.8679    39.2563    0    180    -60.5002
479.768    36.9313    39.237    0    180    -60.4925
479.879    36.9935    39.2181    0    180    -60.485
479.988    37.055    39.1994    0    180    -60.4776
480.095    37.1154    39.181    0    180    -60.4703
480.201    37.1748    39.163    0    180    -60.4631
480.305    37.2335    39.1451    0    180    -60.456
480.408    37.2912    39.1276    0    180    -60.449
480.508    37.348    39.1103    0    180    -60.4421
480.608    37.404    39.0933    0    180    -60.4353
480.706    37.4591    39.0765    0    180    -60.4287
480.802    37.5133    39.0601    0    180    -60.4221
480.897    37.5668    39.0438    0    180    -60.4156
480.991    37.6193    39.0278    0    180    -60.4093
481.083    37.6711    39.0121    0    180    -60.403
481.174    37.7222    38.9966    0    180    -60.3968
481.263    37.7725    38.9813    0    180    -60.3907
481.351    37.8218    38.9663    0    180    -60.3847
481.437    37.8705    38.9515    0    180    -60.3789
481.522    37.9184    38.9369    0    180    -60.3731
481.606    37.9656    38.9226    0    180    -60.3673
481.689    38.0121    38.9084    0    180    -60.3617
481.77    38.0579    38.8945    0    180    -60.3562
481.85    38.103    38.8808    0    180    -60.3507
481.929    38.1474    38.8673    0    180    -60.3453
482.019    38.1978    38.852    0    180    -60.3392
482.097    38.2419    38.8386    0    180    -60.3339
482.172    38.2843    38.8257    0    180    -60.3288
482.246    38.3259    38.8131    0    180    -60.3237
482.319    38.3667    38.8006    0    180    -60.3188
482.39    38.407    38.7884    0    180    -60.3139
482.461    38.4467    38.7763    0    180    -60.3091
482.53    38.4858    38.7644    0    180    -60.3044
482.599    38.5243    38.7527    0    180    -60.2997
482.666    38.5621    38.7412    0    180    -60.2951
482.732    38.5994    38.7299    0    180    -60.2906
482.798    38.6361    38.7188    0    180    -60.2862
482.862    38.6723    38.7077    0    180    -60.2818
482.925    38.708    38.6969    0    180    -60.2775
482.988    38.7432    38.6862    0    180    -60.2732
483.049    38.7777    38.6757    0    180    -60.269
483.11    38.8117    38.6654    0    180    -60.2649
483.169    38.8452    38.6552    0    180    -60.2609
483.228    38.8782    38.6452    0    180    -60.2569
483.286    38.9107    38.6353    0    180    -60.2529
483.343    38.9427    38.6255    0    180    -60.2491
483.399    38.9742    38.6159    0    180    -60.2453
483.454    39.0052    38.6065    0    180    -60.2415
483.508    39.0358    38.5972    0    180    -60.2378
483.561    39.0658    38.5881    0    180    -60.2342
483.614    39.0954    38.5791    0    180    -60.2306
483.666    39.1246    38.5702    0    180    -60.227
483.717    39.1533    38.5615    0    180    -60.2236
483.767    39.1816    38.5529    0    180    -60.2201
483.817    39.2095    38.5444    0    180    -60.2168
483.865    39.2369    38.5361    0    180    -60.2135
483.913    39.2638    38.5279    0    180    -60.2102
483.961    39.2904    38.5198    0    180    -60.207
484.007    39.3166    38.5119    0    180    -60.2038
484.053    39.3424    38.504    0    180    -60.2007
484.098    39.3678    38.4963    0    180    -60.1976
484.142    39.3928    38.4887    0    180    -60.1946
484.186    39.4174    38.4812    0    180    -60.1916
484.229    39.4416    38.4738    0    180    -60.1887
484.272    39.4655    38.4666    0    180    -60.1858
484.313    39.4889    38.4595    0    180    -60.1829
484.355    39.512    38.4524    0    180    -60.1801
484.395    39.5349    38.4455    0    180    -60.1774
484.435    39.5573    38.4387    0    180    -60.1747
484.474    39.5794    38.4319    0    180    -60.172
484.513    39.6011    38.4253    0    180    -60.1694
484.551    39.6226    38.4188    0    180    -60.1668
484.589    39.6437    38.4124    0    180    -60.1642
484.625    39.6644    38.4061    0    180    -60.1617
484.662    39.6849    38.3999    0    180    -60.1592
484.698    39.7051    38.3937    0    180    -60.1568
484.733    39.7249    38.3877    0    180    -60.1544
484.768    39.7444    38.3818    0    180    -60.152
484.802    39.7636    38.3759    0    180    -60.1497
484.835    39.7825    38.3702    0    180    -60.1474
484.868    39.8012    38.3645    0    180    -60.1451
484.901    39.8195    38.3589    0    180    -60.1429
484.933    39.8376    38.3535    0    180    -60.1407
484.965    39.8554    38.348    0    180    -60.1386
484.996    39.8729    38.3427    0    180    -60.1365
485.027    39.8901    38.3375    0    180    -60.1344
485.057    39.9072    38.3323    0    180    -60.1323
485.087    39.9239    38.3272    0    180    -60.1303
485.116    39.9404    38.3222    0    180    -60.1283
485.145    39.9566    38.3173    0    180    -60.1263
485.173    39.9726    38.3124    0    180    -60.1244
485.201    39.9883    38.3076    0    180    -60.1225
485.229    40.0038    38.3029    0    180    -60.1206
485.256    40.0191    38.2983    0    180    -60.1188
485.283    40.0341    38.2937    0    180    -60.1169
485.309    40.0489    38.2892    0    180    -60.1152
485.335    40.0634    38.2848    0    180    -60.1134
485.36    40.0778    38.2804    0    180    -60.1117
485.385    40.0919    38.2761    0    180    -60.1099
485.41    40.1058    38.2719    0    180    -60.1083
485.434    40.1195    38.2677    0    180    -60.1066
485.458    40.133    38.2636    0    180    -60.105
485.482    40.1463    38.2596    0    180    -60.1034
485.505    40.1593    38.2556    0    180    -60.1018
485.528    40.1722    38.2517    0    180    -60.1002
485.551    40.1849    38.2479    0    180    -60.0987
485.573    40.1974    38.2441    0    180    -60.0972
485.595    40.2097    38.2403    0    180    -60.0957
485.616    40.2218    38.2366    0    180    -60.0942
485.637    40.2337    38.233    0    180    -60.0928
485.658    40.2454    38.2294    0    180    -60.0914
485.679    40.257    38.2259    0    180    -60.09
485.699    40.2684    38.2225    0    180    -60.0886
485.719    40.2796    38.2191    0    180    -60.0872
485.739    40.2906    38.2157    0    180    -60.0859
485.758    40.3015    38.2124    0    180    -60.0846
485.777    40.3122    38.2091    0    180    -60.0833
485.796    40.3227    38.2059    0    180    -60.082
485.814    40.3331    38.2028    0    180    -60.0807
485.832    40.3433    38.1997    0    180    -60.0795
485.85    40.3534    38.1966    0    180    -60.0783
485.868    40.3632    38.1936    0    180    -60.0771
485.885    40.373    38.1907    0    180    -60.0759
485.902    40.3826    38.1877    0    180    -60.0747
485.919    40.3921    38.1849    0    180    -60.0736
485.936    40.4014    38.182    0    180    -60.0725
485.952    40.4105    38.1792    0    180    -60.0714
485.968    40.4196    38.1765    0    180    -60.0703
485.984    40.4284    38.1738    0    180    -60.0692
485.999    40.4372    38.1711    0    180    -60.0681
486.018    40.4474    38.168    0    180    -60.0669
486.033    40.4559    38.1654    0    180    -60.0659
486.047    40.4642    38.1629    0    180    -60.0649
486.062    40.4724    38.1604    0    180    -60.0639
486.076    40.4805    38.158    0    180    -60.0629
486.09    40.4885    38.1555    0    180    -60.0619
486.104    40.4963    38.1532    0    180    -60.061
486.118    40.504    38.1508    0    180    -60.06
486.132    40.5116    38.1485    0    180    -60.0591
486.145    40.5191    38.1462    0    180    -60.0582
486.158    40.5265    38.144    0    180    -60.0573
486.171    40.5337    38.1418    0    180    -60.0565
486.184    40.5409    38.1396    0    180    -60.0556
486.196    40.5479    38.1375    0    180    -60.0547
486.208    40.5548    38.1354    0    180    -60.0539
486.221    40.5616    38.1333    0    180    -60.0531
486.232    40.5683    38.1313    0    180    -60.0523
486.244    40.5749    38.1292    0    180    -60.0515
486.256    40.5814    38.1273    0    180    -60.0507
486.267    40.5879    38.1253    0    180    -60.0499
486.278    40.5942    38.1234    0    180    -60.0491
486.289    40.6004    38.1215    0    180    -60.0484
486.3    40.6065    38.1197    0    180    -60.0476
486.311    40.6125    38.1178    0    180    -60.0469
486.322    40.6185    38.116    0    180    -60.0462
486.332    40.6243    38.1142    0    180    -60.0455
486.342    40.6301    38.1125    0    180    -60.0448
486.352    40.6357    38.1108    0    180    -60.0441
486.362    40.6413    38.1091    0    180    -60.0434
486.372    40.6468    38.1074    0    180    -60.0428
486.382    40.6522    38.1058    0    180    -60.0421
486.391    40.6575    38.1041    0    180    -60.0415
486.4    40.6628    38.1025    0    180    -60.0408
486.41    40.6679    38.101    0    180    -60.0402
486.419    40.673    38.0994    0    180    -60.0396
486.427    40.678    38.0979    0    180    -60.039
486.436    40.6829    38.0964    0    180    -60.0384
486.445    40.6878    38.0949    0    180    -60.0378
486.453    40.6926    38.0935    0    180    -60.0372
486.462    40.6973    38.092    0    180    -60.0367
486.47    40.7019    38.0906    0    180    -60.0361
486.478    40.7065    38.0893    0    180    -60.0355
486.486    40.711    38.0879    0    180    -60.035
486.494    40.7154    38.0865    0    180    -60.0345
486.502    40.7198    38.0852    0    180    -60.0339
486.509    40.724    38.0839    0    180    -60.0334
486.517    40.7283    38.0826    0    180    -60.0329
486.524    40.7324    38.0814    0    180    -60.0324
486.532    40.7365    38.0801    0    180    -60.0319
486.539    40.7406    38.0789    0    180    -60.0314
486.546    40.7446    38.0777    0    180    -60.0309
486.553    40.7485    38.0765    0    180    -60.0305
486.56    40.7523    38.0753    0    180    -60.03
486.566    40.7561    38.0742    0    180    -60.0295
486.573    40.7599    38.073    0    180    -60.0291
486.58    40.7635    38.0719    0    180    -60.0286
486.586    40.7671    38.0708    0    180    -60.0282
486.592    40.7707    38.0697    0    180    -60.0278
486.599    40.7742    38.0687    0    180    -60.0273
486.605    40.7777    38.0676    0    180    -60.0269
486.611    40.7811    38.0666    0    180    -60.0265
486.617    40.7844    38.0655    0    180    -60.0261
486.623    40.7877    38.0645    0    180    -60.0257
486.628    40.791    38.0636    0    180    -60.0253
486.634    40.7942    38.0626    0    180    -60.0249
486.64    40.7973    38.0616    0    180    -60.0245
486.645    40.8004    38.0607    0    180    -60.0242
486.651    40.8035    38.0598    0    180    -60.0238
486.656    40.8065    38.0588    0    180    -60.0234
486.661    40.8095    38.0579    0    180    -60.0231
486.666    40.8124    38.0571    0    180    -60.0227
486.671    40.8153    38.0562    0    180    -60.0224
486.677    40.8181    38.0553    0    180    -60.022
486.681    40.8209    38.0545    0    180    -60.0217
486.686    40.8236    38.0536    0    180    -60.0214
486.691    40.8263    38.0528    0    180    -60.021
486.696    40.829    38.052    0    180    -60.0207
486.701    40.8316    38.0512    0    180    -60.0204
486.705    40.8342    38.0504    0    180    -60.0201
486.71    40.8367    38.0497    0    180    -60.0198
486.714    40.8392    38.0489    0    180    -60.0195
486.718    40.8417    38.0481    0    180    -60.0192
486.723    40.8441    38.0474    0    180    -60.0189
486.727    40.8465    38.0467    0    180    -60.0186
486.731    40.8488    38.046    0    180    -60.0183
486.735    40.8511    38.0453    0    180    -60.018
486.739    40.8534    38.0446    0    180    -60.0177
486.743    40.8557    38.0439    0    180    -60.0175
486.747    40.8579    38.0432    0    180    -60.0172
486.751    40.8601    38.0426    0    180    -60.0169
486.755    40.8622    38.0419    0    180    -60.0167
486.759    40.8643    38.0413    0    180    -60.0164
486.762    40.8664    38.0406    0    180    -60.0162
486.766    40.8684    38.04    0    180    -60.0159
486.77    40.8704    38.0394    0    180    -60.0157
486.773    40.8724    38.0388    0    180    -60.0154
486.777    40.8744    38.0382    0    180    -60.0152
486.78    40.8763    38.0376    0    180    -60.015
486.783    40.8782    38.037    0    180    -60.0147
486.787    40.8801    38.0365    0    180    -60.0145
486.79    40.8819    38.0359    0    180    -60.0143
486.793    40.8837    38.0354    0    180    -60.0141
486.796    40.8855    38.0348    0    180    -60.0139
486.799    40.8872    38.0343    0    180    -60.0137
486.803    40.889    38.0338    0    180    -60.0134
486.806    40.8907    38.0332    0    180    -60.0132
486.809    40.8923    38.0327    0    180    -60.013
486.811    40.894    38.0322    0    180    -60.0128
486.814    40.8956    38.0317    0    180    -60.0126
486.817    40.8972    38.0313    0    180    -60.0124
486.82    40.8988    38.0308    0    180    -60.0123
486.823    40.9003    38.0303    0    180    -60.0121
486.825    40.9019    38.0298    0    180    -60.0119
486.828    40.9034    38.0294    0    180    -60.0117
486.831    40.9048    38.0289    0    180    -60.0115
486.833    40.9063    38.0285    0    180    -60.0113
486.836    40.9077    38.0281    0    180    -60.0112
486.838    40.9092    38.0276    0    180    -60.011
486.841    40.9105    38.0272    0    180    -60.0108
486.843    40.9119    38.0268    0    180    -60.0107
486.846    40.9133    38.0264    0    180    -60.0105
486.848    40.9146    38.026    0    180    -60.0103
486.85    40.9159    38.0256    0    180    -60.0102
486.853    40.9172    38.0252    0    180    -60.01
486.855    40.9185    38.0248    0    180    -60.0099
486.857    40.9197    38.0244    0    180    -60.0097
486.859    40.9209    38.024    0    180    -60.0096
486.862    40.9221    38.0237    0    180    -60.0094
486.864    40.9233    38.0233    0    180    -60.0093
486.866    40.9245    38.023    0    180    -60.0091
486.868    40.9257    38.0226    0    180    -60.009
486.87    40.9268    38.0223    0    180    -60.0089
486.872    40.9279    38.0219    0    180    -60.0087
486.874    40.929    38.0216    0    180    -60.0086
486.876    40.9301    38.0212    0    180    -60.0085
486.878    40.9312    38.0209    0    180    -60.0083
486.88    40.9322    38.0206    0    180    -60.0082
486.881    40.9333    38.0203    0    180    -60.0081
486.883    40.9343    38.02    0    180    -60.008
486.885    40.9353    38.0197    0    180    -60.0078
486.887    40.9363    38.0194    0    180    -60.0077
486.888    40.9373    38.0191    0    180    -60.0076
486.89    40.9382    38.0188    0    180    -60.0075
486.892    40.9392    38.0185    0    180    -60.0074
486.893    40.9401    38.0182    0    180    -60.0073
486.895    40.941    38.0179    0    180    -60.0071
486.897    40.9419    38.0177    0    180    -60.007
486.898    40.9428    38.0174    0    180    -60.0069
486.9    40.9437    38.0171    0    180    -60.0068
486.901    40.9446    38.0169    0    180    -60.0067
486.903    40.9454    38.0166    0    180    -60.0066
486.904    40.9462    38.0163    0    180    -60.0065
486.906    40.9471    38.0161    0    180    -60.0064
486.907    40.9479    38.0158    0    180    -60.0063
486.909    40.9487    38.0156    0    180    -60.0062
486.91    40.9495    38.0154    0    180    -60.0061
486.912    40.9502    38.0151    0    180    -60.006
486.913    40.951    38.0149    0    180    -60.0059
486.914    40.9519    38.0146    0    180    -60.0058
486.916    40.9526    38.0144    0    180    -60.0057
486.917    40.9534    38.0142    0    180    -60.0056
486.918    40.9541    38.014    0    180    -60.0056
486.92    40.9548    38.0137    0    180    -60.0055
486.921    40.9555    38.0135    0    180    -60.0054
486.922    40.9562    38.0133    0    180    -60.0053
486.923    40.9568    38.0131    0    180    -60.0052
486.924    40.9575    38.0129    0    180    -60.0051
486.926    40.9581    38.0127    0    180    -60.0051
486.927    40.9588    38.0125    0    180    -60.005
486.928    40.9594    38.0123    0    180    -60.0049
486.929    40.96    38.0122    0    180    -60.0048
486.93    40.9607    38.012    0    180    -60.0048
486.931    40.9613    38.0118    0    180    -60.0047
486.932    40.9618    38.0116    0    180    -60.0046
486.933    40.9624    38.0114    0    180    -60.0045
486.934    40.963    38.0112    0    180    -60.0045
486.935    40.9636    38.0111    0    180    -60.0044
486.936    40.9641    38.0109    0    180    -60.0043
486.937    40.9647    38.0107    0    180    -60.0043
486.938    40.9652    38.0106    0    180    -60.0042
486.939    40.9657    38.0104    0    180    -60.0041
486.94    40.9663    38.0103    0    180    -60.0041
486.941    40.9668    38.0101    0    180    -60.004
486.942    40.9673    38.0099    0    180    -60.004
486.943    40.9678    38.0098    0    180    -60.0039
486.944    40.9683    38.0096    0    180    -60.0038
486.944    40.9688    38.0095    0    180    -60.0038
486.945    40.9693    38.0093    0    180    -60.0037
486.946    40.9697    38.0092    0    180    -60.0037
486.947    40.9702    38.0091    0    180    -60.0036
486.948    40.9706    38.0089    0    180    -60.0036
486.949    40.9711    38.0088    0    180    -60.0035
486.949    40.9715    38.0087    0    180    -60.0034
486.95    40.972    38.0085    0    180    -60.0034
486.951    40.9724    38.0084    0    180    -60.0033
486.952    40.9728    38.0083    0    180    -60.0033
486.952    40.9732    38.0081    0    180    -60.0032
486.953    40.9737    38.008    0    180    -60.0032
486.954    40.9741    38.0079    0    180    -60.0031
486.955    40.9745    38.0078    0    180    -60.0031
486.955    40.9748    38.0076    0    180    -60.003
486.956    40.9752    38.0075    0    180    -60.003
486.957    40.9756    38.0074    0    180    -60.003
486.957    40.976    38.0073    0    180    -60.0029
486.958    40.9764    38.0072    0    180    -60.0029
486.959    40.9767    38.0071    0    180    -60.0028
486.959    40.9771    38.007    0    180    -60.0028
486.96    40.9774    38.0069    0    180    -60.0027
486.96    40.9778    38.0068    0    180    -60.0027
486.961    40.9781    38.0067    0    180    -60.0027
486.962    40.9784    38.0066    0    180    -60.0026
