444.692    17.1471    45.2449    0    180    -62.8847
444.692    17.1471    45.2449    0    180    -62.8847
444.692    17.1471    45.2449    0    180    -62.8847
444.692    17.1471    45.2449    0    180    -62.8847
444.692    17.1471    45.2449    0    180    -62.8847
444.692    17.1471    45.2449    0    180    -62.8847
444.692    17.1471    45.2449    0    180    -62.8847
444.692    17.1471    45.2449    0    180    -62.8847
444.692    17.1471    45.2449    0    180    -62.8847
444.692    17.1471    45.2449    0    180    -62.8847
444.692    17.1471    45.2449    0    180    -62.8847
444.692    17.1471    45.2449    0    180    -62.8847
444.692    17.1471    45.2449    0    180    -62.8847
444.692    17.1471    45.2449    0    180    -62.8847
444.692    17.1471    45.2449    0    180    -62.8847
444.692    17.1471    45.2449    0    180    -62.8847
444.692    17.1471    45.2449    0    180    -62.8847
444.692    17.1471    45.2449    0    180    -62.8847
444.692    17.1471    45.2449    0    180    -62.8847
444.692    17.1471    45.2449    0    180    -62.8847
444.692    17.1471    45.2449    0    180    -62.8847
446.601    18.2312    44.9169    0    180    -62.7541
448.425    19.2662    44.6036    0    180    -62.6294
450.167    20.2541    44.3044    0    180    -62.5102
451.83    21.197    44.0188    0    180    -62.3965
453.418    22.0966    43.7462    0    180    -62.288
454.934    22.955    43.4861    0    180    -62.1844
456.479    23.8292    43.2211    0    180    -62.0789
457.858    24.6095    42.9844    0    180    -61.9846
459.175    25.3537    42.7586    0    180    -61.8947
460.433    26.0643    42.543    0    180    -61.8089
461.633    26.7425    42.3372    0    180    -61.7269
462.78    27.3897    42.1407    0    180    -61.6487
463.875    28.0075    41.9531    0    180    -61.574
464.92    28.5971    41.774    0    180    -61.5027
465.919    29.1603    41.603    0    180    -61.4346
466.872    29.6977    41.4397    0    180    -61.3696
467.782    30.2104    41.2839    0    180    -61.3076
468.651    30.6998    41.1352    0    180    -61.2483
469.481    31.1671    40.9931    0    180    -61.1918
470.273    31.613    40.8576    0    180    -61.1378
471.059    32.0554    40.7231    0    180    -61.0843
471.78    32.4611    40.5997    0    180    -61.0351
472.469    32.8486    40.4819    0    180    -60.9882
473.126    33.2183    40.3694    0    180    -60.9434
473.754    33.5712    40.2621    0    180    -60.9007
474.354    33.9085    40.1595    0    180    -60.8598
474.926    34.2301    40.0617    0    180    -60.8209
475.472    34.5372    39.9682    0    180    -60.7837
475.994    34.8302    39.879    0    180    -60.7482
476.492    35.1099    39.7939    0    180    -60.7143
476.968    35.377    39.7127    0    180    -60.6819
477.422    35.632    39.635    0    180    -60.651
477.855    35.8753    39.561    0    180    -60.6215
478.269    36.1075    39.4903    0    180    -60.5934
478.664    36.3293    39.4228    0    180    -60.5665
479.041    36.5409    39.3583    0    180    -60.5409
479.401    36.743    39.2968    0    180    -60.5164
479.745    36.9359    39.2381    0    180    -60.493
480.074    37.1201    39.182    0    180    -60.4706
480.387    37.2959    39.1285    0    180    -60.4493
480.686    37.4637    39.0774    0    180    -60.429
480.99    37.6339    39.0255    0    180    -60.4083
481.262    37.7865    38.9791    0    180    -60.3898
481.522    37.9321    38.9347    0    180    -60.3722
481.77    38.0712    38.8924    0    180    -60.3553
482.007    38.2039    38.8519    0    180    -60.3392
482.233    38.3308    38.8133    0    180    -60.3238
482.449    38.4517    38.7765    0    180    -60.3092
482.655    38.5671    38.7413    0    180    -60.2952
482.852    38.6774    38.7077    0    180    -60.2818
483.04    38.7827    38.6756    0    180    -60.269
483.219    38.8831    38.645    0    180    -60.2568
483.39    38.9791    38.6158    0    180    -60.2452
483.554    39.0706    38.5879    0    180    -60.2341
483.71    39.158    38.5613    0    180    -60.2235
483.859    39.2415    38.5359    0    180    -60.2134
484.001    39.3212    38.5116    0    180    -60.2037
484.137    39.3972    38.4884    0    180    -60.1945
484.266    39.4699    38.4663    0    180    -60.1857
484.39    39.5393    38.4451    0    180    -60.1772
484.508    39.6054    38.425    0    180    -60.1692
484.621    39.6686    38.4057    0    180    -60.1616
484.729    39.7289    38.3874    0    180    -60.1542
484.832    39.7865    38.3698    0    180    -60.1472
484.93    39.8415    38.3531    0    180    -60.1406
485.024    39.894    38.3371    0    180    -60.1342
485.113    39.9441    38.3218    0    180    -60.1281
485.199    39.9919    38.3072    0    180    -60.1223
485.28    40.0376    38.2933    0    180    -60.1168
485.358    40.0812    38.28    0    180    -60.1115
485.433    40.1229    38.2673    0    180    -60.1064
485.504    40.1626    38.2552    0    180    -60.1016
485.58    40.2052    38.2422    0    180    -60.0965
485.644    40.2412    38.2313    0    180    -60.0921
485.705    40.2756    38.2208    0    180    -60.0879
485.764    40.3084    38.2108    0    180    -60.0839
485.82    40.3397    38.2012    0    180    -60.0801
485.873    40.3696    38.1921    0    180    -60.0765
485.924    40.3982    38.1834    0    180    -60.073
485.973    40.4255    38.1751    0    180    -60.0697
486.02    40.4515    38.1672    0    180    -60.0666
486.064    40.4763    38.1596    0    180    -60.0636
486.106    40.5    38.1524    0    180    -60.0607
486.147    40.5227    38.1455    0    180    -60.0579
486.186    40.5443    38.1389    0    180    -60.0553
486.222    40.5649    38.1326    0    180    -60.0528
486.258    40.5846    38.1266    0    180    -60.0504
486.291    40.6035    38.1209    0    180    -60.0481
486.323    40.6214    38.1154    0    180    -60.0459
486.354    40.6386    38.1102    0    180    -60.0439
486.383    40.655    38.1052    0    180    -60.0419
486.411    40.6706    38.1004    0    180    -60.04
486.438    40.6855    38.0959    0    180    -60.0382
486.463    40.6997    38.0915    0    180    -60.0364
486.488    40.7133    38.0874    0    180    -60.0348
486.511    40.7263    38.0834    0    180    -60.0332
486.533    40.7387    38.0796    0    180    -60.0317
486.554    40.7506    38.076    0    180    -60.0303
486.574    40.7619    38.0726    0    180    -60.0289
486.594    40.7727    38.0693    0    180    -60.0276
486.612    40.783    38.0662    0    180    -60.0263
486.63    40.7928    38.0632    0    180    -60.0251
486.646    40.8022    38.0603    0    180    -60.024
486.662    40.8111    38.0576    0    180    -60.0229
486.678    40.8197    38.055    0    180    -60.0219
486.692    40.8279    38.0525    0    180    -60.0209
486.706    40.8357    38.0501    0    180    -60.0199
486.72    40.8431    38.0478    0    180    -60.019
486.732    40.8502    38.0457    0    180    -60.0182
486.744    40.857    38.0436    0    180    -60.0174
486.756    40.8635    38.0416    0    180    -60.0166
486.767    40.8697    38.0397    0    180    -60.0158
486.778    40.8756    38.0379    0    180    -60.0151
486.788    40.8812    38.0362    0    180    -60.0144
486.797    40.8866    38.0346    0    180    -60.0138
486.806    40.8917    38.033    0    180    -60.0131
486.815    40.8966    38.0315    0    180    -60.0125
486.824    40.9013    38.0301    0    180    -60.012
486.832    40.9058    38.0287    0    180    -60.0114
486.84    40.9104    38.0273    0    180    -60.0109
486.847    40.9145    38.0261    0    180    -60.0104
486.854    40.9183    38.0249    0    180    -60.0099
486.861    40.922    38.0238    0    180    -60.0095
486.867    40.9256    38.0227    0    180    -60.009
486.873    40.9289    38.0217    0    180    -60.0086
486.879    40.9322    38.0207    0    180    -60.0082
486.884    40.9352    38.0197    0    180    -60.0079
486.889    40.9382    38.0188    0    180    -60.0075
486.894    40.941    38.018    0    180    -60.0072
486.899    40.9436    38.0172    0    180    -60.0068
486.904    40.9462    38.0164    0    180    -60.0065
486.908    40.9486    38.0157    0    180    -60.0062
486.912    40.951    38.0149    0    180    -60.006
486.916    40.9532    38.0143    0    180    -60.0057
486.92    40.9553    38.0136    0    180    -60.0054
486.924    40.9573    38.013    0    180    -60.0052
486.927    40.9593    38.0124    0    180    -60.0049
486.93    40.9611    38.0119    0    180    -60.0047
486.934    40.9629    38.0113    0    180    -60.0045
486.937    40.9646    38.0108    0    180    -60.0043
486.94    40.9662    38.0103    0    180    -60.0041
486.942    40.9677    38.0098    0    180    -60.0039
486.945    40.9692    38.0094    0    180    -60.0037
486.947    40.9706    38.009    0    180    -60.0036
486.95    40.9719    38.0086    0    180    -60.0034
486.952    40.9732    38.0082    0    180    -60.0033
486.954    40.9744    38.0078    0    180    -60.0031
486.956    40.9755    38.0075    0    180    -60.003
486.958    40.9766    38.0071    0    180    -60.0028
486.96    40.9777    38.0068    0    180    -60.0027
486.962    40.9787    38.0065    0    180    -60.0026
486.964    40.9797    38.0062    0    180    -60.0025
486.965    40.9806    38.0059    0    180    -60.0024
486.967    40.9815    38.0056    0    180    -60.0022
486.968    40.9823    38.0054    0    180    -60.0021
486.97    40.9831    38.0051    0    180    -60.002
486.971    40.9839    38.0049    0    180    -60.002
486.972    40.9846    38.0047    0    180    -60.0019
486.974    40.9853    38.0045    0    180    -60.0018
486.975    40.986    38.0043    0    180    -60.0017
486.976    40.9866    38.0041    0    180    -60.0016
486.977    40.9872    38.0039    0    180    -60.0016
486.978    40.9878    38.0037    0    180    -60.0015
486.979    40.9883    38.0036    0    180    -60.0014
486.98    40.9889    38.0034    0    180    -60.0013
486.981    40.9894    38.0032    0    180    -60.0013
486.982    40.9899    38.0031    0    180    -60.0012
486.983    40.9903    38.003    0    180    -60.0012
486.983    40.9908    38.0028    0    180    -60.0011
486.984    40.9912    38.0027    0    180    -60.0011
486.985    40.9916    38.0026    0    180    -60.001
486.986    40.992    38.0025    0    180    -60.001
486.986    40.9923    38.0023    0    180    -60.0009
486.987    40.9927    38.0022    0    180    -60.0009
486.987    40.993    38.0021    0    180    -60.0008
486.988    40.9933    38.002    0    180    -60.0008
486.989    40.9936    38.0019    0    180    -60.0008
486.989    40.9939    38.0019    0    180    -60.0007
486.99    40.9942    38.0018    0    180    -60.0007
486.99    40.9945    38.0017    0    180    -60.0007
486.991    40.9947    38.0016    0    180    -60.0006
486.991    40.9949    38.0015    0    180    -60.0006
486.991    40.9952    38.0015    0    180    -60.0006
486.992    40.9954    38.0014    0    180    -60.0006
486.992    40.9956    38.0013    0    180    -60.0005
486.992    40.9958    38.0013    0    180    -60.0005
486.993    40.996    38.0012    0    180    -60.0005
486.993    40.9962    38.0012    0    180    -60.0005
486.993    40.9963    38.0011    0    180    -60.0004
486.994    40.9965    38.0011    0    180    -60.0004
486.994    40.9967    38.001    0    180    -60.0004
486.994    40.9968    38.001    0    180    -60.0004
486.995    40.997    38.0009    0    180    -60.0004
486.995    40.9971    38.0009    0    180    -60.0004
486.995    40.9972    38.0008    0    180    -60.0003
486.995    40.9974    38.0008    0    180    -60.0003
486.996    40.9975    38.0008    0    180    -60.0003
486.996    40.9976    38.0007    0    180    -60.0003
486.996    40.9977    38.0007    0    180    -60.0003
486.996    40.9978    38.0007    0    180    -60.0003
486.996    40.9979    38.0006    0    180    -60.0003
486.996    40.998    38.0006    0    180    -60.0002
486.997    40.9981    38.0006    0    180    -60.0002
486.997    40.9982    38.0006    0    180    -60.0002
486.997    40.9983    38.0005    0    180    -60.0002
486.997    40.9983    38.0005    0    180    -60.0002
486.997    40.9984    38.0005    0    180    -60.0002
486.997    40.9985    38.0005    0    180    -60.0002
486.997    40.9986    38.0004    0    180    -60.0002
486.998    40.9986    38.0004    0    180    -60.0002
