0    0    0    0    0    0
0    0    0    0    0    0
0    0    0    0    0    0
0    0    0    0    0    0
0    0    0    0    0    0
0    0    0    0    0    0
0    0    0    0    0    0
0    0    0    0    0    0
0    0    0    0    0    0
0    0    0    0    0    0
0    0    0    0    0    0
0    0    0    0    0    0
0    0    0    0    0    0
0    0    0    0    0    0
0    0    0    0    0    0
0    0    0    0    0    0
0    0    0    0    0    0
0    0    0    0    0    0
0    0    0    0    0    0
0    0    0    0    0    0
0    0    0    0    0    0
0    0    0    0    0    0
0    0    0    0    0    0
0    0    0    0    0    0
0    0    0    0    0    0
0    0    0    0    0    0
0    0    0    0    0    0
0    0    0    0    0    0
0    0    0    0    0    0
0    0    0    0    0    0
0    0    0    0    0    0
0    0    0    0    0    0
0    0    0    0    0    0
0    0    0    0    0    0
0    0    0    0    0    0
0    0    0    0    0    0
0    0    0    0    0    0
0    0    0    0    0    0
0    0    0    0    0    0
0    0    0    0    0    0
0    0    0    0    0    0
0    0    0    0    0    0
0    0    0    0    0    0
0    0    0    0    0    0
0    0    0    0    0    0
0    0    0    0    0    0
0    0    0    0    0    0
0    0    0    0    0    0
0    0    0    0    0    0
0    0    0    0    0    0
0    0    0    0    0    0
0    0    0    0    0    0
0    0    0    0    0    0
0    0    0    0    0    0
0    0    0    0    0    0
0    0    0    0    0    0
-0.0202572    -0.0133931    0.00362244    -2.6064e-13    1.41826e-13    0.0251738
-0.0200025    -0.0132061    0.00357534    -2.60593e-13    1.41912e-13    0.0248464
-0.0198316    -0.013081    0.00354378    -2.60562e-13    1.4197e-13    0.0246271
-0.0196754    -0.0129668    0.00351494    -2.60533e-13    1.42023e-13    0.0244267
-0.0193954    -0.0127627    0.00346329    -2.60481e-13    1.42118e-13    0.0240678
-0.0192308    -0.0126429    0.00343295    -2.60451e-13    1.42169e-13    0.0238569
-0.0190187    -0.0124889    0.00339386    -2.60412e-13    1.42246e-13    0.0235853
-0.0185588    -0.0121568    0.00330926    -2.60327e-13    1.42396e-13    0.0229973
-0.0181744    -0.0118803    0.00323865    -2.60256e-13    1.42526e-13    0.0225066
-0.0178112    -0.01162    0.00317201    -2.60189e-13    1.42643e-13    0.0220435
-0.0176066    -0.0114737    0.00313451    -2.60152e-13    1.42735e-13    0.021783
-0.0173349    -0.0112799    0.00308476    -2.60101e-13    1.42803e-13    0.0214372
-0.0171082    -0.0111186    0.00304327    -2.6006e-13    1.42879e-13    0.0211489
-0.0167876    -0.0108913    0.00298466    -2.60001e-13    1.43006e-13    0.0207416
-0.0165337    -0.0107118    0.00293831    -2.59954e-13    1.43071e-13    0.0204195
-0.0162469    -0.0105097    0.00288598    -2.59901e-13    1.43162e-13    0.0200558
-0.0159974    -0.0103343    0.00284051    -2.59856e-13    1.4325e-13    0.0197398
-0.0158666    -0.0102424    0.00281668    -2.59832e-13    1.43305e-13    0.0195742
-0.0156445    -0.0100868    0.00277624    -2.59791e-13    1.43367e-13    0.0192932
-0.0153123    -0.00985495    0.00271582    -2.5973e-13    1.43478e-13    0.0188733
-0.014987    -0.00962875    0.00265673    -2.5967e-13    1.43577e-13    0.0184626
-0.0147138    -0.00943927    0.00260714    -2.59621e-13    1.43683e-13    0.018118
-0.0145405    -0.00931928    0.00257571    -2.59589e-13    1.43741e-13    0.0178996
-0.0142725    -0.00913427    0.00252714    -2.5954e-13    1.43814e-13    0.0175621
-0.0140296    -0.00896703    0.00248316    -2.59495e-13    1.43898e-13    0.0172565
-0.01385    -0.00884356    0.00245066    -2.59462e-13    1.43953e-13    0.0170306
-0.0136043    -0.00867521    0.00240625    -2.59418e-13    1.44034e-13    0.016722
-0.0134667    -0.00858101    0.00238139    -2.59392e-13    1.44076e-13    0.0165492
-0.013277    -0.00845139    0.00234712    -2.59358e-13    1.44138e-13    0.0163111
-0.0130039    -0.00826545    0.00229785    -2.59308e-13    1.44235e-13    0.0159687
-0.0127461    -0.00809032    0.00225136    -2.59261e-13    1.44323e-13    0.0156456
-0.0125866    -0.00798216    0.00222263    -2.59232e-13    1.44365e-13    0.0154459
-0.012448    -0.00788834    0.00219768    -2.59207e-13    1.4442e-13    0.0152725
-0.012189    -0.00771348    0.00215107    -2.59159e-13    1.44502e-13    0.0149486
-0.012033    -0.00760827    0.002123    -2.59131e-13    1.44543e-13    0.0147536
-0.0118194    -0.00746464    0.00208462    -2.59092e-13    1.44612e-13    0.0144868
-0.0115624    -0.00729225    0.00203846    -2.59045e-13    1.44705e-13    0.014166
-0.0113737    -0.00716593    0.00200459    -2.59011e-13    1.44765e-13    0.0139307
-0.0111436    -0.00701229    0.00196333    -2.58969e-13    1.44833e-13    0.0136439
-0.0109165    -0.00686105    0.00192264    -2.58928e-13    1.44912e-13    0.0133612
-0.0107622    -0.00675838    0.00189499    -2.589e-13    1.44963e-13    0.013169
-0.0105325    -0.00660602    0.00185389    -2.58858e-13    1.45038e-13    0.0128834
-0.0103893    -0.00651116    0.00182827    -2.58832e-13    1.45083e-13    0.0127054
-0.0101844    -0.00637575    0.00179165    -2.58795e-13    1.45151e-13    0.0124509
-0.0100033    -0.00625624    0.00175928    -2.58762e-13    1.452e-13    0.0122259
-0.00979169    -0.00611696    0.0017215    -2.58723e-13    1.45269e-13    0.0119634
-0.00964636    -0.00602144    0.00169557    -2.58697e-13    1.45318e-13    0.0117832
-0.0095413    -0.00595246    0.00167682    -2.58678e-13    1.45356e-13    0.0116529
-0.00933383    -0.00581657    0.00163983    -2.5864e-13    1.45422e-13    0.0113959
-0.00913488    -0.00568653    0.00160439    -2.58604e-13    1.45485e-13    0.0111495
-0.00902876    -0.00561724    0.00158549    -2.58585e-13    1.45512e-13    0.0110182
-0.00884136    -0.00549513    0.00155213    -2.58551e-13    1.45573e-13    0.0107864
-0.00868917    -0.00539612    0.00152506    -2.58524e-13    1.45629e-13    0.0105982
-0.00856679    -0.0053166    0.00150329    -2.58501e-13    1.45666e-13    0.010447
-0.00842202    -0.00522269    0.00147756    -2.58475e-13    1.45708e-13    0.0102681
-0.00832215    -0.00515796    0.00145981    -2.58457e-13    1.45743e-13    0.0101448
-0.008161    -0.00505371    0.00143119    -2.58428e-13    1.45794e-13    0.00994591
-0.00806099    -0.00498908    0.00141344    -2.5841e-13    1.45828e-13    0.00982252
-0.00794497    -0.00491419    0.00139284    -2.58389e-13    1.45865e-13    0.00967942
-0.00785689    -0.00485739    0.00137722    -2.58373e-13    1.45891e-13    0.00957083
-0.00777435    -0.00480421    0.00136258    -2.58358e-13    1.4592e-13    0.00946909
-0.00768253    -0.0047451    0.0013463    -2.58341e-13    1.45947e-13    0.00935593
-0.00755991    -0.00466628    0.00132456    -2.58319e-13    1.45988e-13    0.00920487
-0.0074547    -0.00459873    0.00130591    -2.583e-13    1.46021e-13    0.00907532
-0.00737828    -0.0045497    0.00129238    -2.58286e-13    1.4604e-13    0.00898124
-0.00722191    -0.00444955    0.00126469    -2.58258e-13    1.46093e-13    0.00878879
-0.00715521    -0.00440686    0.00125288    -2.58246e-13    1.46116e-13    0.00870675
-0.00708648    -0.0043629    0.00124071    -2.58234e-13    1.46136e-13    0.00862221
-0.00697937    -0.00429448    0.00122176    -2.58214e-13    1.4617e-13    0.0084905
-0.00684687    -0.00420996    0.00119833    -2.5819e-13    1.46212e-13    0.00832763
-0.00669401    -0.00411261    0.0011713    -2.58163e-13    1.46259e-13    0.00813981
-0.00654941    -0.00402067    0.00114575    -2.58137e-13    1.46307e-13    0.00796224
-0.00643212    -0.00394618    0.00112503    -2.58115e-13    1.46344e-13    0.00781825
-0.00634542    -0.00389117    0.00110972    -2.581e-13    1.46369e-13    0.00771186
-0.0062257    -0.00381531    0.00108858    -2.58078e-13    1.4641e-13    0.00756499
-0.00614354    -0.00376328    0.00107408    -2.58063e-13    1.46432e-13    0.00746422
-0.00606886    -0.00371604    0.00106091    -2.5805e-13    1.46456e-13    0.00737265
-0.00600099    -0.00367313    0.00104893    -2.58038e-13    1.4648e-13    0.00728946
-0.00590228    -0.00361079    0.00103153    -2.5802e-13    1.46511e-13    0.00716849
-0.00583511    -0.0035684    0.00101969    -2.58008e-13    1.4653e-13    0.00708619
-0.00577669    -0.00353155    0.00100939    -2.57997e-13    1.46551e-13    0.00701463
-0.00566913    -0.0034638    0.000990432    -2.57978e-13    1.46585e-13    0.0068829
-0.00561447    -0.00342938    0.000980801    -2.57968e-13    1.46602e-13    0.00681597
-0.00550464    -0.00336033    0.000961456    -2.57948e-13    1.46638e-13    0.00668154
-0.00544863    -0.00332513    0.000951594    -2.57938e-13    1.46653e-13    0.006613
-0.00532943    -0.00325031    0.000930607    -2.57917e-13    1.46692e-13    0.00646715
-0.00528229    -0.00322074    0.000922312    -2.57908e-13    1.46708e-13    0.0064095
-0.00516667    -0.0031483    0.000901966    -2.57887e-13    1.46744e-13    0.00626812
-0.00512258    -0.00312069    0.000894211    -2.57879e-13    1.46758e-13    0.00621422
-0.00504319    -0.00307101    0.000880247    -2.57865e-13    1.46781e-13    0.00611718
-0.00499061    -0.00303813    0.000871002    -2.57856e-13    1.468e-13    0.00605293
-0.00493396    -0.00300272    0.00086104    -2.57846e-13    1.46818e-13    0.00598371
-0.0048372    -0.00294231    0.000844032    -2.57828e-13    1.46846e-13    0.00586551
-0.00474685    -0.00288596    0.000828156    -2.57812e-13    1.46876e-13    0.00575518
-0.00466369    -0.00283413    0.000813546    -2.57797e-13    1.46901e-13    0.00565365
-0.00456038    -0.00276982    0.0007954    -2.57778e-13    1.46935e-13    0.00552755
-0.00448162    -0.00272084    0.000781571    -2.57764e-13    1.46959e-13    0.00543144
-0.00439614    -0.00266772    0.000766566    -2.57749e-13    1.46986e-13    0.00532717
-0.00435603    -0.00264281    0.000759527    -2.57742e-13    1.46999e-13    0.00527825
-0.00431348    -0.00261639    0.000752061    -2.57734e-13    1.47012e-13    0.00522637
-0.00424644    -0.0025748    0.000740299    -2.57722e-13    1.47032e-13    0.00514463
-0.00420852    -0.00255128    0.000733647    -2.57715e-13    1.47046e-13    0.0050984
-0.00417159    -0.00252838    0.000727168    -2.57708e-13    1.47056e-13    0.00505338
-0.00412647    -0.00250042    0.000719255    -2.577e-13    1.47071e-13    0.00499838
-0.00406602    -0.00246299    0.000708654    -2.57689e-13    1.4709e-13    0.00492471
-0.00398473    -0.00241271    0.000694403    -2.57675e-13    1.47115e-13    0.00482568
-0.00391978    -0.00237255    0.000683017    -2.57663e-13    1.47135e-13    0.00474655
-0.00384512    -0.00232643    0.000669933    -2.5765e-13    1.47158e-13    0.00465563
-0.00381225    -0.00230613    0.000664176    -2.57644e-13    1.47169e-13    0.00461562
-0.00377358    -0.00228226    0.000657401    -2.57637e-13    1.47182e-13    0.00456853
-0.00368777    -0.00222935    0.000642369    -2.57621e-13    1.47208e-13    0.00446407
-0.0036479    -0.00220477    0.000635386    -2.57614e-13    1.4722e-13    0.00441555
-0.0035712    -0.00215753    0.000621957    -2.576e-13    1.47244e-13    0.00432222
-0.0035368    -0.00213634    0.000615933    -2.57594e-13    1.47255e-13    0.00428036
-0.00345672    -0.00208709    0.000601916    -2.5758e-13    1.4728e-13    0.00418295
-0.00342704    -0.00206883    0.000596721    -2.57575e-13    1.4729e-13    0.00414685
-0.00335568    -0.00202498    0.000584234    -2.57562e-13    1.47314e-13    0.00406007
-0.00332602    -0.00200676    0.000579046    -2.57556e-13    1.47322e-13    0.00402402
-0.00329998    -0.00199077    0.00057449    -2.57552e-13    1.47329e-13    0.00399235
-0.00322888    -0.00194714    0.000562053    -2.57539e-13    1.47351e-13    0.00390593
-0.0031752    -0.00191422    0.000552665    -2.57529e-13    1.47369e-13    0.00384069
-0.00314198    -0.00189385    0.000546855    -2.57523e-13    1.47379e-13    0.00380031
-0.00310985    -0.00187416    0.000541238    -2.57518e-13    1.47388e-13    0.00376128
-0.00306749    -0.00184821    0.000533833    -2.5751e-13    1.47402e-13    0.00370981
-0.00300185    -0.00180802    0.000522358    -2.57498e-13    1.47422e-13    0.00363007
-0.00294179    -0.00177128    0.00051186    -2.57487e-13    1.47441e-13    0.00355712
-0.00290319    -0.00174768    0.000505117    -2.57481e-13    1.47454e-13    0.00351025
-0.00285661    -0.00171921    0.000496978    -2.57472e-13    1.47468e-13    0.00345369
-0.00280967    -0.00169053    0.000488777    -2.57464e-13    1.47483e-13    0.0033967
-0.00276883    -0.00166559    0.000481643    -2.57456e-13    1.47496e-13    0.00334713
-0.00271884    -0.00163508    0.000472912    -2.57447e-13    1.47511e-13    0.00328645
-0.00269363    -0.0016197    0.000468511    -2.57443e-13    1.47519e-13    0.00325586
-0.00265133    -0.0015939    0.000461125    -2.57435e-13    1.47532e-13    0.00320454
-0.00260063    -0.001563    0.000452273    -2.57426e-13    1.47548e-13    0.00314302
-0.00256857    -0.00154347    0.000446677    -2.57421e-13    1.47558e-13    0.00310413
-0.00251052    -0.00150811    0.000436543    -2.5741e-13    1.47576e-13    0.00303371
-0.00246936    -0.00148306    0.00042936    -2.57403e-13    1.47589e-13    0.00298379
-0.00241779    -0.00145169    0.000420361    -2.57393e-13    1.47605e-13    0.00292126
-0.00237182    -0.00142374    0.000412341    -2.57385e-13    1.47619e-13    0.00286552
-0.00233105    -0.00139896    0.00040523    -2.57378e-13    1.47632e-13    0.0028161
-0.0023117    -0.0013872    0.000401854    -2.57374e-13    1.47638e-13    0.00279264
-0.00226766    -0.00136046    0.000394174    -2.57367e-13    1.47652e-13    0.00273927
-0.00222181    -0.00133262    0.000386177    -2.57358e-13    1.47666e-13    0.0026837
-0.00217382    -0.0013035    0.000377809    -2.5735e-13    1.47681e-13    0.00262554
-0.00212851    -0.00127603    0.00036991    -2.57342e-13    1.47695e-13    0.00257065
-0.0020855    -0.00124995    0.000362411    -2.57334e-13    1.47709e-13    0.00251854
-0.00203876    -0.00122164    0.000354265    -2.57326e-13    1.47723e-13    0.00246192
-0.00200021    -0.00119829    0.000347547    -2.57319e-13    1.47735e-13    0.00241524
-0.00195761    -0.00117251    0.000340124    -2.57311e-13    1.47749e-13    0.00236366
-0.00191361    -0.00114588    0.000332458    -2.57303e-13    1.47763e-13    0.00231038
-0.00187967    -0.00112536    0.000326545    -2.57297e-13    1.47773e-13    0.00226929
-0.00185098    -0.00110801    0.000321547    -2.57292e-13    1.47782e-13    0.00223455
-0.00183206    -0.00109657    0.000318252    -2.57289e-13    1.47787e-13    0.00221166
-0.00179504    -0.0010742    0.000311803    -2.57282e-13    1.47799e-13    0.00216684
-0.00175717    -0.00105132    0.000305208    -2.57275e-13    1.47811e-13    0.00212101
-0.00173767    -0.00103955    0.000301813    -2.57272e-13    1.47817e-13    0.00209741
-0.00170726    -0.00102119    0.000296518    -2.57266e-13    1.47826e-13    0.00206062
-0.00168762    -0.00100934    0.000293099    -2.57263e-13    1.47833e-13    0.00203686
-0.00165858    -0.000991811    0.000288042    -2.57257e-13    1.47842e-13    0.00200172
-0.00163992    -0.000980558    0.000284795    -2.57254e-13    1.47848e-13    0.00197915
-0.00160989    -0.000962443    0.000279566    -2.57249e-13    1.47857e-13    0.00194282
-0.0015897    -0.000950273    0.000276053    -2.57245e-13    1.47863e-13    0.0019184
-0.00156947    -0.000938073    0.000272531    -2.57242e-13    1.47869e-13    0.00189392
-0.00155182    -0.000927435    0.000269459    -2.57238e-13    1.47875e-13    0.00187258
-0.001538    -0.00091911    0.000267055    -2.57236e-13    1.47879e-13    0.00185587
-0.00151148    -0.000903133    0.00026244    -2.57231e-13    1.47887e-13    0.0018238
-0.00149459    -0.00089296    0.000259501    -2.57228e-13    1.47892e-13    0.00180337
-0.0014684    -0.000877188    0.000254943    -2.57223e-13    1.47901e-13    0.0017717
-0.00144571    -0.000863529    0.000250996    -2.57219e-13    1.47908e-13    0.00174427
-0.00141345    -0.000844113    0.000245383    -2.57214e-13    1.47918e-13    0.00170526
-0.00139644    -0.000833882    0.000242425    -2.57211e-13    1.47923e-13    0.0016847
-0.00137413    -0.000820459    0.000238543    -2.57207e-13    1.47931e-13    0.00165773
-0.00134866    -0.000805142    0.000234113    -2.57202e-13    1.47939e-13    0.00162694
-0.00133585    -0.000797437    0.000231885    -2.572e-13    1.47942e-13    0.00161146
-0.00131602    -0.000785519    0.000228437    -2.57196e-13    1.47949e-13    0.0015875
-0.0012941    -0.000772341    0.000224624    -2.57192e-13    1.47955e-13    0.001561
-0.00126571    -0.000755288    0.000219688    -2.57187e-13    1.47964e-13    0.0015267
-0.00124731    -0.00074423    0.000216487    -2.57184e-13    1.4797e-13    0.00150445
-0.00123129    -0.000734612    0.000213703    -2.57181e-13    1.47975e-13    0.00148511
-0.00120607    -0.00071947    0.000209318    -2.57176e-13    1.47983e-13    0.00145464
-0.00118878    -0.000709085    0.000206311    -2.57173e-13    1.47988e-13    0.00143374
-0.00117948    -0.000703502    0.000204694    -2.57172e-13    1.47991e-13    0.0014225
-0.0011642    -0.00069433    0.000202038    -2.57169e-13    1.47996e-13    0.00140404
-0.00114464    -0.000682596    0.000198638    -2.57165e-13    1.48002e-13    0.00138042
-0.00112145    -0.000668683    0.000194607    -2.57161e-13    1.48009e-13    0.0013524
-0.00110878    -0.000661083    0.000192405    -2.57159e-13    1.48013e-13    0.0013371
-0.0010889    -0.00064916    0.00018895    -2.57156e-13    1.48019e-13    0.00131308
-0.00107253    -0.000639346    0.000186105    -2.57153e-13    1.48024e-13    0.00129332
-0.0010564    -0.000629675    0.000183301    -2.5715e-13    1.48029e-13    0.00127383
-0.00104332    -0.000621837    0.000181029    -2.57147e-13    1.48033e-13    0.00125804
-0.00102408    -0.000610304    0.000177685    -2.57144e-13    1.48039e-13    0.0012348
-0.00101328    -0.000603837    0.00017581    -2.57142e-13    1.48042e-13    0.00122177
-0.000995936    -0.000593444    0.000172795    -2.57139e-13    1.48048e-13    0.00120082
-0.000987503    -0.000588392    0.00017133    -2.57137e-13    1.4805e-13    0.00119064
-0.000973685    -0.000580116    0.000168929    -2.57135e-13    1.48055e-13    0.00117396
-0.000955908    -0.00056947    0.000165841    -2.57132e-13    1.4806e-13    0.00115249
-0.000938764    -0.000559206    0.000162862    -2.57129e-13    1.48065e-13    0.00113179
-0.00092247    -0.000549452    0.000160032    -2.57126e-13    1.48071e-13    0.00111212
-0.000910499    -0.000542286    0.000157952    -2.57124e-13    1.48075e-13    0.00109767
-0.000900857    -0.000536515    0.000156277    -2.57122e-13    1.48077e-13    0.00108603
-0.000885615    -0.000527395    0.00015363    -2.57119e-13    1.48082e-13    0.00106763
-0.000870384    -0.000518282    0.000150984    -2.57116e-13    1.48087e-13    0.00104925
-0.000854075    -0.000508526    0.000148152    -2.57113e-13    1.48092e-13    0.00102956
-0.000843213    -0.00050203    0.000146265    -2.57112e-13    1.48095e-13    0.00101645
-0.000827285    -0.000492505    0.000143499    -2.57109e-13    1.481e-13    0.000997231
-0.000818267    -0.000487112    0.000141933    -2.57107e-13    1.48103e-13    0.000986347
-0.000800574    -0.000476535    0.00013886    -2.57104e-13    1.48108e-13    0.000964995
-0.000786101    -0.000467884    0.000136347    -2.57101e-13    1.48113e-13    0.00094753
-0.000772268    -0.000459616    0.000133945    -2.57099e-13    1.48117e-13    0.000930837
-0.000763268    -0.000454238    0.000132382    -2.57097e-13    1.4812e-13    0.000919978
-0.00075124    -0.000447051    0.000130294    -2.57095e-13    1.48124e-13    0.000905464
-0.000744391    -0.000442959    0.000129105    -2.57094e-13    1.48126e-13    0.0008972
-0.000735657    -0.000437741    0.000127588    -2.57092e-13    1.48129e-13    0.000886662
-0.00072025    -0.000428538    0.000124914    -2.5709e-13    1.48133e-13    0.000868073
-0.000707233    -0.000420763    0.000122654    -2.57087e-13    1.48137e-13    0.000852368
-0.00070073    -0.00041688    0.000121525    -2.57086e-13    1.48139e-13    0.000844522
-0.000694077    -0.000412907    0.00012037    -2.57085e-13    1.48141e-13    0.000836496
-0.000684916    -0.000407437    0.000118779    -2.57083e-13    1.48144e-13    0.000825445
-0.000673655    -0.000400714    0.000116825    -2.57081e-13    1.48148e-13    0.00081186
-0.000662382    -0.000393985    0.000114868    -2.57079e-13    1.48151e-13    0.000798261
-0.000650595    -0.000386949    0.000112822    -2.57077e-13    1.48155e-13    0.000784043
-0.00064269    -0.000382232    0.00011145    -2.57076e-13    1.48157e-13    0.000774508
-0.000630223    -0.000374792    0.000109286    -2.57073e-13    1.48161e-13    0.000759469
-0.000622577    -0.00037023    0.000107959    -2.57072e-13    1.48164e-13    0.000750247
-0.00061465    -0.0003655    0.000106583    -2.57071e-13    1.48166e-13    0.000740687
-0.000608115    -0.000361601    0.000105449    -2.5707e-13    1.48168e-13    0.000732804
-0.000594399    -0.00035342    0.000103068    -2.57067e-13    1.48172e-13    0.000716262
-0.000589735    -0.000350638    0.000102259    -2.57066e-13    1.48174e-13    0.000710636
-0.000577776    -0.000343506    0.000100183    -2.57064e-13    1.48178e-13    0.000696214
-0.000570383    -0.000339096    9.89004e-05    -2.57063e-13    1.4818e-13    0.000687298
-0.000564296    -0.000335467    9.78441e-05    -2.57062e-13    1.48182e-13    0.000679957
-0.000556182    -0.000330628    9.64361e-05    -2.5706e-13    1.48184e-13    0.000670172
-0.000543856    -0.00032328    9.42972e-05    -2.57058e-13    1.48188e-13    0.000655308
-0.000532133    -0.000316292    9.2263e-05    -2.57056e-13    1.48192e-13    0.000641172
-0.000521887    -0.000310185    9.04853e-05    -2.57054e-13    1.48195e-13    0.000628818
-0.000512358    -0.000304506    8.88318e-05    -2.57052e-13    1.48198e-13    0.000617327
-0.000507443    -0.000301576    8.7979e-05    -2.57052e-13    1.48199e-13    0.0006114
-0.000498274    -0.000296113    8.63882e-05    -2.5705e-13    1.48202e-13    0.000600345
-0.000491508    -0.000292081    8.52142e-05    -2.57049e-13    1.48204e-13    0.000592187
-0.000481974    -0.000286401    8.35601e-05    -2.57047e-13    1.48207e-13    0.000580692
-0.000471411    -0.000280109    8.17276e-05    -2.57045e-13    1.4821e-13    0.000567957
-0.000461263    -0.000274064    7.99672e-05    -2.57043e-13    1.48214e-13    0.000555723
-0.000451704    -0.000268371    7.83088e-05    -2.57042e-13    1.48217e-13    0.000544198
-0.000446801    -0.000265451    7.74583e-05    -2.57041e-13    1.48218e-13    0.000538288
-0.00043799    -0.000260204    7.59297e-05    -2.57039e-13    1.48221e-13    0.000527666
-0.000430968    -0.000256022    7.47117e-05    -2.57038e-13    1.48223e-13    0.000519201
-0.000425671    -0.000252869    7.37929e-05    -2.57037e-13    1.48225e-13    0.000512816
-0.000416552    -0.000247439    7.2211e-05    -2.57035e-13    1.48227e-13    0.000501823
-0.00040762    -0.000242122    7.06617e-05    -2.57034e-13    1.4823e-13    0.000491056
-0.000399096    -0.000237048    6.91832e-05    -2.57032e-13    1.48233e-13    0.000480781
-0.000392999    -0.000233419    6.81256e-05    -2.57031e-13    1.48235e-13    0.000473432
-0.00038654    -0.000229575    6.70054e-05    -2.5703e-13    1.48237e-13    0.000465647
-0.000382586    -0.000227222    6.63196e-05    -2.57029e-13    1.48238e-13    0.000460881
-0.000378033    -0.000224512    6.553e-05    -2.57028e-13    1.48239e-13    0.000455393
-0.00037018    -0.000219839    6.41679e-05    -2.57027e-13    1.48242e-13    0.000445928
-0.000364568    -0.000216499    6.31946e-05    -2.57026e-13    1.48243e-13    0.000439164
-0.000359189    -0.000213299    6.22618e-05    -2.57025e-13    1.48245e-13    0.000432681
-0.000351817    -0.000208913    6.09832e-05    -2.57024e-13    1.48247e-13    0.000423796
-0.00034646    -0.000205726    6.00542e-05    -2.57023e-13    1.48249e-13    0.00041734
-0.000342244    -0.000203218    5.93231e-05    -2.57022e-13    1.4825e-13    0.00041226
-0.000337663    -0.000200493    5.85286e-05    -2.57021e-13    1.48252e-13    0.000406738
-0.000331568    -0.000196867    5.74716e-05    -2.5702e-13    1.48254e-13    0.000399392
-0.000325354    -0.000193172    5.6394e-05    -2.57019e-13    1.48256e-13    0.000391904
-0.00032213    -0.000191254    5.58349e-05    -2.57018e-13    1.48257e-13    0.000388019
-0.000316701    -0.000188025    5.48935e-05    -2.57017e-13    1.48258e-13    0.000381476
-0.000311891    -0.000185165    5.40594e-05    -2.57017e-13    1.4826e-13    0.00037568
-0.000305539    -0.000181388    5.2958e-05    -2.57015e-13    1.48262e-13    0.000368026
-0.000299833    -0.000177995    5.19685e-05    -2.57014e-13    1.48264e-13    0.00036115
-0.000296674    -0.000176117    5.14208e-05    -2.57014e-13    1.48265e-13    0.000357343
-0.000293371    -0.000174153    5.08481e-05    -2.57013e-13    1.48266e-13    0.000353363
-0.00028889    -0.000171488    5.0071e-05    -2.57012e-13    1.48267e-13    0.000347963
-0.000286105    -0.000169833    4.95882e-05    -2.57012e-13    1.48268e-13    0.000344608
-0.000283278    -0.000168152    4.9098e-05    -2.57011e-13    1.48269e-13    0.000341201
-0.000279539    -0.000165929    4.84497e-05    -2.57011e-13    1.4827e-13    0.000336696
-0.000276001    -0.000163826    4.78362e-05    -2.5701e-13    1.48271e-13    0.000332433
-0.000269991    -0.000160254    4.67942e-05    -2.57009e-13    1.48273e-13    0.000325191
-0.000264204    -0.000156814    4.57908e-05    -2.57008e-13    1.48275e-13    0.000318218
-0.000259673    -0.000154121    4.50051e-05    -2.57007e-13    1.48276e-13    0.000312758
-0.000254388    -0.00015098    4.40889e-05    -2.57006e-13    1.48278e-13    0.000306391
-0.000249281    -0.000147945    4.32034e-05    -2.57005e-13    1.48279e-13    0.000300237
-0.000245486    -0.000145689    4.25455e-05    -2.57005e-13    1.4828e-13    0.000295665
-0.000242335    -0.000143817    4.19992e-05    -2.57004e-13    1.48281e-13    0.000291869
-0.000239011    -0.000141842    4.14228e-05    -2.57004e-13    1.48282e-13    0.000287864
-0.000234785    -0.000139331    4.06903e-05    -2.57003e-13    1.48284e-13    0.000282773
-0.0002308    -0.000136963    3.99994e-05    -2.57002e-13    1.48285e-13    0.000277972
-0.000228096    -0.000135356    3.95306e-05    -2.57002e-13    1.48286e-13    0.000274714
-0.000225792    -0.000133988    3.91312e-05    -2.57001e-13    1.48287e-13    0.000271938
-0.000223786    -0.000132796    3.87835e-05    -2.57001e-13    1.48287e-13    0.000269522
-0.000221677    -0.000131543    3.84178e-05    -2.57e-13    1.48288e-13    0.00026698
-0.000217797    -0.000129237    3.77451e-05    -2.57e-13    1.48289e-13    0.000262305
-0.000214896    -0.000127514    3.72423e-05    -2.56999e-13    1.4829e-13    0.000258811
-0.000212292    -0.000125967    3.67909e-05    -2.56999e-13    1.48291e-13    0.000255674
-0.000209579    -0.000124356    3.63205e-05    -2.56998e-13    1.48292e-13    0.000252406
-0.00020766    -0.000123215    3.59878e-05    -2.56998e-13    1.48292e-13    0.000250093
-0.000204711    -0.000121464    3.54766e-05    -2.56997e-13    1.48293e-13    0.000246541
-0.000200241    -0.000118809    3.47017e-05    -2.56997e-13    1.48294e-13    0.000241156
-0.000196927    -0.000116841    3.41274e-05    -2.56996e-13    1.48295e-13    0.000237164
-0.000194611    -0.000115465    3.37257e-05    -2.56996e-13    1.48296e-13    0.000234373
-0.000191162    -0.000113416    3.31279e-05    -2.56995e-13    1.48297e-13    0.000230218
-0.000187484    -0.000111232    3.24903e-05    -2.56994e-13    1.48298e-13    0.000225788
-0.000184652    -0.00010955    3.19994e-05    -2.56994e-13    1.48299e-13    0.000222377
-0.000182767    -0.000108431    3.16727e-05    -2.56993e-13    1.483e-13    0.000220106
-0.000178925    -0.00010615    3.10068e-05    -2.56993e-13    1.48301e-13    0.000215478
-0.000175851    -0.000104324    3.04738e-05    -2.56992e-13    1.48302e-13    0.000211775
-0.000173116    -0.0001027    2.99998e-05    -2.56992e-13    1.48303e-13    0.000208481
-0.000171226    -0.000101578    2.96723e-05    -2.56991e-13    1.48303e-13    0.000206204
-0.000168463    -9.99371e-05    2.91933e-05    -2.56991e-13    1.48304e-13    0.000202876
-0.000166071    -9.85169e-05    2.87787e-05    -2.56991e-13    1.48305e-13    0.000199995
-0.000162701    -9.65157e-05    2.81945e-05    -2.5699e-13    1.48306e-13    0.000195935
-0.000160469    -9.51908e-05    2.78077e-05    -2.5699e-13    1.48307e-13    0.000193247
-0.000158628    -9.40977e-05    2.74886e-05    -2.56989e-13    1.48307e-13    0.000191029
-0.000156611    -9.29e-05    2.71389e-05    -2.56989e-13    1.48308e-13    0.000188599
-0.000153676    -9.11575e-05    2.66302e-05    -2.56988e-13    1.48309e-13    0.000185064
-0.000151001    -8.95697e-05    2.61666e-05    -2.56988e-13    1.4831e-13    0.000181842
-0.000147584    -8.75413e-05    2.55744e-05    -2.56987e-13    1.48311e-13    0.000177726
-0.000145687    -8.6415e-05    2.52455e-05    -2.56987e-13    1.48311e-13    0.000175441
-0.000142589    -8.45764e-05    2.47087e-05    -2.56986e-13    1.48312e-13    0.00017171
-0.000141183    -8.37413e-05    2.44648e-05    -2.56986e-13    1.48313e-13    0.000170016
-0.000139209    -8.25701e-05    2.41229e-05    -2.56986e-13    1.48313e-13    0.000167639
-0.000138108    -8.19164e-05    2.3932e-05    -2.56986e-13    1.48314e-13    0.000166313
-0.000135411    -8.03155e-05    2.34645e-05    -2.56985e-13    1.48314e-13    0.000163064
-0.000132779    -7.8753e-05    2.30083e-05    -2.56985e-13    1.48315e-13    0.000159894
-0.000131157    -7.77907e-05    2.27273e-05    -2.56984e-13    1.48316e-13    0.000157941
-0.000129908    -7.70492e-05    2.25108e-05    -2.56984e-13    1.48316e-13    0.000156436
-0.000127208    -7.54465e-05    2.20427e-05    -2.56984e-13    1.48317e-13    0.000153184
-0.000124839    -7.40407e-05    2.16322e-05    -2.56983e-13    1.48318e-13    0.000150331
-0.00012377    -7.34062e-05    2.14469e-05    -2.56983e-13    1.48318e-13    0.000149043
-0.000121969    -7.23377e-05    2.11349e-05    -2.56983e-13    1.48319e-13    0.000146875
-0.000119214    -7.07023e-05    2.06573e-05    -2.56982e-13    1.4832e-13    0.000143556
-0.00011701    -6.93946e-05    2.02754e-05    -2.56982e-13    1.4832e-13    0.000140902
-0.000115726    -6.86324e-05    2.00528e-05    -2.56982e-13    1.48321e-13    0.000139355
-0.000114002    -6.76095e-05    1.97541e-05    -2.56981e-13    1.48321e-13    0.000137279
-0.000111635    -6.62051e-05    1.93439e-05    -2.56981e-13    1.48322e-13    0.000134428
-0.000110607    -6.55949e-05    1.91657e-05    -2.56981e-13    1.48322e-13    0.00013319
-0.000109575    -6.49825e-05    1.89868e-05    -2.5698e-13    1.48322e-13    0.000131947
-0.000108085    -6.40982e-05    1.87286e-05    -2.5698e-13    1.48323e-13    0.000130152
-0.000106751    -6.3307e-05    1.84975e-05    -2.5698e-13    1.48323e-13    0.000128546
-0.000104864    -6.21869e-05    1.81704e-05    -2.5698e-13    1.48324e-13    0.000126273
-0.000102772    -6.09456e-05    1.78078e-05    -2.56979e-13    1.48325e-13    0.000123754
-0.000101769    -6.03505e-05    1.7634e-05    -2.56979e-13    1.48325e-13    0.000122545
-0.000100895    -5.98319e-05    1.74825e-05    -2.56979e-13    1.48325e-13    0.000121493
-0.000100024    -5.93153e-05    1.73316e-05    -2.56979e-13    1.48325e-13    0.000120444
-9.85574e-05    -5.84451e-05    1.70775e-05    -2.56978e-13    1.48326e-13    0.000118678
-9.66346e-05    -5.73043e-05    1.67443e-05    -2.56978e-13    1.48327e-13    0.000116362
-9.48768e-05    -5.62614e-05    1.64396e-05    -2.56978e-13    1.48327e-13    0.000114245
-9.35042e-05    -5.54471e-05    1.62018e-05    -2.56978e-13    1.48327e-13    0.000112592
-9.26057e-05    -5.4914e-05    1.60461e-05    -2.56977e-13    1.48328e-13    0.00011151
-9.10613e-05    -5.39978e-05    1.57784e-05    -2.56977e-13    1.48328e-13    0.00010965
-8.95621e-05    -5.31083e-05    1.55186e-05    -2.56977e-13    1.48329e-13    0.000107845
-8.81514e-05    -5.22714e-05    1.52742e-05    -2.56977e-13    1.48329e-13    0.000106146
-8.66766e-05    -5.13965e-05    1.50186e-05    -2.56976e-13    1.4833e-13    0.00010437
-8.55318e-05    -5.07173e-05    1.48202e-05    -2.56976e-13    1.4833e-13    0.000102991
-8.44748e-05    -5.00903e-05    1.4637e-05    -2.56976e-13    1.4833e-13    0.000101718
-8.26868e-05    -4.90296e-05    1.43272e-05    -2.56976e-13    1.48331e-13    9.95652e-05
-8.14483e-05    -4.82949e-05    1.41126e-05    -2.56975e-13    1.48331e-13    9.80737e-05
-8.06038e-05    -4.7794e-05    1.39662e-05    -2.56975e-13    1.48331e-13    9.70568e-05
-7.9235e-05    -4.6982e-05    1.3729e-05    -2.56975e-13    1.48332e-13    9.54083e-05
-7.79901e-05    -4.62435e-05    1.35133e-05    -2.56975e-13    1.48332e-13    9.39091e-05
-7.66581e-05    -4.54534e-05    1.32825e-05    -2.56975e-13    1.48333e-13    9.23051e-05
-7.53731e-05    -4.46911e-05    1.30598e-05    -2.56974e-13    1.48333e-13    9.07576e-05
-7.45214e-05    -4.41859e-05    1.29122e-05    -2.56974e-13    1.48333e-13    8.9732e-05
-7.30136e-05    -4.32916e-05    1.26509e-05    -2.56974e-13    1.48334e-13    8.79162e-05
-7.23668e-05    -4.29079e-05    1.25388e-05    -2.56974e-13    1.48334e-13    8.71373e-05
-7.16956e-05    -4.25098e-05    1.24225e-05    -2.56974e-13    1.48334e-13    8.63291e-05
-7.01438e-05    -4.15894e-05    1.21536e-05    -2.56973e-13    1.48335e-13    8.44603e-05
-6.94127e-05    -4.11557e-05    1.20269e-05    -2.56973e-13    1.48335e-13    8.35799e-05
-6.83651e-05    -4.05344e-05    1.18454e-05    -2.56973e-13    1.48335e-13    8.23184e-05
-6.7596e-05    -4.00782e-05    1.17121e-05    -2.56973e-13    1.48335e-13    8.13922e-05
-6.62296e-05    -3.92677e-05    1.14754e-05    -2.56973e-13    1.48336e-13    7.97467e-05
-6.54242e-05    -3.87901e-05    1.13358e-05    -2.56973e-13    1.48336e-13    7.87769e-05
-6.45591e-05    -3.8277e-05    1.11859e-05    -2.56972e-13    1.48336e-13    7.77352e-05
-6.32043e-05    -3.74735e-05    1.09511e-05    -2.56972e-13    1.48337e-13    7.61038e-05
-6.2385e-05    -3.69875e-05    1.08092e-05    -2.56972e-13    1.48337e-13    7.51171e-05
-6.11359e-05    -3.62467e-05    1.05927e-05    -2.56972e-13    1.48338e-13    7.36129e-05
-6.00517e-05    -3.56037e-05    1.04048e-05    -2.56972e-13    1.48338e-13    7.23074e-05
-5.95509e-05    -3.53066e-05    1.03181e-05    -2.56971e-13    1.48338e-13    7.17042e-05
-5.88531e-05    -3.48928e-05    1.01971e-05    -2.56971e-13    1.48338e-13    7.0864e-05
-5.77072e-05    -3.42132e-05    9.99859e-06    -2.56971e-13    1.48339e-13    6.94841e-05
-5.67139e-05    -3.36241e-05    9.82647e-06    -2.56971e-13    1.48339e-13    6.8288e-05
-5.5561e-05    -3.29404e-05    9.6267e-06    -2.56971e-13    1.48339e-13    6.68997e-05
-5.48698e-05    -3.25305e-05    9.50693e-06    -2.56971e-13    1.48339e-13    6.60674e-05
-5.4259e-05    -3.21683e-05    9.40109e-06    -2.56971e-13    1.4834e-13    6.53318e-05
-5.36757e-05    -3.18224e-05    9.30003e-06    -2.5697e-13    1.4834e-13    6.46295e-05
-5.27647e-05    -3.12821e-05    9.14218e-06    -2.5697e-13    1.4834e-13    6.35326e-05
-5.22654e-05    -3.0986e-05    9.05564e-06    -2.5697e-13    1.4834e-13    6.29312e-05
-5.13289e-05    -3.04306e-05    8.89338e-06    -2.5697e-13    1.48341e-13    6.18036e-05
-5.03265e-05    -2.98362e-05    8.71969e-06    -2.5697e-13    1.48341e-13    6.05965e-05
-4.93914e-05    -2.92817e-05    8.55766e-06    -2.5697e-13    1.48341e-13    5.94706e-05
-4.88558e-05    -2.8964e-05    8.46485e-06    -2.5697e-13    1.48341e-13    5.88255e-05
-4.81788e-05    -2.85626e-05    8.34755e-06    -2.56969e-13    1.48342e-13    5.80104e-05
-4.75733e-05    -2.82035e-05    8.24262e-06    -2.56969e-13    1.48342e-13    5.72812e-05
-4.68927e-05    -2.78e-05    8.1247e-06    -2.56969e-13    1.48342e-13    5.64617e-05
-4.6364e-05    -2.74864e-05    8.03309e-06    -2.56969e-13    1.48342e-13    5.58251e-05
-4.57329e-05    -2.71122e-05    7.92374e-06    -2.56969e-13    1.48342e-13    5.50652e-05
-4.50085e-05    -2.66827e-05    7.79822e-06    -2.56969e-13    1.48342e-13    5.41929e-05
-4.45499e-05    -2.64107e-05    7.71876e-06    -2.56969e-13    1.48343e-13    5.36407e-05
-4.38312e-05    -2.59845e-05    7.59422e-06    -2.56969e-13    1.48343e-13    5.27752e-05
-4.34783e-05    -2.57753e-05    7.53307e-06    -2.56969e-13    1.48343e-13    5.23503e-05
-4.28909e-05    -2.5427e-05    7.4313e-06    -2.56969e-13    1.48343e-13    5.16431e-05
-4.23099e-05    -2.50824e-05    7.33062e-06    -2.56968e-13    1.48343e-13    5.09434e-05
-4.17857e-05    -2.47717e-05    7.23981e-06    -2.56968e-13    1.48343e-13    5.03123e-05
-4.09978e-05    -2.43044e-05    7.10328e-06    -2.56968e-13    1.48344e-13    4.93635e-05
-4.05173e-05    -2.40195e-05    7.02002e-06    -2.56968e-13    1.48344e-13    4.87849e-05
-3.98051e-05    -2.35972e-05    6.89661e-06    -2.56968e-13    1.48344e-13    4.79273e-05
-3.91644e-05    -2.32173e-05    6.7856e-06    -2.56968e-13    1.48344e-13    4.71558e-05
0    0    0    0    0    0
0    0    0    0    0    0
0    0    0    0    0    0
0    0    0    0    0    0
0    0    0    0    0    0
0    0    0    0    0    0
0    0    0    0    0    0
0    0    0    0    0    0
0    0    0    0    0    0
0    0    0    0    0    0
0    0    0    0    0    0
0    0    0    0    0    0
0    0    0    0    0    0
0    0    0    0    0    0
0    0    0    0    0    0
0    0    0    0    0    0
0    0    0    0    0    0
0    0    0    0    0    0
0    0    0    0    0    0
0    0    0    0    0    0
0    0    0    0    0    0
0    0    0    0    0    0
0    0    0    0    0    0
0    0    0    0    0    0
0    0    0    0    0    0
0    0    0    0    0    0
0    0    0    0    0    0
0    0    0    0    0    0
0    0    0    0    0    0
0    0    0    0    0    0
0    0    0    0    0    0
0    0    0    0    0    0
0    0    0    0    0    0
0    0    0    0    0    0
0    0    0    0    0    0
0    0    0    0    0    0
0    0    0    0    0    0
0    0    0    0    0    0
0    0    0    0    0    0
0    0    0    0    0    0
0    0    0    0    0    0
0    0    0    0    0    0
0    0    0    0    0    0
0    0    0    0    0    0
0    0    0    0    0    0
0    0    0    0    0    0
0    0    0    0    0    0
0    0    0    0    0    0
0    0    0    0    0    0
0    0    0    0    0    0
0    0    0    0    0    0
0    0    0    0    0    0
0    0    0    0    0    0
0    0    0    0    0    0
0    0    0    0    0    0
0    0    0    0    0    0
0    0    0    0    0    0
0    0    0    0    0    0
0    0    0    0    0    0
0    0    0    0    0    0
0    0    0    0    0    0
0    0    0    0    0    0
0    0    0    0    0    0
0    0    0    0    0    0
0    0    0    0    0    0
0    0    0    0    0    0
0    0    0    0    0    0
0    0    0    0    0    0
0    0    0    0    0    0
0    0    0    0    0    0
0    0    0    0    0    0
0    0    0    0    0    0
0    0    0    0    0    0
0    0    0    0    0    0
0    0    0    0    0    0
0    0    0    0    0    0
0    0    0    0    0    0
0    0    0    0    0    0
0    0    0    0    0    0
0    0    0    0    0    0
0    0    0    0    0    0
0    0    0    0    0    0
0    0    0    0    0    0
0    0    0    0    0    0
