0    0    0    0    0    0
0    0    0    0    0    0
0    0    0    0    0    0
0    0    0    0    0    0
0    0    0    0    0    0
0    0    0    0    0    0
0    0    0    0    0    0
0    0    0    0    0    0
0    0    0    0    0    0
0    0    0    0    0    0
0    0    0    0    0    0
0    0    0    0    0    0
0    0    0    0    0    0
0    0    0    0    0    0
0    0    0    0    0    0
0    0    0    0    0    0
0    0    0    0    0    0
0    0    0    0    0    0
0    0    0    0    0    0
0    0    0    0    0    0
0    0    0    0    0    0
-0.0202572    -0.0133931    0.00362244    -2.6064e-13    1.41826e-13    0.0251738
-0.0193688    -0.0127464    0.00345843    -2.60477e-13    1.42149e-13    0.024034
-0.0185178    -0.0121324    0.0033018    -2.6032e-13    1.42439e-13    0.0229455
-0.0177027    -0.0115493    0.00315222    -2.60169e-13    1.42679e-13    0.021906
-0.0169224    -0.0109955    0.00300941    -2.60026e-13    1.42941e-13    0.0209136
-0.0161758    -0.0104696    0.00287311    -2.59889e-13    1.43203e-13    0.0199664
-0.0154614    -0.00997017    0.00274303    -2.59758e-13    1.4344e-13    0.0190624
-0.0147319    -0.00946406    0.00261053    -2.59624e-13    1.43682e-13    0.0181416
-0.014079    -0.00901407    0.0024922    -2.59504e-13    1.43877e-13    0.0173193
-0.0134547    -0.00858657    0.00237931    -2.5939e-13    1.4408e-13    0.0165348
-0.0128574    -0.00818005    0.00227151    -2.59281e-13    1.44286e-13    0.0157856
-0.012286    -0.00779345    0.00216858    -2.59177e-13    1.44466e-13    0.0150703
-0.0117397    -0.00742586    0.00207034    -2.59077e-13    1.44642e-13    0.0143876
-0.0112171    -0.00707618    0.00197654    -2.58982e-13    1.44809e-13    0.0137358
-0.0107174    -0.00674356    0.00188701    -2.58892e-13    1.44971e-13    0.0131136
-0.0102394    -0.0064269    0.00180148    -2.58805e-13    1.45133e-13    0.0125192
-0.0097824    -0.00612561    0.00171985    -2.58722e-13    1.45278e-13    0.0119519
-0.00934571    -0.005839    0.00164195    -2.58643e-13    1.45417e-13    0.0114106
-0.00892824    -0.00556618    0.00156758    -2.58567e-13    1.4555e-13    0.0108937
-0.0085291    -0.00530642    0.00149657    -2.58495e-13    1.4568e-13    0.0104002
-0.00814765    -0.00505916    0.00142879    -2.58425e-13    1.45799e-13    0.00992922
-0.00776875    -0.00481452    0.00136154    -2.58357e-13    1.45915e-13    0.0094619
-0.0074208    -0.00459066    0.00129986    -2.58294e-13    1.46031e-13    0.00903324
-0.00708808    -0.00437734    0.00124094    -2.58234e-13    1.46133e-13    0.0086238
-0.00677027    -0.00417424    0.00118472    -2.58176e-13    1.46237e-13    0.00823309
-0.00646659    -0.00398079    0.00113105    -2.58122e-13    1.46333e-13    0.00786012
-0.006176    -0.00379623    0.00107974    -2.58069e-13    1.46425e-13    0.00750355
-0.00589872    -0.00362063    0.00103083    -2.58019e-13    1.4651e-13    0.00716361
-0.00563367    -0.00345324    0.000984107    -2.57971e-13    1.46597e-13    0.00683895
-0.00538051    -0.00329378    0.000939521    -2.57926e-13    1.46678e-13    0.0065291
-0.00513867    -0.00314183    0.00089696    -2.57882e-13    1.46753e-13    0.00623332
-0.00490762    -0.00299701    0.000856327    -2.57841e-13    1.46824e-13    0.00595095
-0.00468676    -0.00285889    0.000817514    -2.57801e-13    1.46894e-13    0.00568122
-0.00447594    -0.00272734    0.00078049    -2.57763e-13    1.46961e-13    0.00542393
-0.00427454    -0.00260193    0.000745143    -2.57727e-13    1.47025e-13    0.00517829
-0.00408209    -0.00248234    0.000711386    -2.57692e-13    1.47085e-13    0.0049437
-0.00389832    -0.00236835    0.00067917    -2.57659e-13    1.47142e-13    0.00471982
-0.00372275    -0.00225965    0.00064841    -2.57628e-13    1.47198e-13    0.00450606
-0.00355505    -0.00215601    0.000619043    -2.57597e-13    1.47249e-13    0.00430197
-0.00339486    -0.00205717    0.000591005    -2.57569e-13    1.47301e-13    0.00410713
-0.00324184    -0.0019629    0.000564236    -2.57541e-13    1.47347e-13    0.00392109
-0.00309572    -0.00187303    0.000538685    -2.57515e-13    1.47393e-13    0.00374353
-0.00294744    -0.00178197    0.000512769    -2.57488e-13    1.4744e-13    0.00356343
-0.0028145    -0.00170043    0.000489542    -2.57465e-13    1.47481e-13    0.00340202
-0.00268748    -0.00162263    0.000467359    -2.57442e-13    1.47522e-13    0.00324786
-0.00256616    -0.00154843    0.00044618    -2.5742e-13    1.47559e-13    0.00310068
-0.00245034    -0.00147766    0.000425968    -2.57399e-13    1.47595e-13    0.00296022
-0.00233963    -0.0014101    0.000406654    -2.57379e-13    1.4763e-13    0.002826
-0.00223404    -0.00134573    0.00038824    -2.5736e-13    1.47663e-13    0.00269803
-0.00213316    -0.0012843    0.000370653    -2.57342e-13    1.47695e-13    0.00257581
-0.00203679    -0.00122568    0.000353857    -2.57325e-13    1.47724e-13    0.00245909
-0.00194477    -0.00116975    0.000337823    -2.57309e-13    1.47753e-13    0.00234766
-0.00185694    -0.00111642    0.000322523    -2.57293e-13    1.4778e-13    0.00224134
-0.00177304    -0.00106552    0.000307912    -2.57278e-13    1.47806e-13    0.0021398
-0.00169291    -0.00101695    0.000293962    -2.57264e-13    1.47831e-13    0.00204285
-0.00161643    -0.000970629    0.000280649    -2.5725e-13    1.47855e-13    0.00195034
-0.00154336    -0.000926405    0.000267933    -2.57237e-13    1.47877e-13    0.00186197
-0.00147363    -0.00088423    0.0002558    -2.57224e-13    1.47899e-13    0.00177765
-0.001407    -0.000843965    0.00024421    -2.57212e-13    1.4792e-13    0.00169711
-0.00134334    -0.000805519    0.000233139    -2.57201e-13    1.4794e-13    0.00162017
-0.00128258    -0.000768847    0.000222574    -2.5719e-13    1.47959e-13    0.00154675
-0.00122459    -0.000733866    0.000212492    -2.5718e-13    1.47977e-13    0.00147669
-0.00116923    -0.000700489    0.000202868    -2.5717e-13    1.47994e-13    0.00140981
-0.00111635    -0.000668627    0.000193678    -2.5716e-13    1.48011e-13    0.00134594
-0.00106586    -0.000638221    0.000184904    -2.57151e-13    1.48026e-13    0.00128497
-0.00101765    -0.000609205    0.000176528    -2.57143e-13    1.48041e-13    0.00122676
-0.000971619    -0.000581513    0.000168532    -2.57134e-13    1.48055e-13    0.0011712
-0.000927676    -0.000555088    0.000160899    -2.57127e-13    1.48069e-13    0.00111815
-0.000885705    -0.000529861    0.00015361    -2.57119e-13    1.48082e-13    0.0010675
-0.000845602    -0.000505766    0.000146646    -2.57112e-13    1.48094e-13    0.0010191
-0.000807353    -0.000482794    0.000140005    -2.57105e-13    1.48106e-13    0.000972949
-0.000770817    -0.00046086    0.000133662    -2.57099e-13    1.48118e-13    0.000928869
-0.000735928    -0.000439922    0.000127605    -2.57092e-13    1.48129e-13    0.00088678
-0.000698574    -0.000417514    0.000121122    -2.57086e-13    1.4814e-13    0.000841722
-0.000666935    -0.000398539    0.00011563    -2.5708e-13    1.4815e-13    0.000803561
-0.000636741    -0.000380438    0.000110391    -2.57075e-13    1.48159e-13    0.000767147
-0.000607931    -0.000363171    0.000105391    -2.57069e-13    1.48168e-13    0.000732406
-0.000580413    -0.000346683    0.000100617    -2.57065e-13    1.48177e-13    0.000699225
-0.000554151    -0.000330953    9.60604e-05    -2.5706e-13    1.48185e-13    0.000667561
-0.000529072    -0.000315934    9.17095e-05    -2.57055e-13    1.48193e-13    0.000637325
-0.00050512    -0.000301594    8.75544e-05    -2.57051e-13    1.482e-13    0.00060845
-0.000482262    -0.000287913    8.35896e-05    -2.57047e-13    1.48207e-13    0.000580897
-0.000460436    -0.000274852    7.9804e-05    -2.57043e-13    1.48214e-13    0.000554589
-0.000439601    -0.000262387    7.61905e-05    -2.57039e-13    1.4822e-13    0.000529477
-0.000419705    -0.000250486    7.27399e-05    -2.57036e-13    1.48227e-13    0.000505498
-0.000400705    -0.000239123    6.9445e-05    -2.57032e-13    1.48232e-13    0.0004826
-0.000382564    -0.000228277    6.62993e-05    -2.57029e-13    1.48238e-13    0.00046074
-0.000365243    -0.000217922    6.32959e-05    -2.57026e-13    1.48243e-13    0.000439868
-0.000348704    -0.000208036    6.04281e-05    -2.57023e-13    1.48248e-13    0.000419939
-0.000332915    -0.0001986    5.76907e-05    -2.5702e-13    1.48253e-13    0.000400915
-0.000317836    -0.000189591    5.50765e-05    -2.57018e-13    1.48258e-13    0.000382748
-0.000303445    -0.000180993    5.25816e-05    -2.57015e-13    1.48263e-13    0.00036541
-0.000289712    -0.000172789    5.02008e-05    -2.57013e-13    1.48267e-13    0.000348865
-0.000276594    -0.000164954    4.79268e-05    -2.5701e-13    1.48271e-13    0.000333062
-0.000264073    -0.000157477    4.57564e-05    -2.57008e-13    1.48275e-13    0.000317979
-0.000252115    -0.000150337    4.36837e-05    -2.57006e-13    1.48278e-13    0.000303575
-0.000240701    -0.000143522    4.17052e-05    -2.57004e-13    1.48282e-13    0.000289826
-0.0002298    -0.000137015    3.98157e-05    -2.57002e-13    1.48285e-13    0.000276695
-0.000219393    -0.000130803    3.80121e-05    -2.57e-13    1.48289e-13    0.000264161
-0.000209456    -0.000124872    3.62898e-05    -2.56998e-13    1.48292e-13    0.000252192
-0.000199974    -0.000119213    3.46465e-05    -2.56997e-13    1.48295e-13    0.000240772
-0.000190912    -0.000113806    3.30761e-05    -2.56995e-13    1.48297e-13    0.000229859
-0.000182267    -0.000108648    3.15779e-05    -2.56993e-13    1.483e-13    0.000219447
-0.000174012    -0.000103723    3.01473e-05    -2.56992e-13    1.48303e-13    0.000209506
-0.000166132    -9.90217e-05    2.87818e-05    -2.56991e-13    1.48305e-13    0.000200016
-0.000158608    -9.45334e-05    2.7478e-05    -2.56989e-13    1.48307e-13    0.000190955
-0.000151429    -9.0251e-05    2.62339e-05    -2.56988e-13    1.4831e-13    0.00018231
-0.000144569    -8.61595e-05    2.50452e-05    -2.56987e-13    1.48312e-13    0.000174049
-0.000138022    -8.22549e-05    2.39108e-05    -2.56985e-13    1.48314e-13    0.000166166
-0.00013177    -7.85268e-05    2.28276e-05    -2.56984e-13    1.48316e-13    0.000158638
-0.0001258    -7.49665e-05    2.17931e-05    -2.56983e-13    1.48317e-13    0.000151449
-0.000120098    -7.15666e-05    2.08051e-05    -2.56982e-13    1.48319e-13    0.000144583
-0.000114659    -6.83236e-05    1.98628e-05    -2.56981e-13    1.48321e-13    0.000138034
-0.000109468    -6.52285e-05    1.89633e-05    -2.5698e-13    1.48323e-13    0.000131784
-0.000104509    -6.22723e-05    1.81042e-05    -2.5698e-13    1.48324e-13    0.000125813
-9.97768e-05    -5.9451e-05    1.72843e-05    -2.56979e-13    1.48326e-13    0.000120115
-9.52567e-05    -5.67564e-05    1.65012e-05    -2.56978e-13    1.48327e-13    0.000114673
-9.09416e-05    -5.41842e-05    1.57536e-05    -2.56977e-13    1.48328e-13    0.000109478
-8.68227e-05    -5.1729e-05    1.504e-05    -2.56976e-13    1.4833e-13    0.000104519
-8.28913e-05    -4.93857e-05    1.43589e-05    -2.56976e-13    1.48331e-13    9.97853e-05
-7.88153e-05    -4.69563e-05    1.36527e-05    -2.56975e-13    1.48332e-13    9.4878e-05
-7.52463e-05    -4.48291e-05    1.30344e-05    -2.56974e-13    1.48333e-13    9.05812e-05
-7.18376e-05    -4.27976e-05    1.24439e-05    -2.56974e-13    1.48334e-13    8.64774e-05
-6.85829e-05    -4.08579e-05    1.188e-05    -2.56973e-13    1.48335e-13    8.25589e-05
-6.54768e-05    -3.90069e-05    1.13419e-05    -2.56973e-13    1.48336e-13    7.88195e-05
-6.25094e-05    -3.72385e-05    1.08279e-05    -2.56972e-13    1.48337e-13    7.52471e-05
-5.96778e-05    -3.55511e-05    1.03373e-05    -2.56972e-13    1.48338e-13    7.18381e-05
-5.69741e-05    -3.394e-05    9.86896e-06    -2.56971e-13    1.48339e-13    6.85833e-05
-5.43935e-05    -3.24023e-05    9.42193e-06    -2.56971e-13    1.4834e-13    6.54767e-05
-5.19302e-05    -3.09345e-05    8.99519e-06    -2.5697e-13    1.4834e-13    6.25111e-05
-4.95777e-05    -2.95328e-05    8.58767e-06    -2.5697e-13    1.48341e-13    5.96791e-05
-4.73303e-05    -2.81937e-05    8.19836e-06    -2.56969e-13    1.48342e-13    5.69736e-05
-4.51866e-05    -2.69165e-05    7.82702e-06    -2.56969e-13    1.48342e-13    5.4393e-05
-4.31402e-05    -2.56972e-05    7.47252e-06    -2.56969e-13    1.48343e-13    5.19295e-05
-4.11853e-05    -2.45325e-05    7.13388e-06    -2.56968e-13    1.48344e-13    4.95762e-05
-3.93202e-05    -2.34213e-05    6.81081e-06    -2.56968e-13    1.48344e-13    4.7331e-05
-3.75396e-05    -2.23605e-05    6.50237e-06    -2.56968e-13    1.48345e-13    4.51875e-05
-3.58394e-05    -2.13476e-05    6.20785e-06    -2.56967e-13    1.48345e-13    4.31408e-05
-3.42164e-05    -2.03806e-05    5.9267e-06    -2.56967e-13    1.48346e-13    4.1187e-05
-3.26659e-05    -1.9457e-05    5.65814e-06    -2.56967e-13    1.48346e-13    3.93206e-05
-3.11864e-05    -1.85756e-05    5.40186e-06    -2.56966e-13    1.48347e-13    3.75396e-05
-2.97733e-05    -1.77338e-05    5.15708e-06    -2.56966e-13    1.48347e-13    3.58386e-05
-2.84247e-05    -1.69304e-05    4.92347e-06    -2.56966e-13    1.48348e-13    3.42151e-05
-2.71362e-05    -1.61628e-05    4.70029e-06    -2.56966e-13    1.48348e-13    3.26641e-05
-2.59073e-05    -1.54307e-05    4.48741e-06    -2.56965e-13    1.48348e-13    3.11847e-05
-2.47338e-05    -1.47317e-05    4.28414e-06    -2.56965e-13    1.48349e-13    2.97722e-05
-2.36127e-05    -1.40639e-05    4.08995e-06    -2.56965e-13    1.48349e-13    2.84227e-05
-2.25436e-05    -1.3427e-05    3.90476e-06    -2.56965e-13    1.48349e-13    2.71357e-05
-2.15223e-05    -1.28187e-05    3.72786e-06    -2.56965e-13    1.4835e-13    2.59064e-05
-2.05474e-05    -1.2238e-05    3.559e-06    -2.56965e-13    1.4835e-13    2.47329e-05
-1.96171e-05    -1.16839e-05    3.39785e-06    -2.56964e-13    1.4835e-13    2.3613e-05
-1.87283e-05    -1.11544e-05    3.24389e-06    -2.56964e-13    1.48351e-13    2.25431e-05
-1.78798e-05    -1.06491e-05    3.09694e-06    -2.56964e-13    1.48351e-13    2.15218e-05
-1.70698e-05    -1.01666e-05    2.95662e-06    -2.56964e-13    1.48351e-13    2.05467e-05
-1.62967e-05    -9.7061e-06    2.82272e-06    -2.56964e-13    1.48351e-13    1.96162e-05
-1.55584e-05    -9.2663e-06    2.69483e-06    -2.56964e-13    1.48352e-13    1.87274e-05
-1.48538e-05    -8.84665e-06    2.57279e-06    -2.56963e-13    1.48352e-13    1.78793e-05
-1.41811e-05    -8.446e-06    2.45628e-06    -2.56963e-13    1.48352e-13    1.70696e-05
-1.3539e-05    -8.06351e-06    2.34505e-06    -2.56963e-13    1.48352e-13    1.62967e-05
-1.29258e-05    -7.69826e-06    2.23883e-06    -2.56963e-13    1.48352e-13    1.55585e-05
-1.23403e-05    -7.34957e-06    2.13743e-06    -2.56963e-13    1.48353e-13    1.48538e-05
-1.17815e-05    -7.01671e-06    2.04063e-06    -2.56963e-13    1.48353e-13    1.41811e-05
-1.12476e-05    -6.69874e-06    1.94816e-06    -2.56963e-13    1.48353e-13    1.35385e-05
-1.07377e-05    -6.39504e-06    1.85984e-06    -2.56963e-13    1.48353e-13    1.29247e-05
-1.02514e-05    -6.1054e-06    1.77561e-06    -2.56963e-13    1.48353e-13    1.23394e-05
-9.78708e-06    -5.82885e-06    1.69518e-06    -2.56963e-13    1.48353e-13    1.17805e-05
-9.34385e-06    -5.56487e-06    1.61841e-06    -2.56963e-13    1.48354e-13    1.1247e-05
-8.92068e-06    -5.31283e-06    1.54511e-06    -2.56962e-13    1.48354e-13    1.07376e-05
-8.51665e-06    -5.07219e-06    1.47513e-06    -2.56962e-13    1.48354e-13    1.02513e-05
-8.13083e-06    -4.8424e-06    1.40831e-06    -2.56962e-13    1.48354e-13    9.78687e-06
-7.76252e-06    -4.62305e-06    1.34451e-06    -2.56962e-13    1.48354e-13    9.34355e-06
-7.41065e-06    -4.41348e-06    1.28357e-06    -2.56962e-13    1.48354e-13    8.92001e-06
-7.07515e-06    -4.21366e-06    1.22546e-06    -2.56962e-13    1.48354e-13    8.51617e-06
-6.7546e-06    -4.02275e-06    1.16993e-06    -2.56962e-13    1.48354e-13    8.13033e-06
-6.44863e-06    -3.84052e-06    1.11694e-06    -2.56962e-13    1.48354e-13    7.76204e-06
-6.15645e-06    -3.6665e-06    1.06633e-06    -2.56962e-13    1.48355e-13    7.41034e-06
-5.87745e-06    -3.50034e-06    1.01801e-06    -2.56962e-13    1.48355e-13    7.07452e-06
-5.61121e-06    -3.34178e-06    9.71891e-07    -2.56962e-13    1.48355e-13    6.75405e-06
-5.35698e-06    -3.19036e-06    9.27855e-07    -2.56962e-13    1.48355e-13    6.44803e-06
-5.11439e-06    -3.04588e-06    8.85837e-07    -2.56962e-13    1.48355e-13    6.15603e-06
-4.88263e-06    -2.90786e-06    8.45696e-07    -2.56962e-13    1.48355e-13    5.87708e-06
-4.66156e-06    -2.77619e-06    8.07405e-07    -2.56962e-13    1.48355e-13    5.61098e-06
-4.4505e-06    -2.65049e-06    7.70848e-07    -2.56962e-13    1.48355e-13    5.35692e-06
-4.249e-06    -2.53049e-06    7.35948e-07    -2.56962e-13    1.48355e-13    5.11439e-06
-4.05654e-06    -2.41587e-06    7.02613e-07    -2.56962e-13    1.48355e-13    4.88273e-06
-3.87288e-06    -2.30649e-06    6.70801e-07    -2.56962e-13    1.48355e-13    4.66166e-06
-3.69752e-06    -2.20205e-06    6.40428e-07    -2.56962e-13    1.48355e-13    4.45058e-06
-3.53011e-06    -2.10235e-06    6.11431e-07    -2.56961e-13    1.48355e-13    4.24908e-06
-3.37021e-06    -2.00712e-06    5.83736e-07    -2.56961e-13    1.48355e-13    4.05661e-06
-3.21753e-06    -1.91619e-06    5.57291e-07    -2.56961e-13    1.48355e-13    3.87284e-06
-3.0586e-06    -1.82154e-06    5.29763e-07    -2.56961e-13    1.48355e-13    3.68153e-06
-2.92004e-06    -1.73901e-06    5.05763e-07    -2.56961e-13    1.48356e-13    3.51475e-06
-2.78775e-06    -1.66023e-06    4.82851e-07    -2.56961e-13    1.48356e-13    3.35552e-06
-2.66143e-06    -1.585e-06    4.60971e-07    -2.56961e-13    1.48356e-13    3.20347e-06
-2.54094e-06    -1.51324e-06    4.40101e-07    -2.56961e-13    1.48356e-13    3.05844e-06
-2.42585e-06    -1.4447e-06    4.20168e-07    -2.56961e-13    1.48356e-13    2.91991e-06
-2.31595e-06    -1.37925e-06    4.01132e-07    -2.56961e-13    1.48356e-13    2.78763e-06
-2.21103e-06    -1.31676e-06    3.82959e-07    -2.56961e-13    1.48356e-13    2.66134e-06
-2.1109e-06    -1.25713e-06    3.65616e-07    -2.56961e-13    1.48356e-13    2.54081e-06
-2.01525e-06    -1.20017e-06    3.49049e-07    -2.56961e-13    1.48356e-13    2.42568e-06
-1.92394e-06    -1.14579e-06    3.33235e-07    -2.56961e-13    1.48356e-13    2.31578e-06
-1.83678e-06    -1.09388e-06    3.18138e-07    -2.56961e-13    1.48356e-13    2.21087e-06
-1.75356e-06    -1.04432e-06    3.03724e-07    -2.56961e-13    1.48356e-13    2.1107e-06
-1.67414e-06    -9.97017e-07    2.89967e-07    -2.56961e-13    1.48356e-13    2.0151e-06
-1.59831e-06    -9.51856e-07    2.76833e-07    -2.56961e-13    1.48356e-13    1.92382e-06
-1.52585e-06    -9.08708e-07    2.64284e-07    -2.56961e-13    1.48356e-13    1.83661e-06
-1.4567e-06    -8.67524e-07    2.52306e-07    -2.56961e-13    1.48356e-13    1.75338e-06
-1.39071e-06    -8.28226e-07    2.40877e-07    -2.56961e-13    1.48356e-13    1.67395e-06
-1.32769e-06    -7.90695e-07    2.29962e-07    -2.56961e-13    1.48356e-13    1.5981e-06
-1.26754e-06    -7.54874e-07    2.19544e-07    -2.56961e-13    1.48356e-13    1.5257e-06
