0    0    0    0    0    0
0    0    0    0    0    0
0    0    0    0    0    0
0    0    0    0    0    0
0    0    0    0    0    0
0    0    0    0    0    0
0    0    0    0    0    0
0    0    0    0    0    0
0    0    0    0    0    0
0    0    0    0    0    0
0    0    0    0    0    0
0    0    0    0    0    0
0    0    0    0    0    0
0    0    0    0    0    0
0    0    0    0    0    0
0    0    0    0    0    0
0    0    0    0    0    0
0    0    0    0    0    0
0    0    0    0    0    0
0    0    0    0    0    0
0    0    0    0    0    0
0    0    0    0    0    0
0    0    0    0    0    0
0    0    0    0    0    0
0    0    0    0    0    0
0    0    0    0    0    0
0    0    0    0    0    0
0    0    0    0    0    0
0    0    0    0    0    0
0    0    0    0    0    0
0    0    0    0    0    0
0    0    0    0    0    0
0    0    0    0    0    0
0    0    0    0    0    0
0    0    0    0    0    0
0    0    0    0    0    0
0    0    0    0    0    0
0    0    0    0    0    0
0    0    0    0    0    0
0    0    0    0    0    0
0    0    0    0    0    0
0    0    0    0    0    0
0    0    0    0    0    0
0    0    0    0    0    0
0    0    0    0    0    0
0    0    0    0    0    0
0    0    0    0    0    0
0    0    0    0    0    0
-0.0202572    -0.0133931    0.00362244    -2.6064e-13    1.41826e-13    0.0251738
-0.0199158    -0.0131429    0.00355933    -2.60578e-13    1.41972e-13    0.0247352
-0.0196622    -0.0129574    0.0035125    -2.60531e-13    1.42058e-13    0.0244097
-0.0193272    -0.0127135    0.00345072    -2.60469e-13    1.42168e-13    0.0239804
-0.0190376    -0.0125032    0.00339736    -2.60415e-13    1.42239e-13    0.0236096
-0.0187933    -0.0123263    0.0033524    -2.6037e-13    1.42322e-13    0.0232971
-0.0185427    -0.0121453    0.00330631    -2.60324e-13    1.4243e-13    0.0229769
-0.0182528    -0.0119365    0.00325305    -2.6027e-13    1.42499e-13    0.0226067
-0.0179471    -0.0117171    0.00319694    -2.60214e-13    1.4262e-13    0.0222168
-0.0176937    -0.0115357    0.00315048    -2.60168e-13    1.42708e-13    0.0218939
-0.017468    -0.0113745    0.00310913    -2.60126e-13    1.42781e-13    0.0216065
-0.0172477    -0.0112175    0.00306879    -2.60085e-13    1.42832e-13    0.0213262
-0.0169945    -0.0110376    0.00302248    -2.60039e-13    1.42917e-13    0.0210044
-0.0167775    -0.0108838    0.00298283    -2.59999e-13    1.4299e-13    0.0207288
-0.0165484    -0.0107218    0.00294099    -2.59957e-13    1.43066e-13    0.0204381
-0.0162268    -0.0104951    0.00288231    -2.59898e-13    1.43178e-13    0.0200303
-0.015953    -0.0103027    0.0028324    -2.59848e-13    1.43279e-13    0.0196835
-0.015688    -0.010117    0.00278416    -2.59799e-13    1.43363e-13    0.0193482
-0.0154715    -0.00996569    0.00274477    -2.59759e-13    1.43436e-13    0.0190745
-0.0152376    -0.00980254    0.00270224    -2.59716e-13    1.43498e-13    0.0187789
-0.0150191    -0.00965053    0.00266256    -2.59677e-13    1.43583e-13    0.0185032
-0.0147758    -0.00948165    0.00261838    -2.59632e-13    1.43665e-13    0.0181962
-0.0145539    -0.00932802    0.00257814    -2.59591e-13    1.43736e-13    0.0179165
-0.0143245    -0.00916959    0.00253657    -2.59549e-13    1.43811e-13    0.0176276
-0.0141078    -0.00902022    0.00249731    -2.5951e-13    1.43877e-13    0.0173548
-0.0139282    -0.00889671    0.00246481    -2.59477e-13    1.4394e-13    0.0171289
-0.0137239    -0.0087565    0.00242786    -2.5944e-13    1.44008e-13    0.0168722
-0.0134893    -0.00859592    0.00238547    -2.59397e-13    1.44078e-13    0.0165775
-0.0132586    -0.00843837    0.0023438    -2.59354e-13    1.44144e-13    0.016288
-0.0130459    -0.00829341    0.00230541    -2.59316e-13    1.44214e-13    0.0160212
-0.0128638    -0.00816963    0.00227259    -2.59282e-13    1.44277e-13    0.0157931
-0.0126558    -0.00802846    0.00223509    -2.59244e-13    1.44346e-13    0.0155325
-0.0124574    -0.00789413    0.00219936    -2.59208e-13    1.44415e-13    0.0152842
-0.0122794    -0.0077738    0.00216732    -2.59176e-13    1.44475e-13    0.0150615
-0.0120836    -0.00764174    0.00213209    -2.5914e-13    1.44539e-13    0.0148168
-0.0119219    -0.00753289    0.00210303    -2.59111e-13    1.44591e-13    0.0146148
-0.0117465    -0.00741502    0.00207152    -2.59079e-13    1.44647e-13    0.0143958
-0.0115478    -0.0072818    0.00203585    -2.59043e-13    1.44709e-13    0.0141479
-0.0113553    -0.00715294    0.00200129    -2.59008e-13    1.44774e-13    0.0139078
-0.011194    -0.00704522    0.00197237    -2.58978e-13    1.44827e-13    0.0137068
-0.0110401    -0.00694254    0.00194478    -2.5895e-13    1.44878e-13    0.013515
-0.0108526    -0.00681776    0.0019112    -2.58916e-13    1.44927e-13    0.0132816
-0.0106975    -0.00671465    0.00188342    -2.58888e-13    1.44978e-13    0.0130886
-0.0105266    -0.00660126    0.00185282    -2.58857e-13    1.45033e-13    0.012876
-0.0103444    -0.00648066    0.00182024    -2.58824e-13    1.45098e-13    0.0126496
-0.0101839    -0.0063746    0.00179156    -2.58795e-13    1.45142e-13    0.0124502
-0.00999456    -0.0062497    0.00175772    -2.5876e-13    1.45203e-13    0.0122151
-0.00982627    -0.00613889    0.00172767    -2.5873e-13    1.45257e-13    0.0120063
-0.00968092    -0.00604333    0.00170173    -2.58703e-13    1.4531e-13    0.011826
-0.00951486    -0.00593436    0.00167211    -2.58673e-13    1.45364e-13    0.0116202
-0.00937601    -0.00584337    0.00164736    -2.58648e-13    1.45409e-13    0.0114481
-0.00921974    -0.00574115    0.00161951    -2.5862e-13    1.45453e-13    0.0112546
-0.00907204    -0.00564468    0.0015932    -2.58593e-13    1.45504e-13    0.0110718
-0.00890269    -0.00553427    0.00156305    -2.58562e-13    1.45553e-13    0.0108622
-0.00876905    -0.00544726    0.00153927    -2.58538e-13    1.45601e-13    0.010697
-0.00864895    -0.00536917    0.00151791    -2.58516e-13    1.4564e-13    0.0105485
-0.00849874    -0.00527166    0.0014912    -2.58489e-13    1.45683e-13    0.0103629
-0.00835295    -0.00517716    0.00146529    -2.58463e-13    1.45735e-13    0.0101829
-0.00824113    -0.00510477    0.00144542    -2.58442e-13    1.45771e-13    0.0100448
-0.00810079    -0.00501405    0.0014205    -2.58417e-13    1.45816e-13    0.00987164
-0.00797239    -0.00493116    0.00139771    -2.58394e-13    1.45856e-13    0.00971326
-0.00785457    -0.0048552    0.00137681    -2.58372e-13    1.4589e-13    0.00956798
-0.00773096    -0.00477561    0.00135489    -2.5835e-13    1.45933e-13    0.00941563
-0.00762231    -0.00470573    0.00133562    -2.5833e-13    1.45964e-13    0.00928176
-0.00749635    -0.00462483    0.0013133    -2.58308e-13    1.46006e-13    0.00912662
-0.00739013    -0.00455668    0.00129448    -2.58288e-13    1.4604e-13    0.00899584
-0.00728006    -0.00448615    0.00127498    -2.58269e-13    1.46072e-13    0.00886037
-0.00717954    -0.00442181    0.00125719    -2.5825e-13    1.46109e-13    0.00873669
-0.00708211    -0.0043595    0.00123994    -2.58233e-13    1.46135e-13    0.00861685
-0.00698279    -0.00429606    0.00122237    -2.58215e-13    1.46167e-13    0.00849473
-0.00687476    -0.00422713    0.00120326    -2.58195e-13    1.46201e-13    0.00836193
-0.0067735    -0.0041626    0.00118536    -2.58177e-13    1.46233e-13    0.0082375
-0.0066819    -0.00410428    0.00116916    -2.58161e-13    1.46263e-13    0.00812498
-0.00656723    -0.00403136    0.0011489    -2.5814e-13    1.46301e-13    0.00798415
-0.00648065    -0.00397635    0.0011336    -2.58124e-13    1.46328e-13    0.00787786
-0.00639431    -0.00392154    0.00111835    -2.58109e-13    1.46356e-13    0.00777189
-0.00629768    -0.00386027    0.00110129    -2.58091e-13    1.46383e-13    0.00765331
-0.00619391    -0.00379455    0.00108298    -2.58073e-13    1.46419e-13    0.00752603
-0.00608352    -0.00372471    0.0010635    -2.58053e-13    1.46451e-13    0.00739066
-0.00597814    -0.00365811    0.00104491    -2.58034e-13    1.46485e-13    0.00726147
-0.00588215    -0.00359752    0.00102798    -2.58016e-13    1.46515e-13    0.00714384
-0.00579382    -0.00354181    0.00101241    -2.58e-13    1.46543e-13    0.00703564
-0.00569882    -0.00348196    0.000995667    -2.57983e-13    1.46576e-13    0.00691928
-0.00561624    -0.00342998    0.000981118    -2.57968e-13    1.46601e-13    0.00681817
-0.00553676    -0.00337998    0.000967116    -2.57954e-13    1.46626e-13    0.00672087
-0.00546009    -0.0033318    0.000953615    -2.5794e-13    1.46651e-13    0.00662704
-0.00537492    -0.00327833    0.000938619    -2.57925e-13    1.46676e-13    0.00652283
-0.00530021    -0.00323146    0.000925469    -2.57911e-13    1.46701e-13    0.00643145
-0.00522715    -0.00318566    0.000912613    -2.57898e-13    1.46724e-13    0.0063421
-0.00514163    -0.0031321    0.000897566    -2.57883e-13    1.4675e-13    0.00623754
-0.00507316    -0.00308924    0.000885522    -2.57871e-13    1.46772e-13    0.00615384
-0.00498859    -0.00303637    0.00087065    -2.57855e-13    1.46798e-13    0.00605049
-0.00492107    -0.00299418    0.000858778    -2.57843e-13    1.46821e-13    0.00596799
-0.00483173    -0.00293841    0.000843075    -2.57827e-13    1.46849e-13    0.00585886
-0.00476845    -0.00289894    0.000831955    -2.57816e-13    1.4687e-13    0.00578158
-0.00468524    -0.00284708    0.000817335    -2.57801e-13    1.46896e-13    0.00567998
-0.00462449    -0.00280924    0.000806665    -2.5779e-13    1.46914e-13    0.00560583
-0.00455379    -0.00276524    0.000794248    -2.57777e-13    1.46936e-13    0.00551954
-0.00449188    -0.00272674    0.000783377    -2.57766e-13    1.46955e-13    0.005444
-0.00442922    -0.00268779    0.000772378    -2.57755e-13    1.46976e-13    0.00536756
-0.00435541    -0.00264196    0.000759424    -2.57741e-13    1.46999e-13    0.00527753
-0.00428403    -0.00259766    0.000746898    -2.57729e-13    1.47023e-13    0.00519048
-0.00421557    -0.00255521    0.000734886    -2.57716e-13    1.47042e-13    0.00510701
-0.0041417    -0.00250944    0.000721929    -2.57703e-13    1.47066e-13    0.00501697
-0.00407584    -0.00246866    0.000710381    -2.57691e-13    1.47085e-13    0.00493671
-0.00400858    -0.00242705    0.000698588    -2.57679e-13    1.47107e-13    0.00485476
-0.00395575    -0.00239438    0.000689327    -2.5767e-13    1.47125e-13    0.0047904
-0.0039028    -0.00236165    0.000680046    -2.5766e-13    1.47142e-13    0.00472591
-0.0038429    -0.00232466    0.000669549    -2.57649e-13    1.4716e-13    0.00465296
-0.00379252    -0.00229356    0.000660722    -2.5764e-13    1.47176e-13    0.00459162
-0.00374289    -0.00226294    0.000652028    -2.57631e-13    1.4719e-13    0.0045312
-0.0036914    -0.00223119    0.000643009    -2.57622e-13    1.47206e-13    0.00446852
-0.00363581    -0.00219693    0.000633274    -2.57612e-13    1.47224e-13    0.00440087
-0.00357472    -0.00215931    0.000622576    -2.57601e-13    1.47243e-13    0.00432652
-0.00351896    -0.00212499    0.000612815    -2.57591e-13    1.47261e-13    0.00425869
-0.00346091    -0.00208928    0.000602653    -2.57581e-13    1.47279e-13    0.00418808
-0.00341599    -0.00206166    0.000594791    -2.57573e-13    1.47294e-13    0.00413344
-0.00336976    -0.00203325    0.000586701    -2.57564e-13    1.47308e-13    0.00407722
-0.00331009    -0.00199662    0.000576263    -2.57554e-13    1.47325e-13    0.00400468
-0.00326456    -0.00196867    0.000568297    -2.57545e-13    1.47341e-13    0.00394932
-0.00320845    -0.00193425    0.000558483    -2.57535e-13    1.47357e-13    0.00388112
-0.00316556    -0.00190795    0.000550982    -2.57528e-13    1.47372e-13    0.00382899
-0.00310954    -0.00187362    0.000541187    -2.57518e-13    1.47389e-13    0.00376092
-0.00306895    -0.00184876    0.000534091    -2.5751e-13    1.47402e-13    0.0037116
-0.00301657    -0.0018167    0.000524935    -2.57501e-13    1.47417e-13    0.00364798
-0.00297709    -0.00179254    0.000518035    -2.57494e-13    1.4743e-13    0.00360003
-0.00293905    -0.00176927    0.000511387    -2.57487e-13    1.47442e-13    0.00355383
-0.00288809    -0.00173812    0.000502481    -2.57478e-13    1.47458e-13    0.00349194
-0.00284277    -0.00171043    0.000494563    -2.5747e-13    1.47473e-13    0.00343692
-0.00280404    -0.00168678    0.000487799    -2.57463e-13    1.47485e-13    0.0033899
-0.00276587    -0.00166347    0.00048113    -2.57456e-13    1.47497e-13    0.00334356
-0.00272512    -0.0016386    0.000474013    -2.57449e-13    1.47509e-13    0.0032941
-0.00267802    -0.00160987    0.000465788    -2.5744e-13    1.47524e-13    0.00323694
-0.00263295    -0.0015824    0.000457919    -2.57432e-13    1.47538e-13    0.00318226
-0.00259467    -0.00155907    0.000451237    -2.57425e-13    1.4755e-13    0.00313582
-0.00255447    -0.00153459    0.000444219    -2.57418e-13    1.47562e-13    0.00308705
-0.00251449    -0.00151024    0.00043724    -2.57411e-13    1.47575e-13    0.00303855
-0.00247676    -0.00148728    0.000430656    -2.57404e-13    1.47587e-13    0.0029928
-0.00243663    -0.00146287    0.000423652    -2.57397e-13    1.47599e-13    0.00294413
-0.00240432    -0.00144322    0.000418015    -2.57391e-13    1.47609e-13    0.00290495
-0.00236719    -0.00142065    0.000411538    -2.57384e-13    1.47621e-13    0.00285994
-0.00232807    -0.00139687    0.000404712    -2.57377e-13    1.47634e-13    0.00281251
-0.00229485    -0.0013767    0.000398919    -2.57371e-13    1.47643e-13    0.00277225
-0.00225419    -0.00135201    0.000391828    -2.57364e-13    1.47657e-13    0.00272296
-0.00221892    -0.0013306    0.000385677    -2.57358e-13    1.47668e-13    0.00268022
-0.00218092    -0.00130755    0.000379051    -2.57351e-13    1.47679e-13    0.00263417
-0.00214498    -0.00128576    0.000372785    -2.57345e-13    1.4769e-13    0.00259063
-0.00211078    -0.00126502    0.000366822    -2.57338e-13    1.47701e-13    0.00254919
-0.00208343    -0.00124845    0.000362054    -2.57334e-13    1.47709e-13    0.00251606
-0.00204902    -0.0012276    0.000356058    -2.57327e-13    1.47721e-13    0.00247438
-0.00201425    -0.00120654    0.000349997    -2.57321e-13    1.47731e-13    0.00243226
-0.0019792    -0.00118533    0.000343889    -2.57315e-13    1.47743e-13    0.00238982
-0.0019453    -0.00116481    0.000337982    -2.57309e-13    1.47753e-13    0.00234877
-0.00191244    -0.00114493    0.000332257    -2.57303e-13    1.47763e-13    0.00230898
-0.00187868    -0.00112452    0.000326375    -2.57297e-13    1.47773e-13    0.00226811
-0.00184773    -0.00110581    0.000320984    -2.57291e-13    1.47782e-13    0.00223064
-0.00181583    -0.00108653    0.000315427    -2.57286e-13    1.47792e-13    0.00219203
-0.00178374    -0.00106715    0.000309838    -2.5728e-13    1.47802e-13    0.00215319
-0.00175497    -0.00104978    0.000304829    -2.57275e-13    1.47811e-13    0.00211838
-0.00172818    -0.0010336    0.000300164    -2.5727e-13    1.4782e-13    0.00208596
-0.00170474    -0.00101945    0.000296082    -2.57266e-13    1.47827e-13    0.00205759
-0.00167578    -0.00100198    0.000291041    -2.57261e-13    1.47837e-13    0.00202256
-0.0016469    -0.000984558    0.000286012    -2.57255e-13    1.47846e-13    0.00198761
-0.0016206    -0.000968698    0.000281433    -2.57251e-13    1.47853e-13    0.00195579
-0.00159461    -0.00095303    0.000276909    -2.57246e-13    1.47862e-13    0.00192435
-0.00157227    -0.000939568    0.000273022    -2.57242e-13    1.47869e-13    0.00189734
-0.00154729    -0.000924514    0.000268674    -2.57238e-13    1.47876e-13    0.00186712
-0.00152575    -0.000911539    0.000264925    -2.57234e-13    1.47883e-13    0.00184107
-0.00150091    -0.000896578    0.000260602    -2.57229e-13    1.47891e-13    0.00181103
-0.00147938    -0.000883617    0.000256857    -2.57225e-13    1.47897e-13    0.001785
-0.001458    -0.000870747    0.000253137    -2.57222e-13    1.47904e-13    0.00175915
-0.00143771    -0.000858535    0.000249607    -2.57218e-13    1.4791e-13    0.00173462
-0.00141882    -0.000847166    0.00024632    -2.57215e-13    1.47916e-13    0.00171177
-0.00139623    -0.000833578    0.00024239    -2.57211e-13    1.47924e-13    0.00168446
-0.00137686    -0.000821926    0.00023902    -2.57207e-13    1.47929e-13    0.00166105
-0.00135472    -0.000808617    0.00023517    -2.57203e-13    1.47936e-13    0.00163429
-0.00133398    -0.000796149    0.000231563    -2.57199e-13    1.47942e-13    0.00160922
-0.0013105    -0.000782035    0.000227479    -2.57195e-13    1.4795e-13    0.00158084
-0.00129189    -0.000770855    0.000224243    -2.57192e-13    1.47956e-13    0.00155835
-0.00127186    -0.000758822    0.00022076    -2.57188e-13    1.47962e-13    0.00153415
-0.00125106    -0.00074633    0.000217143    -2.57185e-13    1.47969e-13    0.00150901
-0.00123434    -0.000736286    0.000214235    -2.57182e-13    1.47974e-13    0.0014888
-0.00121566    -0.000725071    0.000210987    -2.57178e-13    1.47979e-13    0.00146623
-0.00119653    -0.000713588    0.000207662    -2.57175e-13    1.47986e-13    0.00144312
-0.00117561    -0.000701034    0.000204025    -2.57171e-13    1.47992e-13    0.00141785
-0.00115793    -0.000690427    0.000200952    -2.57168e-13    1.47998e-13    0.00139649
-0.0011412    -0.000680387    0.000198042    -2.57165e-13    1.48003e-13    0.00137627
-0.00112179    -0.000668747    0.000194669    -2.57161e-13    1.48009e-13    0.00135283
-0.00110503    -0.000658693    0.000191755    -2.57158e-13    1.48014e-13    0.00133258
-0.00109089    -0.000650217    0.000189298    -2.57156e-13    1.48018e-13    0.00131551
-0.001075    -0.000640688    0.000186536    -2.57153e-13    1.48023e-13    0.00129631
-0.00105803    -0.000630519    0.000183587    -2.5715e-13    1.48029e-13    0.00127582
-0.0010401    -0.000619776    0.000180472    -2.57147e-13    1.48034e-13    0.00125417
-0.00102556    -0.000611062    0.000177944    -2.57144e-13    1.48038e-13    0.0012366
-0.00100888    -0.000601071    0.000175046    -2.57141e-13    1.48044e-13    0.00121647
-0.000993545    -0.000591886    0.000172382    -2.57138e-13    1.48048e-13    0.00119795
-0.000978445    -0.000582843    0.000169758    -2.57136e-13    1.48053e-13    0.00117972
-0.000964439    -0.000574456    0.000167325    -2.57133e-13    1.48057e-13    0.0011628
-0.000948684    -0.000565024    0.000164587    -2.5713e-13    1.48062e-13    0.00114378
-0.000935677    -0.000557238    0.000162328    -2.57128e-13    1.48067e-13    0.00112808
-0.000920776    -0.000548321    0.000159739    -2.57125e-13    1.48071e-13    0.00111009
-0.000908792    -0.000541149    0.000157657    -2.57123e-13    1.48075e-13    0.00109562
-0.000895303    -0.000533078    0.000155314    -2.57121e-13    1.48079e-13    0.00107934
-0.00088075    -0.000524372    0.000152786    -2.57118e-13    1.48084e-13    0.00106177
-0.000866507    -0.000515853    0.000150313    -2.57116e-13    1.48088e-13    0.00104458
-0.000852627    -0.000507552    0.000147902    -2.57113e-13    1.48092e-13    0.00102783
-0.000840249    -0.00050015    0.000145752    -2.57111e-13    1.48096e-13    0.00101289
-0.000828727    -0.000493261    0.000143751    -2.57109e-13    1.481e-13    0.000998983
-0.00081559    -0.000485408    0.00014147    -2.57107e-13    1.48104e-13    0.000983128
-0.000802609    -0.000477649    0.000139215    -2.57104e-13    1.48108e-13    0.000967462
-0.000789412    -0.000469762    0.000136924    -2.57102e-13    1.48112e-13    0.000951536
-0.000778028    -0.000462959    0.000134947    -2.571e-13    1.48115e-13    0.000937799
-0.000765202    -0.000455296    0.00013272    -2.57098e-13    1.48119e-13    0.000922321
-0.000754628    -0.000448979    0.000130884    -2.57096e-13    1.48123e-13    0.000909563
-0.000741508    -0.000441142    0.000128606    -2.57093e-13    1.48127e-13    0.000893732
-0.000729499    -0.000433969    0.000126521    -2.57091e-13    1.4813e-13    0.000879242
-0.000717797    -0.000426981    0.000124489    -2.57089e-13    1.48134e-13    0.000865123
-0.000707633    -0.000420912    0.000122724    -2.57087e-13    1.48137e-13    0.000852861
-0.0006967    -0.000414384    0.000120826    -2.57085e-13    1.48141e-13    0.00083967
-0.00068748    -0.00040888    0.000119226    -2.57084e-13    1.48143e-13    0.000828547
-0.000677799    -0.000403102    0.000117545    -2.57082e-13    1.48147e-13    0.000816868
-0.000666163    -0.000396157    0.000115525    -2.5708e-13    1.4815e-13    0.000802832
-0.000655369    -0.000389715    0.000113652    -2.57078e-13    1.48154e-13    0.00078981
-0.000646676    -0.000384528    0.000112143    -2.57076e-13    1.48156e-13    0.000779324
-0.000638048    -0.00037938    0.000110645    -2.57075e-13    1.48159e-13    0.000768917
-0.000628738    -0.000373825    0.000109029    -2.57073e-13    1.48162e-13    0.000757687
-0.000618889    -0.00036795    0.00010732    -2.57071e-13    1.48165e-13    0.000745808
-0.000609136    -0.000362133    0.000105627    -2.5707e-13    1.48168e-13    0.000734044
-0.000599301    -0.000356267    0.00010392    -2.57068e-13    1.48171e-13    0.000722181
-0.00059074    -0.000351161    0.000102434    -2.57066e-13    1.48173e-13    0.000711856
-0.000580903    -0.000345296    0.000100727    -2.57065e-13    1.48177e-13    0.000699993
-0.000572644    -0.000340371    9.9294e-05    -2.57063e-13    1.48179e-13    0.000690033
-0.000564348    -0.000335425    9.78542e-05    -2.57062e-13    1.48182e-13    0.000680027
-0.000556602    -0.000330807    9.651e-05    -2.5706e-13    1.48184e-13    0.000670686
-0.000546741    -0.00032493    9.47989e-05    -2.57059e-13    1.48187e-13    0.000658795
-0.000539738    -0.000320756    9.35837e-05    -2.57057e-13    1.48189e-13    0.00065035
-0.000530602    -0.000315311    9.19985e-05    -2.57056e-13    1.48192e-13    0.000639333
-0.000522938    -0.000310744    9.06686e-05    -2.57054e-13    1.48195e-13    0.000630091
-0.000515763    -0.000306468    8.94236e-05    -2.57053e-13    1.48197e-13    0.00062144
-0.00050802    -0.000301855    8.80802e-05    -2.57052e-13    1.48199e-13    0.000612104
-0.000499089    -0.000296534    8.65306e-05    -2.5705e-13    1.48202e-13    0.000601335
-0.000490381    -0.000291347    8.50198e-05    -2.57048e-13    1.48205e-13    0.000590836
-0.000482233    -0.000286493    8.36061e-05    -2.57047e-13    1.48207e-13    0.000581011
-0.000474375    -0.000281813    8.22428e-05    -2.57046e-13    1.4821e-13    0.000571537
-0.000467997    -0.000278014    8.11363e-05    -2.57044e-13    1.48212e-13    0.000563848
-0.000460392    -0.000273486    7.9817e-05    -2.57043e-13    1.48214e-13    0.000554679
-0.000453626    -0.000269456    7.86431e-05    -2.57042e-13    1.48216e-13    0.000546522
-0.000446052    -0.000264947    7.73292e-05    -2.57041e-13    1.48219e-13    0.000537391
-0.000438235    -0.000260293    7.59731e-05    -2.57039e-13    1.48221e-13    0.000527967
-0.000430623    -0.000255761    7.46528e-05    -2.57038e-13    1.48223e-13    0.000518791
-0.000423264    -0.000251381    7.33763e-05    -2.57036e-13    1.48225e-13    0.000509921
-0.000417404    -0.000247892    7.23596e-05    -2.57035e-13    1.48227e-13    0.000502856
-0.000410408    -0.000243729    7.11462e-05    -2.57034e-13    1.48229e-13    0.000494423
-0.000404039    -0.000239938    7.00414e-05    -2.57033e-13    1.48231e-13    0.000486745
-0.000398244    -0.000236489    6.90362e-05    -2.57032e-13    1.48233e-13    0.00047976
-0.000391334    -0.000232377    6.78377e-05    -2.57031e-13    1.48235e-13    0.000471431
-0.00038455    -0.000228341    6.66612e-05    -2.5703e-13    1.48237e-13    0.000463255
-0.000377954    -0.000224416    6.55171e-05    -2.57028e-13    1.48239e-13    0.000455304
-0.000372147    -0.000220961    6.45099e-05    -2.57027e-13    1.48241e-13    0.000448305
-0.000366316    -0.000217492    6.34985e-05    -2.57026e-13    1.48243e-13    0.000441276
-0.000361334    -0.000214529    6.26346e-05    -2.57025e-13    1.48245e-13    0.000435272
-0.000356214    -0.000211483    6.17466e-05    -2.57024e-13    1.48246e-13    0.000429102
-0.000350123    -0.000207859    6.06901e-05    -2.57023e-13    1.48248e-13    0.000421759
-0.000344779    -0.000204681    5.97634e-05    -2.57022e-13    1.4825e-13    0.000415319
-0.00033955    -0.000201571    5.88566e-05    -2.57022e-13    1.48251e-13    0.000409018
-0.000333755    -0.000198125    5.78517e-05    -2.5702e-13    1.48253e-13    0.000402034
-0.000328654    -0.000195092    5.6967e-05    -2.5702e-13    1.48255e-13    0.000395886
-0.000323953    -0.000192296    5.61517e-05    -2.57019e-13    1.48256e-13    0.00039022
-0.000318219    -0.000188887    5.51574e-05    -2.57018e-13    1.48258e-13    0.000383311
-0.000313062    -0.000185821    5.42632e-05    -2.57017e-13    1.48259e-13    0.000377096
-0.000307911    -0.000182758    5.337e-05    -2.57016e-13    1.48261e-13    0.000370889
-0.00030376    -0.00018029    5.26502e-05    -2.57015e-13    1.48262e-13    0.000365887
-0.000298964    -0.000177439    5.18185e-05    -2.57014e-13    1.48264e-13    0.000360107
-0.000294395    -0.000174723    5.10262e-05    -2.57013e-13    1.48265e-13    0.000354601
-0.000289384    -0.000171745    5.01574e-05    -2.57013e-13    1.48267e-13    0.000348563
-0.000284621    -0.000168914    4.93315e-05    -2.57012e-13    1.48268e-13    0.000342824
-0.000280721    -0.000166595    4.86552e-05    -2.57011e-13    1.48269e-13    0.000338124
-0.000276813    -0.000164273    4.79776e-05    -2.5701e-13    1.48271e-13    0.000333415
-0.000272579    -0.000161756    4.72435e-05    -2.5701e-13    1.48272e-13    0.000328313
-0.000268925    -0.000159585    4.66099e-05    -2.57009e-13    1.48273e-13    0.000323911
-0.000265302    -0.000157432    4.59817e-05    -2.57008e-13    1.48274e-13    0.000319545
-0.000261421    -0.000155126    4.53089e-05    -2.57008e-13    1.48275e-13    0.000314869
-0.000257645    -0.000152882    4.4654e-05    -2.57007e-13    1.48277e-13    0.000310318
-0.000253149    -0.00015021    4.38745e-05    -2.57006e-13    1.48278e-13    0.000304901
-0.00024876    -0.000147602    4.31136e-05    -2.57005e-13    1.48279e-13    0.000299613
-0.000244793    -0.000145245    4.24258e-05    -2.57005e-13    1.48281e-13    0.000294833
-0.000240633    -0.000142774    4.17046e-05    -2.57004e-13    1.48282e-13    0.000289822
-0.000236568    -0.000140359    4.09999e-05    -2.57003e-13    1.48283e-13    0.000284924
-0.000232946    -0.000138208    4.0372e-05    -2.57002e-13    1.48284e-13    0.000280561
-0.000229579    -0.000136207    3.97881e-05    -2.57002e-13    1.48285e-13    0.000276503
-0.000226189    -0.000134194    3.92005e-05    -2.57001e-13    1.48286e-13    0.00027242
-0.000222526    -0.000132018    3.85654e-05    -2.57001e-13    1.48288e-13    0.000268006
-0.000218998    -0.000129922    3.79538e-05    -2.57e-13    1.48289e-13    0.000263756
-0.000215911    -0.000128089    3.74187e-05    -2.56999e-13    1.4829e-13    0.000260037
-0.000212979    -0.000126347    3.69103e-05    -2.56999e-13    1.4829e-13    0.000256504
-0.000210173    -0.000124681    3.64239e-05    -2.56998e-13    1.48291e-13    0.000253124
-0.000207366    -0.000123014    3.59374e-05    -2.56998e-13    1.48292e-13    0.000249743
-0.00020404    -0.000121039    3.53608e-05    -2.56997e-13    1.48293e-13    0.000245736
-0.000201062    -0.000119271    3.48446e-05    -2.56997e-13    1.48294e-13    0.000242149
-0.000198197    -0.000117569    3.43479e-05    -2.56996e-13    1.48295e-13    0.000238697
-0.000195329    -0.000115866    3.38507e-05    -2.56996e-13    1.48296e-13    0.000235242
-0.000192741    -0.000114329    3.34021e-05    -2.56995e-13    1.48297e-13    0.000232124
-0.000189867    -0.000112622    3.29038e-05    -2.56995e-13    1.48298e-13    0.000228661
-0.000186543    -0.000110649    3.23276e-05    -2.56994e-13    1.48299e-13    0.000224657
-0.000183615    -0.00010891    3.182e-05    -2.56994e-13    1.483e-13    0.00022113
-0.000181012    -0.000107365    3.13688e-05    -2.56993e-13    1.483e-13    0.000217994
-0.000178093    -0.000105632    3.08629e-05    -2.56993e-13    1.48301e-13    0.000214479
-0.00017514    -0.000103879    3.03509e-05    -2.56992e-13    1.48302e-13    0.000210921
-0.000172469    -0.000102293    2.98881e-05    -2.56992e-13    1.48303e-13    0.000207704
-0.000170123    -0.000100901    2.94814e-05    -2.56991e-13    1.48304e-13    0.000204878
-0.000167195    -9.91626e-05    2.89739e-05    -2.56991e-13    1.48305e-13    0.000201351
-0.000164528    -9.75789e-05    2.85115e-05    -2.5699e-13    1.48305e-13    0.000198138
-0.000161994    -9.60751e-05    2.80724e-05    -2.5699e-13    1.48306e-13    0.000195086
-0.000159754    -9.47452e-05    2.7684e-05    -2.56989e-13    1.48307e-13    0.000192387
-0.000157261    -9.32656e-05    2.7252e-05    -2.56989e-13    1.48308e-13    0.000189385
-0.000154912    -9.18716e-05    2.68449e-05    -2.56989e-13    1.48308e-13    0.000186556
-0.000152286    -9.03127e-05    2.63897e-05    -2.56988e-13    1.48309e-13    0.000183392
-0.000150033    -8.89753e-05    2.59991e-05    -2.56988e-13    1.4831e-13    0.000180678
-0.000147929    -8.77269e-05    2.56345e-05    -2.56987e-13    1.48311e-13    0.000178144
-0.000145793    -8.6459e-05    2.52642e-05    -2.56987e-13    1.48311e-13    0.000175571
-0.000143387    -8.50308e-05    2.48471e-05    -2.56986e-13    1.48312e-13    0.000172673
-0.000141092    -8.36689e-05    2.44494e-05    -2.56986e-13    1.48313e-13    0.000169908
-0.000138593    -8.21858e-05    2.40162e-05    -2.56986e-13    1.48314e-13    0.000166898
-0.000136583    -8.0993e-05    2.36679e-05    -2.56985e-13    1.48314e-13    0.000164477
-0.000134223    -7.95926e-05    2.32589e-05    -2.56985e-13    1.48315e-13    0.000161635
-0.000132414    -7.85189e-05    2.29453e-05    -2.56984e-13    1.48315e-13    0.000159456
-0.000130435    -7.73449e-05    2.26024e-05    -2.56984e-13    1.48316e-13    0.000157073
-0.000128762    -7.63523e-05    2.23124e-05    -2.56984e-13    1.48317e-13    0.000155058
-0.000126605    -7.50725e-05    2.19386e-05    -2.56983e-13    1.48317e-13    0.00015246
-0.000124493    -7.38191e-05    2.15725e-05    -2.56983e-13    1.48318e-13    0.000149916
-0.000122714    -7.27638e-05    2.12643e-05    -2.56983e-13    1.48318e-13    0.000147774
-0.000121075    -7.17909e-05    2.09801e-05    -2.56982e-13    1.48319e-13    0.000145799
-0.000118996    -7.05578e-05    2.06199e-05    -2.56982e-13    1.4832e-13    0.000143296
-0.000117046    -6.94006e-05    2.02819e-05    -2.56982e-13    1.4832e-13    0.000140947
-0.000115521    -6.84957e-05    2.00176e-05    -2.56981e-13    1.48321e-13    0.00013911
-0.000113785    -6.74656e-05    1.97166e-05    -2.56981e-13    1.48321e-13    0.000137019
-0.000111769    -6.62698e-05    1.93673e-05    -2.56981e-13    1.48322e-13    0.000134591
-0.000109945    -6.51876e-05    1.90512e-05    -2.5698e-13    1.48322e-13    0.000132394
-0.00010842    -6.42831e-05    1.8787e-05    -2.5698e-13    1.48323e-13    0.000130558
-0.000106776    -6.33074e-05    1.85019e-05    -2.5698e-13    1.48323e-13    0.000128577
-0.000104945    -6.22214e-05    1.81847e-05    -2.5698e-13    1.48324e-13    0.000126372
-0.000103551    -6.13943e-05    1.7943e-05    -2.56979e-13    1.48324e-13    0.000124693
-0.000102174    -6.05777e-05    1.77045e-05    -2.56979e-13    1.48325e-13    0.000123035
-0.00010067    -5.96853e-05    1.74438e-05    -2.56979e-13    1.48325e-13    0.000121224
-9.923e-05    -5.88312e-05    1.71943e-05    -2.56979e-13    1.48326e-13    0.00011949
-9.76298e-05    -5.7882e-05    1.69169e-05    -2.56978e-13    1.48326e-13    0.000117562
-9.59841e-05    -5.69058e-05    1.66317e-05    -2.56978e-13    1.48327e-13    0.00011558
-9.46918e-05    -5.61393e-05    1.64078e-05    -2.56978e-13    1.48327e-13    0.000114024
-9.34523e-05    -5.5404e-05    1.6193e-05    -2.56978e-13    1.48328e-13    0.000112531
-9.22291e-05    -5.46785e-05    1.5981e-05    -2.56977e-13    1.48328e-13    0.000111058
-9.08391e-05    -5.3854e-05    1.57401e-05    -2.56977e-13    1.48328e-13    0.000109384
-8.93189e-05    -5.29523e-05    1.54767e-05    -2.56977e-13    1.48329e-13    0.000107553
-8.78667e-05    -5.2091e-05    1.5225e-05    -2.56977e-13    1.48329e-13    0.000105805
-8.6547e-05    -5.13082e-05    1.49963e-05    -2.56976e-13    1.4833e-13    0.000104215
-8.53859e-05    -5.06196e-05    1.47951e-05    -2.56976e-13    1.4833e-13    0.000102817
-8.40383e-05    -4.98204e-05    1.45616e-05    -2.56976e-13    1.4833e-13    0.000101194
-8.27179e-05    -4.90372e-05    1.43327e-05    -2.56976e-13    1.48331e-13    9.96039e-05
-8.14391e-05    -4.82788e-05    1.41111e-05    -2.56975e-13    1.48331e-13    9.80638e-05
-8.01538e-05    -4.75165e-05    1.38884e-05    -2.56975e-13    1.48332e-13    9.6516e-05
-7.89833e-05    -4.68223e-05    1.36856e-05    -2.56975e-13    1.48332e-13    9.51064e-05
-7.78525e-05    -4.61516e-05    1.34896e-05    -2.56975e-13    1.48332e-13    9.37445e-05
-7.65087e-05    -4.53548e-05    1.32568e-05    -2.56975e-13    1.48333e-13    9.21264e-05
-7.53468e-05    -4.46657e-05    1.30554e-05    -2.56974e-13    1.48333e-13    9.07271e-05
-7.43193e-05    -4.40563e-05    1.28773e-05    -2.56974e-13    1.48333e-13    8.94897e-05
-7.31396e-05    -4.33568e-05    1.26729e-05    -2.56974e-13    1.48334e-13    8.80691e-05
-7.20115e-05    -4.26878e-05    1.24774e-05    -2.56974e-13    1.48334e-13    8.67106e-05
-7.08682e-05    -4.20097e-05    1.22793e-05    -2.56974e-13    1.48334e-13    8.53337e-05
-6.97476e-05    -4.13452e-05    1.20851e-05    -2.56973e-13    1.48335e-13    8.39842e-05
-6.87735e-05    -4.07676e-05    1.19163e-05    -2.56973e-13    1.48335e-13    8.28112e-05
-6.76053e-05    -4.00748e-05    1.17139e-05    -2.56973e-13    1.48335e-13    8.14044e-05
-6.67136e-05    -3.95461e-05    1.15594e-05    -2.56973e-13    1.48336e-13    8.03306e-05
-6.58273e-05    -3.90205e-05    1.14058e-05    -2.56973e-13    1.48336e-13    7.92633e-05
-6.46814e-05    -3.8341e-05    1.12072e-05    -2.56972e-13    1.48336e-13    7.78834e-05
-6.37966e-05    -3.78164e-05    1.10539e-05    -2.56972e-13    1.48337e-13    7.68179e-05
-6.28275e-05    -3.72417e-05    1.0886e-05    -2.56972e-13    1.48337e-13    7.56509e-05
-6.19505e-05    -3.67217e-05    1.0734e-05    -2.56972e-13    1.48337e-13    7.45948e-05
-6.09024e-05    -3.61002e-05    1.05524e-05    -2.56972e-13    1.48338e-13    7.33326e-05
-6.00342e-05    -3.55854e-05    1.04019e-05    -2.56972e-13    1.48338e-13    7.22871e-05
-5.91579e-05    -3.50659e-05    1.02501e-05    -2.56971e-13    1.48338e-13    7.1232e-05
-5.81415e-05    -3.44631e-05    1.0074e-05    -2.56971e-13    1.48338e-13    7.00079e-05
-5.72975e-05    -3.39628e-05    9.92773e-06    -2.56971e-13    1.48339e-13    6.89917e-05
-5.63321e-05    -3.33903e-05    9.76044e-06    -2.56971e-13    1.48339e-13    6.78291e-05
-5.54244e-05    -3.28521e-05    9.60314e-06    -2.56971e-13    1.48339e-13    6.6736e-05
-5.47054e-05    -3.24258e-05    9.47856e-06    -2.56971e-13    1.48339e-13    6.58702e-05
-5.39338e-05    -3.19684e-05    9.34486e-06    -2.5697e-13    1.4834e-13    6.49411e-05
-5.30345e-05    -3.14351e-05    9.18903e-06    -2.5697e-13    1.4834e-13    6.38582e-05
-5.21899e-05    -3.09344e-05    9.04268e-06    -2.5697e-13    1.4834e-13    6.28411e-05
-5.1304e-05    -3.04091e-05    8.88917e-06    -2.5697e-13    1.48341e-13    6.17743e-05
-5.05678e-05    -2.99727e-05    8.76161e-06    -2.5697e-13    1.48341e-13    6.08878e-05
-4.98615e-05    -2.95539e-05    8.63922e-06    -2.5697e-13    1.48341e-13    6.00374e-05
-4.91726e-05    -2.91455e-05    8.51985e-06    -2.5697e-13    1.48341e-13    5.92078e-05
-4.83928e-05    -2.86831e-05    8.38473e-06    -2.56969e-13    1.48341e-13    5.82687e-05
-4.77465e-05    -2.83e-05    8.27275e-06    -2.56969e-13    1.48342e-13    5.74906e-05
-4.69729e-05    -2.78414e-05    8.1387e-06    -2.56969e-13    1.48342e-13    5.6559e-05
-4.61889e-05    -2.73765e-05    8.00284e-06    -2.56969e-13    1.48342e-13    5.56149e-05
-4.54314e-05    -2.69275e-05    7.8716e-06    -2.56969e-13    1.48342e-13    5.47028e-05
-4.48036e-05    -2.65553e-05    7.7628e-06    -2.56969e-13    1.48343e-13    5.39468e-05
-4.41407e-05    -2.61623e-05    7.64795e-06    -2.56969e-13    1.48343e-13    5.31486e-05
-4.35065e-05    -2.57863e-05    7.53805e-06    -2.56969e-13    1.48343e-13    5.23849e-05
-4.28523e-05    -2.53985e-05    7.42471e-06    -2.56968e-13    1.48343e-13    5.15972e-05
-4.22542e-05    -2.50439e-05    7.32106e-06    -2.56968e-13    1.48343e-13    5.08769e-05
-4.16316e-05    -2.46748e-05    7.21318e-06    -2.56968e-13    1.48344e-13    5.01272e-05
-4.09865e-05    -2.42924e-05    7.10141e-06    -2.56968e-13    1.48344e-13    4.93505e-05
-4.0431e-05    -2.39631e-05    7.00516e-06    -2.56968e-13    1.48344e-13    4.86816e-05
-3.98e-05    -2.3589e-05    6.89583e-06    -2.56968e-13    1.48344e-13    4.79218e-05
-3.9286e-05    -2.32843e-05    6.80675e-06    -2.56968e-13    1.48344e-13    4.73028e-05
-3.8709e-05    -2.29422e-05    6.70678e-06    -2.56968e-13    1.48344e-13    4.66081e-05
-3.81395e-05    -2.26046e-05    6.6081e-06    -2.56968e-13    1.48345e-13    4.59223e-05
-3.75938e-05    -2.22811e-05    6.51355e-06    -2.56968e-13    1.48345e-13    4.52652e-05
-3.6975e-05    -2.19143e-05    6.40632e-06    -2.56967e-13    1.48345e-13    4.45201e-05
-3.64524e-05    -2.16045e-05    6.31578e-06    -2.56967e-13    1.48345e-13    4.38908e-05
-3.58673e-05    -2.12577e-05    6.2144e-06    -2.56967e-13    1.48345e-13    4.31863e-05
-3.53097e-05    -2.09271e-05    6.11779e-06    -2.56967e-13    1.48345e-13    4.25149e-05
-3.46942e-05    -2.05622e-05    6.01113e-06    -2.56967e-13    1.48346e-13    4.17737e-05
-3.41315e-05    -2.02287e-05    5.91364e-06    -2.56967e-13    1.48346e-13    4.10962e-05
-3.35567e-05    -1.9888e-05    5.81404e-06    -2.56967e-13    1.48346e-13    4.0404e-05
-3.30107e-05    -1.95644e-05    5.71944e-06    -2.56967e-13    1.48346e-13    3.97467e-05
-3.25373e-05    -1.92837e-05    5.63741e-06    -2.56967e-13    1.48346e-13    3.91765e-05
-3.20159e-05    -1.89747e-05    5.54707e-06    -2.56967e-13    1.48347e-13    3.85488e-05
-3.16055e-05    -1.87314e-05    5.47596e-06    -2.56966e-13    1.48347e-13    3.80546e-05
-3.11159e-05    -1.84412e-05    5.39113e-06    -2.56966e-13    1.48347e-13    3.74651e-05
-3.05861e-05    -1.81271e-05    5.29934e-06    -2.56966e-13    1.48347e-13    3.68272e-05
-3.01004e-05    -1.78392e-05    5.21518e-06    -2.56966e-13    1.48347e-13    3.62423e-05
-2.96174e-05    -1.75529e-05    5.13149e-06    -2.56966e-13    1.48347e-13    3.56607e-05
-2.91622e-05    -1.72831e-05    5.05261e-06    -2.56966e-13    1.48347e-13    3.51126e-05
-2.87297e-05    -1.70267e-05    4.97768e-06    -2.56966e-13    1.48348e-13    3.45918e-05
-2.82215e-05    -1.67255e-05    4.88964e-06    -2.56966e-13    1.48348e-13    3.398e-05
-2.77592e-05    -1.64515e-05    4.80952e-06    -2.56966e-13    1.48348e-13    3.34233e-05
-2.72926e-05    -1.61749e-05    4.72869e-06    -2.56966e-13    1.48348e-13    3.28615e-05
-2.68502e-05    -1.59127e-05    4.65203e-06    -2.56966e-13    1.48348e-13    3.23288e-05
-2.64851e-05    -1.56963e-05    4.58877e-06    -2.56966e-13    1.48348e-13    3.18892e-05
-2.61421e-05    -1.5493e-05    4.52934e-06    -2.56966e-13    1.48348e-13    3.14762e-05
-2.57995e-05    -1.52899e-05    4.46998e-06    -2.56965e-13    1.48348e-13    3.10636e-05
-2.538e-05    -1.50413e-05    4.39729e-06    -2.56965e-13    1.48349e-13    3.05585e-05
-2.50305e-05    -1.48341e-05    4.33675e-06    -2.56965e-13    1.48349e-13    3.01378e-05
-2.46325e-05    -1.45982e-05    4.26777e-06    -2.56965e-13    1.48349e-13    2.96584e-05
-2.42311e-05    -1.43603e-05    4.19823e-06    -2.56965e-13    1.48349e-13    2.91751e-05
-2.38524e-05    -1.41358e-05    4.13262e-06    -2.56965e-13    1.48349e-13    2.87192e-05
-2.35471e-05    -1.39549e-05    4.07972e-06    -2.56965e-13    1.48349e-13    2.83516e-05
-2.32445e-05    -1.37755e-05    4.02729e-06    -2.56965e-13    1.48349e-13    2.79872e-05
-2.2911e-05    -1.35778e-05    3.9695e-06    -2.56965e-13    1.48349e-13    2.75856e-05
-2.25879e-05    -1.33863e-05    3.91352e-06    -2.56965e-13    1.48349e-13    2.71966e-05
-2.22245e-05    -1.31709e-05    3.85056e-06    -2.56965e-13    1.4835e-13    2.6759e-05
-2.18446e-05    -1.29458e-05    3.78474e-06    -2.56965e-13    1.4835e-13    2.63016e-05
-2.15446e-05    -1.2768e-05    3.73275e-06    -2.56965e-13    1.4835e-13    2.59404e-05
-2.12324e-05    -1.2583e-05    3.67867e-06    -2.56965e-13    1.4835e-13    2.55646e-05
-2.08888e-05    -1.23793e-05    3.61913e-06    -2.56965e-13    1.4835e-13    2.51508e-05
-2.05297e-05    -1.21665e-05    3.55692e-06    -2.56965e-13    1.4835e-13    2.47184e-05
-2.02001e-05    -1.19711e-05    3.49982e-06    -2.56964e-13    1.4835e-13    2.43216e-05
-1.99097e-05    -1.1799e-05    3.44949e-06    -2.56964e-13    1.4835e-13    2.39719e-05
-1.95662e-05    -1.15954e-05    3.38997e-06    -2.56964e-13    1.4835e-13    2.35582e-05
-1.92976e-05    -1.14362e-05    3.34344e-06    -2.56964e-13    1.4835e-13    2.32349e-05
-1.90349e-05    -1.12805e-05    3.29792e-06    -2.56964e-13    1.48351e-13    2.29185e-05
-1.87428e-05    -1.11074e-05    3.24731e-06    -2.56964e-13    1.48351e-13    2.25668e-05
-1.84252e-05    -1.09192e-05    3.19229e-06    -2.56964e-13    1.48351e-13    2.21845e-05
-1.81266e-05    -1.07422e-05    3.14056e-06    -2.56964e-13    1.48351e-13    2.1825e-05
-1.78101e-05    -1.05546e-05    3.08572e-06    -2.56964e-13    1.48351e-13    2.14439e-05
-1.75654e-05    -1.04095e-05    3.04331e-06    -2.56964e-13    1.48351e-13    2.11492e-05
-1.73043e-05    -1.02548e-05    2.99808e-06    -2.56964e-13    1.48351e-13    2.08349e-05
-1.70214e-05    -1.00871e-05    2.94906e-06    -2.56964e-13    1.48351e-13    2.04942e-05
-1.67295e-05    -9.91417e-06    2.89849e-06    -2.56964e-13    1.48351e-13    2.01428e-05
-1.64696e-05    -9.7601e-06    2.85345e-06    -2.56964e-13    1.48351e-13    1.98298e-05
-1.61975e-05    -9.59887e-06    2.80632e-06    -2.56964e-13    1.48351e-13    1.95022e-05
-1.59148e-05    -9.43132e-06    2.75734e-06    -2.56964e-13    1.48351e-13    1.91618e-05
-1.56926e-05    -9.29963e-06    2.71884e-06    -2.56964e-13    1.48352e-13    1.88943e-05
-1.54184e-05    -9.13708e-06    2.67132e-06    -2.56964e-13    1.48352e-13    1.8564e-05
-1.51783e-05    -8.99482e-06    2.62973e-06    -2.56964e-13    1.48352e-13    1.8275e-05
-1.49134e-05    -8.83783e-06    2.58383e-06    -2.56964e-13    1.48352e-13    1.79561e-05
-1.46854e-05    -8.70269e-06    2.54433e-06    -2.56963e-13    1.48352e-13    1.76815e-05
-1.4457e-05    -8.56733e-06    2.50476e-06    -2.56963e-13    1.48352e-13    1.74065e-05
-1.42042e-05    -8.4175e-06    2.46096e-06    -2.56963e-13    1.48352e-13    1.71021e-05
-1.39656e-05    -8.27609e-06    2.41961e-06    -2.56963e-13    1.48352e-13    1.68148e-05
-1.373e-05    -8.13649e-06    2.3788e-06    -2.56963e-13    1.48352e-13    1.65312e-05
-1.35138e-05    -8.00831e-06    2.34133e-06    -2.56963e-13    1.48352e-13    1.62708e-05
-1.32964e-05    -7.87952e-06    2.30368e-06    -2.56963e-13    1.48352e-13    1.60092e-05
-1.30598e-05    -7.73929e-06    2.26268e-06    -2.56963e-13    1.48352e-13    1.57243e-05
-1.28309e-05    -7.60361e-06    2.22302e-06    -2.56963e-13    1.48352e-13    1.54486e-05
-1.26456e-05    -7.49382e-06    2.19092e-06    -2.56963e-13    1.48352e-13    1.52256e-05
-1.24287e-05    -7.36526e-06    2.15333e-06    -2.56963e-13    1.48353e-13    1.49644e-05
-1.22322e-05    -7.2488e-06    2.11929e-06    -2.56963e-13    1.48353e-13    1.47278e-05
-1.20368e-05    -7.13298e-06    2.08543e-06    -2.56963e-13    1.48353e-13    1.44925e-05
-1.1837e-05    -7.01458e-06    2.05081e-06    -2.56963e-13    1.48353e-13    1.42519e-05
-1.16396e-05    -6.89759e-06    2.01661e-06    -2.56963e-13    1.48353e-13    1.40142e-05
-1.1444e-05    -6.78169e-06    1.98273e-06    -2.56963e-13    1.48353e-13    1.37788e-05
-1.1282e-05    -6.68567e-06    1.95466e-06    -2.56963e-13    1.48353e-13    1.35837e-05
-1.11036e-05    -6.57993e-06    1.92374e-06    -2.56963e-13    1.48353e-13    1.33688e-05
-1.09348e-05    -6.47991e-06    1.8945e-06    -2.56963e-13    1.48353e-13    1.31656e-05
-1.07856e-05    -6.3915e-06    1.86866e-06    -2.56963e-13    1.48353e-13    1.2986e-05
-1.06048e-05    -6.28438e-06    1.83734e-06    -2.56963e-13    1.48353e-13    1.27684e-05
-1.04229e-05    -6.17657e-06    1.80582e-06    -2.56963e-13    1.48353e-13    1.25494e-05
-1.02438e-05    -6.07044e-06    1.77479e-06    -2.56963e-13    1.48353e-13    1.23337e-05
-1.00782e-05    -5.97229e-06    1.7461e-06    -2.56963e-13    1.48353e-13    1.21343e-05
-9.92828e-06    -5.88343e-06    1.72012e-06    -2.56963e-13    1.48353e-13    1.19538e-05
-9.77081e-06    -5.79011e-06    1.69283e-06    -2.56963e-13    1.48353e-13    1.17642e-05
-9.61674e-06    -5.6988e-06    1.66614e-06    -2.56963e-13    1.48353e-13    1.15787e-05
-9.46257e-06    -5.60744e-06    1.63943e-06    -2.56963e-13    1.48353e-13    1.1393e-05
-9.31564e-06    -5.52037e-06    1.61397e-06    -2.56963e-13    1.48354e-13    1.12161e-05
-9.18959e-06    -5.44567e-06    1.59214e-06    -2.56962e-13    1.48354e-13    1.10644e-05
-9.04544e-06    -5.36024e-06    1.56716e-06    -2.56962e-13    1.48354e-13    1.08908e-05
-8.9283e-06    -5.29082e-06    1.54687e-06    -2.56962e-13    1.48354e-13    1.07498e-05
-8.78257e-06    -5.20446e-06    1.52162e-06    -2.56962e-13    1.48354e-13    1.05743e-05
-8.64698e-06    -5.12411e-06    1.49812e-06    -2.56962e-13    1.48354e-13    1.04111e-05
-8.50021e-06    -5.03712e-06    1.4727e-06    -2.56962e-13    1.48354e-13    1.02343e-05
-8.3696e-06    -4.95973e-06    1.45007e-06    -2.56962e-13    1.48354e-13    1.00771e-05
-8.25766e-06    -4.89339e-06    1.43067e-06    -2.56962e-13    1.48354e-13    9.94231e-06
-8.13173e-06    -4.81876e-06    1.40885e-06    -2.56962e-13    1.48354e-13    9.79068e-06
-8.00691e-06    -4.74479e-06    1.38723e-06    -2.56962e-13    1.48354e-13    9.64039e-06
-7.90247e-06    -4.6829e-06    1.36913e-06    -2.56962e-13    1.48354e-13    9.51465e-06
-7.76904e-06    -4.60383e-06    1.34602e-06    -2.56962e-13    1.48354e-13    9.35399e-06
-7.65457e-06    -4.53599e-06    1.32618e-06    -2.56962e-13    1.48354e-13    9.21617e-06
-7.53175e-06    -4.4632e-06    1.3049e-06    -2.56962e-13    1.48354e-13    9.06829e-06
