444.692    17.1471    45.2449    0    180    -62.8847
444.692    17.1471    45.2449    0    180    -62.8847
444.692    17.1471    45.2449    0    180    -62.8847
444.692    17.1471    45.2449    0    180    -62.8847
444.692    17.1471    45.2449    0    180    -62.8847
444.692    17.1471    45.2449    0    180    -62.8847
444.692    17.1471    45.2449    0    180    -62.8847
444.692    17.1471    45.2449    0    180    -62.8847
444.692    17.1471    45.2449    0    180    -62.8847
444.692    17.1471    45.2449    0    180    -62.8847
444.692    17.1471    45.2449    0    180    -62.8847
444.692    17.1471    45.2449    0    180    -62.8847
444.692    17.1471    45.2449    0    180    -62.8847
444.692    17.1471    45.2449    0    180    -62.8847
444.692    17.1471    45.2449    0    180    -62.8847
444.692    17.1471    45.2449    0    180    -62.8847
444.692    17.1471    45.2449    0    180    -62.8847
444.692    17.1471    45.2449    0    180    -62.8847
444.692    17.1471    45.2449    0    180    -62.8847
444.692    17.1471    45.2449    0    180    -62.8847
444.692    17.1471    45.2449    0    180    -62.8847
444.692    17.1471    45.2449    0    180    -62.8847
444.692    17.1471    45.2449    0    180    -62.8847
444.692    17.1471    45.2449    0    180    -62.8847
444.692    17.1471    45.2449    0    180    -62.8847
444.692    17.1471    45.2449    0    180    -62.8847
444.692    17.1471    45.2449    0    180    -62.8847
444.692    17.1471    45.2449    0    180    -62.8847
444.692    17.1471    45.2449    0    180    -62.8847
444.692    17.1471    45.2449    0    180    -62.8847
444.692    17.1471    45.2449    0    180    -62.8847
444.692    17.1471    45.2449    0    180    -62.8847
444.692    17.1471    45.2449    0    180    -62.8847
444.692    17.1471    45.2449    0    180    -62.8847
444.692    17.1471    45.2449    0    180    -62.8847
444.692    17.1471    45.2449    0    180    -62.8847
444.692    17.1471    45.2449    0    180    -62.8847
444.692    17.1471    45.2449    0    180    -62.8847
444.692    17.1471    45.2449    0    180    -62.8847
444.692    17.1471    45.2449    0    180    -62.8847
444.692    17.1471    45.2449    0    180    -62.8847
444.692    17.1471    45.2449    0    180    -62.8847
445.971    17.8714    45.0255    0    180    -62.7973
447.212    18.5745    44.8124    0    180    -62.7125
448.417    19.2568    44.6056    0    180    -62.6302
449.583    19.9169    44.4056    0    180    -62.5505
450.715    20.5572    44.2114    0    180    -62.4732
451.811    21.1776    44.0233    0    180    -62.3983
452.876    21.7798    43.8407    0    180    -62.3256
453.908    22.3634    43.6637    0    180    -62.2551
454.909    22.929    43.4922    0    180    -62.1868
455.879    23.4777    43.3257    0    180    -62.1205
456.82    24.0093    43.1644    0    180    -62.0563
457.734    24.5254    43.0078    0    180    -61.994
458.619    25.0252    42.8561    0    180    -61.9336
459.476    25.5095    42.7091    0    180    -61.875
460.309    25.98    42.5663    0    180    -61.8182
461.118    26.4362    42.4278    0    180    -61.763
461.901    26.8782    42.2937    0    180    -61.7096
462.66    27.3064    42.1636    0    180    -61.6578
463.396    27.722    42.0374    0    180    -61.6076
464.111    28.125    41.915    0    180    -61.5589
464.863    28.5496    41.7861    0    180    -61.5075
465.534    28.9276    41.6713    0    180    -61.4618
466.185    29.2946    41.5598    0    180    -61.4174
466.814    29.6496    41.452    0    180    -61.3745
467.425    29.9939    41.3474    0    180    -61.3328
468.018    30.3279    41.2459    0    180    -61.2924
468.593    30.6521    41.1474    0    180    -61.2532
469.151    30.9663    41.0519    0    180    -61.2152
469.691    31.2704    40.9595    0    180    -61.1784
470.216    31.5663    40.8696    0    180    -61.1426
470.725    31.8527    40.7825    0    180    -61.1079
471.218    32.1302    40.6982    0    180    -61.0743
471.695    32.3991    40.6164    0    180    -61.0418
472.158    32.6599    40.5372    0    180    -61.0102
472.608    32.9128    40.4603    0    180    -60.9796
473.044    33.1583    40.3856    0    180    -60.9499
473.468    33.397    40.3131    0    180    -60.921
473.878    33.6275    40.243    0    180    -60.8931
474.275    33.851    40.175    0    180    -60.866
474.66    34.0677    40.1092    0    180    -60.8398
475.034    34.2779    40.0453    0    180    -60.8144
475.396    34.4817    39.9833    0    180    -60.7897
475.747    34.6793    39.9232    0    180    -60.7658
476.088    34.8708    39.8649    0    180    -60.7426
476.418    35.0566    39.8085    0    180    -60.7201
476.738    35.2368    39.7537    0    180    -60.6983
477.049    35.4115    39.7005    0    180    -60.6771
477.351    35.5814    39.6488    0    180    -60.6565
477.644    35.7457    39.5989    0    180    -60.6366
477.927    35.9049    39.5505    0    180    -60.6173
478.201    36.0592    39.5035    0    180    -60.5987
478.493    36.2234    39.4536    0    180    -60.5788
478.751    36.3682    39.4095    0    180    -60.5612
479.001    36.5085    39.3668    0    180    -60.5442
479.245    36.6457    39.3251    0    180    -60.5276
479.48    36.7777    39.285    0    180    -60.5116
479.707    36.9056    39.246    0    180    -60.4961
479.928    37.0298    39.2082    0    180    -60.4811
480.143    37.1502    39.1716    0    180    -60.4665
480.35    37.2669    39.1361    0    180    -60.4524
480.552    37.3801    39.1017    0    180    -60.4387
480.747    37.4898    39.0683    0    180    -60.4254
480.936    37.5962    39.0359    0    180    -60.4125
481.121    37.6997    39.0044    0    180    -60.3999
481.299    37.7998    38.974    0    180    -60.3878
481.471    37.8967    38.9445    0    180    -60.3761
481.639    37.9911    38.9158    0    180    -60.3646
481.802    38.0824    38.888    0    180    -60.3536
481.959    38.1708    38.8611    0    180    -60.3429
482.112    38.2567    38.835    0    180    -60.3325
482.261    38.34    38.8096    0    180    -60.3224
482.404    38.4206    38.7851    0    180    -60.3126
482.544    38.4989    38.7613    0    180    -60.3031
482.679    38.5747    38.7382    0    180    -60.2939
482.809    38.6482    38.7158    0    180    -60.285
482.936    38.7195    38.6941    0    180    -60.2764
483.06    38.7886    38.6731    0    180    -60.268
483.179    38.8556    38.6527    0    180    -60.2599
483.295    38.9207    38.6329    0    180    -60.252
483.407    38.9838    38.6137    0    180    -60.2444
483.516    39.045    38.5951    0    180    -60.2369
483.622    39.1043    38.577    0    180    -60.2298
483.724    39.1617    38.5596    0    180    -60.2228
483.823    39.2174    38.5426    0    180    -60.216
483.92    39.2714    38.5262    0    180    -60.2095
484.013    39.3238    38.5102    0    180    -60.2032
484.103    39.3746    38.4948    0    180    -60.197
484.191    39.4239    38.4798    0    180    -60.191
484.276    39.4716    38.4652    0    180    -60.1852
484.359    39.518    38.4511    0    180    -60.1796
484.439    39.5629    38.4375    0    180    -60.1742
484.516    39.6064    38.4242    0    180    -60.1689
484.592    39.6487    38.4113    0    180    -60.1638
484.665    39.6896    38.3989    0    180    -60.1588
484.735    39.7294    38.3868    0    180    -60.154
484.804    39.7678    38.3751    0    180    -60.1493
484.871    39.8052    38.3637    0    180    -60.1448
484.935    39.8414    38.3527    0    180    -60.1404
485.004    39.88    38.3409    0    180    -60.1358
485.064    39.9139    38.3306    0    180    -60.1316
485.123    39.9468    38.3206    0    180    -60.1277
485.18    39.9787    38.3109    0    180    -60.1238
485.235    40.0097    38.3014    0    180    -60.12
485.288    40.0398    38.2923    0    180    -60.1164
485.34    40.0689    38.2834    0    180    -60.1129
485.391    40.0971    38.2749    0    180    -60.1094
485.439    40.1245    38.2665    0    180    -60.1061
485.487    40.151    38.2585    0    180    -60.1029
485.533    40.1767    38.2506    0    180    -60.0998
485.577    40.2017    38.243    0    180    -60.0968
485.62    40.2259    38.2357    0    180    -60.0938
485.662    40.2493    38.2285    0    180    -60.091
485.703    40.2721    38.2216    0    180    -60.0882
485.742    40.2942    38.2149    0    180    -60.0856
485.78    40.3156    38.2083    0    180    -60.083
485.817    40.3363    38.202    0    180    -60.0804
485.853    40.3564    38.1959    0    180    -60.078
485.888    40.376    38.19    0    180    -60.0756
485.921    40.3949    38.1842    0    180    -60.0733
485.954    40.4132    38.1786    0    180    -60.0711
485.986    40.431    38.1732    0    180    -60.069
486.016    40.4482    38.168    0    180    -60.0669
486.046    40.4649    38.1629    0    180    -60.0649
486.075    40.4812    38.1579    0    180    -60.0629
486.103    40.4969    38.1532    0    180    -60.061
486.13    40.5121    38.1485    0    180    -60.0591
486.157    40.5269    38.144    0    180    -60.0573
486.182    40.5412    38.1397    0    180    -60.0556
486.207    40.5551    38.1354    0    180    -60.0539
486.231    40.5686    38.1313    0    180    -60.0523
486.254    40.5817    38.1273    0    180    -60.0507
486.277    40.5944    38.1235    0    180    -60.0492
486.299    40.6067    38.1197    0    180    -60.0477
486.32    40.6186    38.1161    0    180    -60.0462
486.341    40.6301    38.1126    0    180    -60.0448
486.361    40.6414    38.1092    0    180    -60.0435
486.38    40.6522    38.1059    0    180    -60.0422
486.399    40.6627    38.1027    0    180    -60.0409
486.417    40.673    38.0996    0    180    -60.0396
486.435    40.6829    38.0965    0    180    -60.0384
486.452    40.6925    38.0936    0    180    -60.0373
486.468    40.7018    38.0908    0    180    -60.0361
486.485    40.7108    38.088    0    180    -60.0351
486.5    40.7196    38.0854    0    180    -60.034
486.515    40.7281    38.0828    0    180    -60.033
486.53    40.7363    38.0803    0    180    -60.032
486.544    40.7444    38.0778    0    180    -60.031
486.558    40.7521    38.0755    0    180    -60.03
486.571    40.7596    38.0732    0    180    -60.0291
486.584    40.7669    38.071    0    180    -60.0283
486.597    40.774    38.0688    0    180    -60.0274
486.609    40.7808    38.0667    0    180    -60.0266
486.621    40.7875    38.0647    0    180    -60.0258
486.633    40.7939    38.0627    0    180    -60.025
486.644    40.8001    38.0608    0    180    -60.0242
486.655    40.8062    38.059    0    180    -60.0235
486.665    40.8121    38.0572    0    180    -60.0228
486.675    40.8178    38.0555    0    180    -60.0221
486.685    40.8233    38.0538    0    180    -60.0214
486.695    40.8287    38.0522    0    180    -60.0208
486.704    40.8338    38.0506    0    180    -60.0201
486.713    40.8389    38.049    0    180    -60.0195
486.721    40.8438    38.0476    0    180    -60.0189
486.73    40.8485    38.0461    0    180    -60.0184
486.738    40.8531    38.0447    0    180    -60.0178
486.746    40.8576    38.0434    0    180    -60.0173
486.754    40.8619    38.042    0    180    -60.0167
486.761    40.8661    38.0408    0    180    -60.0162
486.769    40.8705    38.0394    0    180    -60.0157
486.776    40.8744    38.0382    0    180    -60.0152
486.783    40.8782    38.0371    0    180    -60.0148
486.789    40.8819    38.0359    0    180    -60.0143
486.796    40.8855    38.0349    0    180    -60.0139
486.802    40.889    38.0338    0    180    -60.0135
486.808    40.8923    38.0328    0    180    -60.0131
486.814    40.8956    38.0318    0    180    -60.0127
486.82    40.8988    38.0308    0    180    -60.0123
486.825    40.9018    38.0299    0    180    -60.0119
486.83    40.9048    38.029    0    180    -60.0115
486.835    40.9077    38.0281    0    180    -60.0112
486.84    40.9105    38.0272    0    180    -60.0108
486.845    40.9132    38.0264    0    180    -60.0105
486.85    40.9158    38.0256    0    180    -60.0102
486.855    40.9184    38.0248    0    180    -60.0099
486.859    40.9209    38.0241    0    180    -60.0096
486.863    40.9233    38.0234    0    180    -60.0093
486.867    40.9256    38.0227    0    180    -60.009
486.871    40.9278    38.022    0    180    -60.0087
486.875    40.93    38.0213    0    180    -60.0085
486.879    40.9322    38.0207    0    180    -60.0082
486.883    40.9342    38.02    0    180    -60.008
486.886    40.9362    38.0194    0    180    -60.0077
486.89    40.9381    38.0188    0    180    -60.0075
486.893    40.94    38.0183    0    180    -60.0073
486.896    40.9418    38.0177    0    180    -60.0071
486.899    40.9436    38.0172    0    180    -60.0068
486.902    40.9453    38.0167    0    180    -60.0066
486.905    40.947    38.0161    0    180    -60.0064
486.908    40.9486    38.0157    0    180    -60.0062
486.911    40.9501    38.0152    0    180    -60.006
486.914    40.9516    38.0147    0    180    -60.0059
486.916    40.9531    38.0143    0    180    -60.0057
486.919    40.9545    38.0138    0    180    -60.0055
486.921    40.9559    38.0134    0    180    -60.0053
486.924    40.9572    38.013    0    180    -60.0052
486.926    40.9585    38.0126    0    180    -60.005
486.928    40.9598    38.0122    0    180    -60.0049
486.931    40.961    38.0119    0    180    -60.0047
486.933    40.9622    38.0115    0    180    -60.0046
486.935    40.9633    38.0112    0    180    -60.0044
486.937    40.9645    38.0108    0    180    -60.0043
486.939    40.9655    38.0105    0    180    -60.0042
486.94    40.9666    38.0102    0    180    -60.0041
486.942    40.9676    38.0099    0    180    -60.0039
486.944    40.9686    38.0096    0    180    -60.0038
486.946    40.9695    38.0093    0    180    -60.0037
486.947    40.9704    38.009    0    180    -60.0036
486.949    40.9713    38.0087    0    180    -60.0035
486.95    40.9722    38.0085    0    180    -60.0034
486.952    40.9731    38.0082    0    180    -60.0033
486.953    40.9739    38.008    0    180    -60.0032
486.955    40.9747    38.0077    0    180    -60.0031
486.956    40.9754    38.0075    0    180    -60.003
486.958    40.9762    38.0073    0    180    -60.0029
486.959    40.9769    38.007    0    180    -60.0028
486.96    40.9776    38.0068    0    180    -60.0027
486.961    40.9783    38.0066    0    180    -60.0026
486.962    40.9789    38.0064    0    180    -60.0026
486.964    40.9796    38.0062    0    180    -60.0025
486.965    40.9802    38.006    0    180    -60.0024
486.966    40.9808    38.0058    0    180    -60.0023
486.967    40.9814    38.0057    0    180    -60.0023
486.968    40.9819    38.0055    0    180    -60.0022
486.969    40.9825    38.0053    0    180    -60.0021
486.97    40.983    38.0052    0    180    -60.0021
486.971    40.9835    38.005    0    180    -60.002
486.972    40.984    38.0049    0    180    -60.0019
486.972    40.9845    38.0047    0    180    -60.0019
486.973    40.985    38.0046    0    180    -60.0018
486.974    40.9854    38.0044    0    180    -60.0018
486.975    40.9859    38.0043    0    180    -60.0017
486.976    40.9863    38.0042    0    180    -60.0017
486.976    40.9867    38.004    0    180    -60.0016
486.977    40.9871    38.0039    0    180    -60.0016
486.978    40.9875    38.0038    0    180    -60.0015
486.978    40.9879    38.0037    0    180    -60.0015
486.979    40.9883    38.0036    0    180    -60.0014
486.98    40.9886    38.0035    0    180    -60.0014
486.98    40.989    38.0034    0    180    -60.0013
486.981    40.9893    38.0033    0    180    -60.0013
486.981    40.9896    38.0032    0    180    -60.0013
486.982    40.9899    38.0031    0    180    -60.0012
486.983    40.9902    38.003    0    180    -60.0012
486.983    40.9905    38.0029    0    180    -60.0011
486.984    40.9908    38.0028    0    180    -60.0011
486.984    40.9911    38.0027    0    180    -60.0011
486.985    40.9914    38.0026    0    180    -60.001
486.985    40.9916    38.0025    0    180    -60.001
486.986    40.9919    38.0025    0    180    -60.001
486.986    40.9921    38.0024    0    180    -60.001
486.986    40.9924    38.0023    0    180    -60.0009
486.987    40.9926    38.0023    0    180    -60.0009
486.987    40.9928    38.0022    0    180    -60.0009
486.988    40.993    38.0021    0    180    -60.0008
