0    0    0    0    0    0
0    0    0    0    0    0
0    0    0    0    0    0
0    0    0    0    0    0
0    0    0    0    0    0
0    0    0    0    0    0
0    0    0    0    0    0
0    0    0    0    0    0
0    0    0    0    0    0
0    0    0    0    0    0
0    0    0    0    0    0
0    0    0    0    0    0
0    0    0    0    0    0
0    0    0    0    0    0
0    0    0    0    0    0
0    0    0    0    0    0
0    0    0    0    0    0
0    0    0    0    0    0
0    0    0    0    0    0
0    0    0    0    0    0
0    0    0    0    0    0
0    0    0    0    0    0
0    0    0    0    0    0
0    0    0    0    0    0
0    0    0    0    0    0
0    0    0    0    0    0
-0.0202572    -0.0133931    0.00362244    -2.6064e-13    1.41826e-13    0.0251738
-0.0195158    -0.0128524    0.00348552    -2.60503e-13    1.42077e-13    0.0242222
-0.018756    -0.0123028    0.00334558    -2.60363e-13    1.42329e-13    0.0232497
-0.018067    -0.0118079    0.003219    -2.60236e-13    1.42567e-13    0.0223701
-0.0174032    -0.0113344    0.00309734    -2.60114e-13    1.4278e-13    0.0215246
-0.0167631    -0.0108807    0.00298028    -2.59997e-13    1.43011e-13    0.0207111
-0.0161457    -0.010446    0.00286761    -2.59883e-13    1.43217e-13    0.0199281
-0.0155505    -0.0100295    0.00275922    -2.59774e-13    1.4341e-13    0.0191749
-0.0149766    -0.00963028    0.00265491    -2.59669e-13    1.436e-13    0.01845
-0.0144228    -0.00924725    0.00255445    -2.59567e-13    1.43764e-13    0.0177519
-0.0138894    -0.00888039    0.00245787    -2.5947e-13    1.43953e-13    0.0170807
-0.0133752    -0.0085286    0.00236492    -2.59376e-13    1.44116e-13    0.0164347
-0.0128796    -0.00819127    0.00227548    -2.59285e-13    1.44272e-13    0.0158132
-0.012402    -0.00786784    0.00218943    -2.59198e-13    1.44425e-13    0.0152152
-0.0119419    -0.00755775    0.00210667    -2.59114e-13    1.44586e-13    0.0146401
-0.0114981    -0.00726001    0.00202695    -2.59034e-13    1.44725e-13    0.0140861
-0.0110415    -0.00695514    0.00194505    -2.58951e-13    1.44874e-13    0.0135169
-0.0106308    -0.00668208    0.00187149    -2.58876e-13    1.45006e-13    0.0130057
-0.0102353    -0.00642025    0.00180076    -2.58804e-13    1.45134e-13    0.0125142
-0.00985445    -0.00616905    0.00173271    -2.58735e-13    1.45255e-13    0.0120413
-0.00948708    -0.0059277    0.00166716    -2.58668e-13    1.45373e-13    0.0115857
-0.00913304    -0.00569595    0.00160405    -2.58604e-13    1.45479e-13    0.0111472
-0.00879254    -0.00547386    0.00154343    -2.58542e-13    1.45594e-13    0.0107259
-0.00846394    -0.00526028    0.00148499    -2.58483e-13    1.45694e-13    0.0103198
-0.0081479    -0.00505552    0.00142884    -2.58426e-13    1.45801e-13    0.00992959
-0.00784361    -0.00485902    0.00137484    -2.5837e-13    1.45897e-13    0.00955427
-0.00755036    -0.00467021    0.00132283    -2.58317e-13    1.45987e-13    0.00919289
-0.00726796    -0.00448893    0.0012728    -2.58266e-13    1.46076e-13    0.0088452
-0.00699575    -0.00431468    0.00122462    -2.58217e-13    1.46168e-13    0.00851035
-0.00673395    -0.00414756    0.00117832    -2.5817e-13    1.4625e-13    0.00818858
-0.00648181    -0.00398703    0.00113376    -2.58124e-13    1.4633e-13    0.00787892
-0.00623884    -0.00383273    0.00109085    -2.58081e-13    1.46405e-13    0.00758076
-0.00600496    -0.00368456    0.00104958    -2.58038e-13    1.46478e-13    0.00729396
-0.00577987    -0.0035423    0.00100989    -2.57998e-13    1.46551e-13    0.00701814
-0.00556315    -0.00340564    0.000971705    -2.57959e-13    1.46619e-13    0.00675276
-0.00535439    -0.00327429    0.000934944    -2.57921e-13    1.46685e-13    0.00649729
-0.00515369    -0.00314827    0.000899623    -2.57885e-13    1.46748e-13    0.00625183
-0.00494953    -0.00302036    0.000863717    -2.57848e-13    1.46813e-13    0.00600231
-0.00476372    -0.00290417    0.000831059    -2.57815e-13    1.46869e-13    0.00577535
-0.00458487    -0.00279254    0.00079964    -2.57783e-13    1.46926e-13    0.00555701
-0.00441258    -0.0026852    0.000769391    -2.57752e-13    1.46981e-13    0.0053468
-0.00424688    -0.00258214    0.000740313    -2.57722e-13    1.47033e-13    0.00514473
-0.00408741    -0.00248312    0.000712342    -2.57693e-13    1.47083e-13    0.00495034
-0.00393377    -0.00238788    0.000685407    -2.57666e-13    1.47132e-13    0.00476316
-0.00378596    -0.00229639    0.000659505    -2.57639e-13    1.47177e-13    0.00458316
-0.00364367    -0.00220846    0.000634583    -2.57613e-13    1.47223e-13    0.00440997
-0.00350662    -0.00212388    0.000610587    -2.57589e-13    1.47265e-13    0.00424321
-0.00337475    -0.00204261    0.00058751    -2.57565e-13    1.47307e-13    0.00408284
-0.00324785    -0.00196451    0.00056531    -2.57542e-13    1.47345e-13    0.00392856
-0.00312566    -0.0018894    0.000543942    -2.5752e-13    1.47384e-13    0.00378006
-0.00300798    -0.00181716    0.00052337    -2.57499e-13    1.47422e-13    0.0036371
-0.00289478    -0.00174774    0.000503588    -2.57479e-13    1.47457e-13    0.00349963
-0.00278578    -0.00168098    0.000484547    -2.57459e-13    1.4749e-13    0.0033673
-0.00268084    -0.00161678    0.000466221    -2.57441e-13    1.47523e-13    0.00323996
-0.00257994    -0.00155512    0.000448606    -2.57423e-13    1.47554e-13    0.00311754
-0.00248276    -0.00149578    0.000431644    -2.57405e-13    1.47585e-13    0.00299966
-0.00238919    -0.00143872    0.00041532    -2.57388e-13    1.47614e-13    0.00288622
-0.0022992    -0.00138388    0.000399622    -2.57372e-13    1.47642e-13    0.00277713
-0.00221259    -0.00133115    0.000384518    -2.57357e-13    1.47669e-13    0.00267217
-0.00212923    -0.00128044    0.000369985    -2.57342e-13    1.47696e-13    0.00257117
-0.00204897    -0.00123167    0.000355996    -2.57327e-13    1.4772e-13    0.00247396
-0.00197175    -0.00118478    0.000342541    -2.57314e-13    1.47744e-13    0.00238045
-0.00189745    -0.00113969    0.000329596    -2.573e-13    1.47768e-13    0.00229049
-0.00182584    -0.00109627    0.000317124    -2.57287e-13    1.47789e-13    0.00220382
-0.00175703    -0.00105458    0.00030514    -2.57275e-13    1.47811e-13    0.00212054
-0.00169078    -0.00101447    0.000293606    -2.57263e-13    1.47832e-13    0.00204038
-0.00162698    -0.00097587    0.000282501    -2.57252e-13    1.47852e-13    0.00196321
-0.00156558    -0.00093874    0.000271814    -2.57241e-13    1.47871e-13    0.00188894
-0.00150136    -0.000899936    0.00026064    -2.57229e-13    1.47891e-13    0.00181129
-0.00144474    -0.000865742    0.000250789    -2.57219e-13    1.47908e-13    0.00174283
-0.00139023    -0.00083284    0.000241306    -2.57209e-13    1.47925e-13    0.00167693
-0.00133777    -0.000801199    0.000232184    -2.572e-13    1.47941e-13    0.00161353
-0.00128725    -0.000770737    0.000223397    -2.57191e-13    1.47957e-13    0.00155248
-0.00123866    -0.000741458    0.00021495    -2.57182e-13    1.47973e-13    0.00149377
-0.00119193    -0.000713316    0.000206827    -2.57174e-13    1.47987e-13    0.00143732
-0.00114694    -0.000686231    0.000199007    -2.57166e-13    1.48001e-13    0.00138297
-0.00110362    -0.000660161    0.000191477    -2.57158e-13    1.48014e-13    0.00133065
-0.00106196    -0.000635107    0.000184239    -2.57151e-13    1.48027e-13    0.00128035
-0.00102183    -0.000610978    0.000177265    -2.57143e-13    1.4804e-13    0.00123189
-0.000983219    -0.000587775    0.000170558    -2.57137e-13    1.48052e-13    0.00118527
-0.000946092    -0.000565472    0.000164108    -2.5713e-13    1.48063e-13    0.00114045
-0.000910387    -0.000544031    0.000157907    -2.57124e-13    1.48075e-13    0.00109735
-0.000876006    -0.000523392    0.000151935    -2.57117e-13    1.48085e-13    0.00105586
-0.000842936    -0.000503547    0.000146192    -2.57111e-13    1.48095e-13    0.00101595
-0.000811113    -0.000484457    0.000140667    -2.57106e-13    1.48105e-13    0.000977547
-0.000780465    -0.000466078    0.000135345    -2.571e-13    1.48115e-13    0.000940568
-0.000750985    -0.000448405    0.000130227    -2.57095e-13    1.48124e-13    0.000905002
-0.000722625    -0.000431408    0.000125304    -2.5709e-13    1.48133e-13    0.000870789
-0.000695337    -0.000415058    0.000120568    -2.57085e-13    1.48141e-13    0.000837872
-0.00066904    -0.000399307    0.000116003    -2.5708e-13    1.48149e-13    0.000806153
-0.000643789    -0.000384186    0.000111621    -2.57076e-13    1.48157e-13    0.000775698
-0.000619438    -0.000369608    0.000107395    -2.57072e-13    1.48165e-13    0.000746331
-0.000596032    -0.000355598    0.000103333    -2.57067e-13    1.48172e-13    0.000718104
-0.000573529    -0.000342133    9.94287e-05    -2.57063e-13    1.48179e-13    0.000690969
-0.000551842    -0.000329159    9.5666e-05    -2.57059e-13    1.48186e-13    0.000664821
-0.000530993    -0.000316689    9.20489e-05    -2.57056e-13    1.48192e-13    0.000639684
-0.000510941    -0.000304698    8.85702e-05    -2.57052e-13    1.48198e-13    0.000615509
-0.00049162    -0.000293146    8.52184e-05    -2.57049e-13    1.48204e-13    0.000592216
-0.000473044    -0.000282043    8.19962e-05    -2.57045e-13    1.4821e-13    0.000569824
-0.000455143    -0.000271345    7.88912e-05    -2.57042e-13    1.48215e-13    0.000548246
-0.000437912    -0.000261049    7.59026e-05    -2.57039e-13    1.48221e-13    0.000527477
-0.000421362    -0.000251162    7.30322e-05    -2.57036e-13    1.48226e-13    0.00050753
-0.00040545    -0.000241657    7.02726e-05    -2.57033e-13    1.48231e-13    0.000488352
-0.000390123    -0.000232503    6.76145e-05    -2.57031e-13    1.48236e-13    0.00046988
-0.000375376    -0.000223697    6.50573e-05    -2.57028e-13    1.4824e-13    0.000452109
-0.000361193    -0.000215229    6.25978e-05    -2.57025e-13    1.48245e-13    0.000435017
-0.000347537    -0.000207078    6.023e-05    -2.57023e-13    1.48249e-13    0.000418562
-0.000334408    -0.000199241    5.79535e-05    -2.57021e-13    1.48253e-13    0.000402742
-0.000321777    -0.000191703    5.57635e-05    -2.57018e-13    1.48257e-13    0.000387523
-0.000309609    -0.000184442    5.36539e-05    -2.57016e-13    1.4826e-13    0.000372862
-0.000297903    -0.000177458    5.16243e-05    -2.57014e-13    1.48264e-13    0.000358758
-0.000286648    -0.000170743    4.96731e-05    -2.57012e-13    1.48268e-13    0.000345198
-0.000275812    -0.000164279    4.77945e-05    -2.5701e-13    1.48271e-13    0.000332143
-0.000265385    -0.00015806    4.5987e-05    -2.57008e-13    1.48274e-13    0.000319582
-0.000255362    -0.000152083    4.42496e-05    -2.57006e-13    1.48277e-13    0.000307508
-0.000244985    -0.000145895    4.24507e-05    -2.57005e-13    1.48281e-13    0.000295006
-0.000235724    -0.000140373    4.08454e-05    -2.57003e-13    1.48283e-13    0.000283851
-0.000226816    -0.000135062    3.93013e-05    -2.57001e-13    1.48286e-13    0.00027312
-0.00021824    -0.00012995    3.78149e-05    -2.57e-13    1.48289e-13    0.00026279
-0.000209994    -0.000125035    3.63857e-05    -2.56998e-13    1.48291e-13    0.000252858
-0.00020206    -0.000120306    3.50106e-05    -2.56997e-13    1.48294e-13    0.000243302
-0.000194419    -0.000115752    3.36863e-05    -2.56996e-13    1.48296e-13    0.000234099
-0.000187071    -0.000111372    3.24127e-05    -2.56994e-13    1.48299e-13    0.000225248
-0.000179997    -0.000107157    3.11866e-05    -2.56993e-13    1.48301e-13    0.000216728
-0.000173189    -0.000103101    3.00069e-05    -2.56992e-13    1.48303e-13    0.000208529
-0.000166646    -9.92019e-05    2.88729e-05    -2.56991e-13    1.48305e-13    0.000200649
-0.000160349    -9.54504e-05    2.77817e-05    -2.56989e-13    1.48307e-13    0.000193066
-0.000154282    -9.18358e-05    2.67302e-05    -2.56988e-13    1.48309e-13    0.000185759
-0.000148444    -8.83585e-05    2.57186e-05    -2.56987e-13    1.48311e-13    0.000178729
-0.000142834    -8.50165e-05    2.47464e-05    -2.56986e-13    1.48312e-13    0.000171972
-0.000137422    -8.1793e-05    2.38086e-05    -2.56985e-13    1.48314e-13    0.000165455
-0.000132228    -7.86996e-05    2.29086e-05    -2.56984e-13    1.48315e-13    0.000159201
-0.000127232    -7.57242e-05    2.20429e-05    -2.56984e-13    1.48317e-13    0.000153184
-0.000122424    -7.28602e-05    2.12096e-05    -2.56983e-13    1.48319e-13    0.000147394
-0.000117797    -7.0105e-05    2.04079e-05    -2.56982e-13    1.4832e-13    0.000141822
-0.000113346    -6.74544e-05    1.96366e-05    -2.56981e-13    1.48321e-13    0.000136462
-0.000109058    -6.49013e-05    1.88937e-05    -2.5698e-13    1.48323e-13    0.000131299
-0.000104936    -6.24472e-05    1.81795e-05    -2.5698e-13    1.48324e-13    0.000126337
-0.00010097    -6.00857e-05    1.74923e-05    -2.56979e-13    1.48325e-13    0.000121561
-9.71545e-05    -5.78138e-05    1.68311e-05    -2.56978e-13    1.48326e-13    0.000116966
-9.34819e-05    -5.56273e-05    1.61948e-05    -2.56978e-13    1.48327e-13    0.000112544
-8.9948e-05    -5.35235e-05    1.55825e-05    -2.56977e-13    1.48329e-13    0.000108289
-8.65476e-05    -5.14991e-05    1.49934e-05    -2.56976e-13    1.4833e-13    0.000104195
-8.32722e-05    -4.95493e-05    1.44259e-05    -2.56976e-13    1.48331e-13    0.000100251
-8.01241e-05    -4.76753e-05    1.38804e-05    -2.56975e-13    1.48332e-13    9.64606e-05
-7.70948e-05    -4.58721e-05    1.33556e-05    -2.56975e-13    1.48333e-13    9.28132e-05
-7.41785e-05    -4.41362e-05    1.28503e-05    -2.56974e-13    1.48333e-13    8.93019e-05
-7.13729e-05    -4.24663e-05    1.23642e-05    -2.56974e-13    1.48334e-13    8.5924e-05
-6.86735e-05    -4.08596e-05    1.18966e-05    -2.56973e-13    1.48335e-13    8.26739e-05
-6.60748e-05    -3.93129e-05    1.14463e-05    -2.56973e-13    1.48336e-13    7.95451e-05
-6.35757e-05    -3.78255e-05    1.10134e-05    -2.56972e-13    1.48337e-13    7.65363e-05
-6.11741e-05    -3.63962e-05    1.05973e-05    -2.56972e-13    1.48337e-13    7.36448e-05
-5.88598e-05    -3.50188e-05    1.01964e-05    -2.56971e-13    1.48338e-13    7.08585e-05
-5.66346e-05    -3.36945e-05    9.81084e-06    -2.56971e-13    1.48339e-13    6.81794e-05
-5.44945e-05    -3.2421e-05    9.44009e-06    -2.56971e-13    1.4834e-13    6.56029e-05
-5.24339e-05    -3.11947e-05    9.0831e-06    -2.5697e-13    1.4834e-13    6.3122e-05
-5.04505e-05    -3.00144e-05    8.73949e-06    -2.5697e-13    1.48341e-13    6.07341e-05
-4.85445e-05    -2.88802e-05    8.4093e-06    -2.5697e-13    1.48341e-13    5.84395e-05
-4.67077e-05    -2.77872e-05    8.09109e-06    -2.56969e-13    1.48342e-13    5.62282e-05
-4.49411e-05    -2.6736e-05    7.78505e-06    -2.56969e-13    1.48343e-13    5.41014e-05
-4.3243e-05    -2.57255e-05    7.49087e-06    -2.56969e-13    1.48343e-13    5.2057e-05
-4.16077e-05    -2.47524e-05    7.20757e-06    -2.56968e-13    1.48344e-13    5.00882e-05
-4.00345e-05    -2.38164e-05    6.93504e-06    -2.56968e-13    1.48344e-13    4.81943e-05
-3.85212e-05    -2.29159e-05    6.67288e-06    -2.56968e-13    1.48344e-13    4.63724e-05
-3.70639e-05    -2.20488e-05    6.42041e-06    -2.56967e-13    1.48345e-13    4.4618e-05
-3.56624e-05    -2.12149e-05    6.17763e-06    -2.56967e-13    1.48345e-13    4.29308e-05
-3.43142e-05    -2.04128e-05    5.94408e-06    -2.56967e-13    1.48346e-13    4.13077e-05
-3.30155e-05    -1.96401e-05    5.7191e-06    -2.56967e-13    1.48346e-13    3.97443e-05
-3.17669e-05    -1.88972e-05    5.5028e-06    -2.56967e-13    1.48347e-13    3.82411e-05
-3.05657e-05    -1.81825e-05    5.29472e-06    -2.56966e-13    1.48347e-13    3.67951e-05
-2.94097e-05    -1.74947e-05    5.09446e-06    -2.56966e-13    1.48347e-13    3.54034e-05
-2.82972e-05    -1.68328e-05    4.90173e-06    -2.56966e-13    1.48348e-13    3.40641e-05
-2.72274e-05    -1.61964e-05    4.71641e-06    -2.56966e-13    1.48348e-13    3.27762e-05
-2.61972e-05    -1.55835e-05    4.53796e-06    -2.56966e-13    1.48348e-13    3.15361e-05
-2.52063e-05    -1.4994e-05    4.36631e-06    -2.56965e-13    1.48349e-13    3.03432e-05
-2.42539e-05    -1.44273e-05    4.20131e-06    -2.56965e-13    1.48349e-13    2.91966e-05
-2.33368e-05    -1.38818e-05    4.04246e-06    -2.56965e-13    1.48349e-13    2.80926e-05
-2.24549e-05    -1.33571e-05    3.88967e-06    -2.56965e-13    1.48349e-13    2.70309e-05
-2.1606e-05    -1.28521e-05    3.74263e-06    -2.56965e-13    1.4835e-13    2.6009e-05
-2.07891e-05    -1.23661e-05    3.60112e-06    -2.56965e-13    1.4835e-13    2.50256e-05
-2.00034e-05    -1.18987e-05    3.46502e-06    -2.56964e-13    1.4835e-13    2.40798e-05
-1.92477e-05    -1.14491e-05    3.3341e-06    -2.56964e-13    1.4835e-13    2.317e-05
-1.85198e-05    -1.10161e-05    3.20802e-06    -2.56964e-13    1.48351e-13    2.22938e-05
-1.78191e-05    -1.05993e-05    3.08664e-06    -2.56964e-13    1.48351e-13    2.14503e-05
-1.71456e-05    -1.01986e-05    2.96997e-06    -2.56964e-13    1.48351e-13    2.06395e-05
-1.64531e-05    -9.78668e-06    2.85001e-06    -2.56964e-13    1.48351e-13    1.98059e-05
-1.58311e-05    -9.41667e-06    2.74227e-06    -2.56964e-13    1.48352e-13    1.90571e-05
-1.52324e-05    -9.06052e-06    2.63856e-06    -2.56964e-13    1.48352e-13    1.83364e-05
-1.46563e-05    -8.71783e-06    2.53877e-06    -2.56963e-13    1.48352e-13    1.76429e-05
-1.41021e-05    -8.38813e-06    2.44276e-06    -2.56963e-13    1.48352e-13    1.69757e-05
-1.35691e-05    -8.07111e-06    2.35044e-06    -2.56963e-13    1.48352e-13    1.63341e-05
-1.30562e-05    -7.76596e-06    2.26158e-06    -2.56963e-13    1.48352e-13    1.57166e-05
-1.25626e-05    -7.47235e-06    2.17608e-06    -2.56963e-13    1.48353e-13    1.51224e-05
-1.20878e-05    -7.18994e-06    2.09384e-06    -2.56963e-13    1.48353e-13    1.45509e-05
-1.16308e-05    -6.91806e-06    2.01467e-06    -2.56963e-13    1.48353e-13    1.40007e-05
-1.11913e-05    -6.65665e-06    1.93854e-06    -2.56963e-13    1.48353e-13    1.34717e-05
-1.07684e-05    -6.40512e-06    1.8653e-06    -2.56963e-13    1.48353e-13    1.29627e-05
-1.03612e-05    -6.1629e-06    1.79476e-06    -2.56963e-13    1.48353e-13    1.24725e-05
-9.96936e-06    -5.9298e-06    1.72688e-06    -2.56963e-13    1.48353e-13    1.20008e-05
-9.59258e-06    -5.70568e-06    1.66161e-06    -2.56963e-13    1.48353e-13    1.15472e-05
-9.22967e-06    -5.48981e-06    1.59875e-06    -2.56962e-13    1.48354e-13    1.11103e-05
-8.88072e-06    -5.28225e-06    1.5383e-06    -2.56962e-13    1.48354e-13    1.06903e-05
-8.54514e-06    -5.08264e-06    1.48018e-06    -2.56962e-13    1.48354e-13    1.02863e-05
-8.22177e-06    -4.89029e-06    1.42416e-06    -2.56962e-13    1.48354e-13    9.89705e-06
-7.91094e-06    -4.7054e-06    1.37032e-06    -2.56962e-13    1.48354e-13    9.52288e-06
-7.61208e-06    -4.52763e-06    1.31855e-06    -2.56962e-13    1.48354e-13    9.16312e-06
-7.3238e-06    -4.35616e-06    1.26862e-06    -2.56962e-13    1.48354e-13    8.8161e-06
-7.04696e-06    -4.19149e-06    1.22066e-06    -2.56962e-13    1.48354e-13    8.48285e-06
-6.78064e-06    -4.03308e-06    1.17453e-06    -2.56962e-13    1.48354e-13    8.16225e-06
-6.52391e-06    -3.88037e-06    1.13006e-06    -2.56962e-13    1.48354e-13    7.85321e-06
-6.2773e-06    -3.73368e-06    1.08734e-06    -2.56962e-13    1.48354e-13    7.55635e-06
-6.04007e-06    -3.59257e-06    1.04625e-06    -2.56962e-13    1.48355e-13    7.27078e-06
-5.81158e-06    -3.45667e-06    1.00667e-06    -2.56962e-13    1.48355e-13    6.99574e-06
-5.59201e-06    -3.32607e-06    9.68634e-07    -2.56962e-13    1.48355e-13    6.73142e-06
-5.38071e-06    -3.20039e-06    9.32034e-07    -2.56962e-13    1.48355e-13    6.47707e-06
-5.17711e-06    -3.07928e-06    8.96766e-07    -2.56962e-13    1.48355e-13    6.23198e-06
-4.98139e-06    -2.96287e-06    8.62864e-07    -2.56962e-13    1.48355e-13    5.99638e-06
-4.79307e-06    -2.85086e-06    8.30243e-07    -2.56962e-13    1.48355e-13    5.76969e-06
-4.61184e-06    -2.74306e-06    7.98851e-07    -2.56962e-13    1.48355e-13    5.55153e-06
-4.43739e-06    -2.6393e-06    7.68634e-07    -2.56962e-13    1.48355e-13    5.34154e-06
-4.26974e-06    -2.53958e-06    7.39593e-07    -2.56962e-13    1.48355e-13    5.13972e-06
-4.1083e-06    -2.44355e-06    7.11627e-07    -2.56962e-13    1.48355e-13    4.94538e-06
-3.95303e-06    -2.3512e-06    6.84733e-07    -2.56962e-13    1.48355e-13    4.75848e-06
-3.80362e-06    -2.26233e-06    6.58852e-07    -2.56962e-13    1.48355e-13    4.57862e-06
-3.65981e-06    -2.1768e-06    6.33942e-07    -2.56961e-13    1.48355e-13    4.40551e-06
-3.5214e-06    -2.09447e-06    6.09967e-07    -2.56961e-13    1.48355e-13    4.2389e-06
-3.38832e-06    -2.01532e-06    5.86915e-07    -2.56961e-13    1.48355e-13    4.07871e-06
-3.26025e-06    -1.93914e-06    5.6473e-07    -2.56961e-13    1.48355e-13    3.92453e-06
-3.13699e-06    -1.86582e-06    5.4338e-07    -2.56961e-13    1.48355e-13    3.77616e-06
-3.01835e-06    -1.79526e-06    5.2283e-07    -2.56961e-13    1.48355e-13    3.63335e-06
-2.90418e-06    -1.72735e-06    5.03052e-07    -2.56961e-13    1.48356e-13    3.49591e-06
-2.79429e-06    -1.66199e-06    4.84018e-07    -2.56961e-13    1.48356e-13    3.36363e-06
-2.68866e-06    -1.59916e-06    4.65722e-07    -2.56961e-13    1.48356e-13    3.23648e-06
-2.58694e-06    -1.53866e-06    4.48102e-07    -2.56961e-13    1.48356e-13    3.11404e-06
-2.48918e-06    -1.48052e-06    4.31168e-07    -2.56961e-13    1.48356e-13    2.99636e-06
-2.39508e-06    -1.42455e-06    4.14868e-07    -2.56961e-13    1.48356e-13    2.88308e-06
-2.30453e-06    -1.37069e-06    3.99184e-07    -2.56961e-13    1.48356e-13    2.77409e-06
-2.21744e-06    -1.31889e-06    3.84098e-07    -2.56961e-13    1.48356e-13    2.66925e-06
-2.13334e-06    -1.26886e-06    3.6953e-07    -2.56961e-13    1.48356e-13    2.56801e-06
-2.05271e-06    -1.22091e-06    3.55563e-07    -2.56961e-13    1.48356e-13    2.47095e-06
-1.97514e-06    -1.17477e-06    3.42128e-07    -2.56961e-13    1.48356e-13    2.37758e-06
-1.90043e-06    -1.13034e-06    3.29187e-07    -2.56961e-13    1.48356e-13    2.28765e-06
-1.8286e-06    -1.08761e-06    3.16744e-07    -2.56961e-13    1.48356e-13    2.20118e-06
-1.75947e-06    -1.0465e-06    3.0477e-07    -2.56961e-13    1.48356e-13    2.11797e-06
-1.69297e-06    -1.00694e-06    2.93251e-07    -2.56961e-13    1.48356e-13    2.03792e-06
-1.62896e-06    -9.68869e-07    2.82163e-07    -2.56961e-13    1.48356e-13    1.96086e-06
-1.56741e-06    -9.32261e-07    2.71502e-07    -2.56961e-13    1.48356e-13    1.88677e-06
-1.50819e-06    -8.97038e-07    2.61244e-07    -2.56961e-13    1.48356e-13    1.81549e-06
-1.45115e-06    -8.6311e-07    2.51363e-07    -2.56961e-13    1.48356e-13    1.74682e-06
-1.3963e-06    -8.30484e-07    2.41861e-07    -2.56961e-13    1.48356e-13    1.68079e-06
-1.34354e-06    -7.99108e-07    2.32724e-07    -2.56961e-13    1.48356e-13    1.61729e-06
-1.2927e-06    -7.68867e-07    2.23917e-07    -2.56961e-13    1.48356e-13    1.55609e-06
-1.24383e-06    -7.39801e-07    2.15452e-07    -2.56961e-13    1.48356e-13    1.49726e-06
-1.19682e-06    -7.11837e-07    2.07308e-07    -2.56961e-13    1.48356e-13    1.44067e-06
-1.15148e-06    -6.84872e-07    1.99455e-07    -2.56961e-13    1.48356e-13    1.38609e-06
-1.10796e-06    -6.5899e-07    1.91918e-07    -2.56961e-13    1.48356e-13    1.33371e-06
