444.692    17.1471    45.2449    0    180    -62.8847
444.692    17.1471    45.2449    0    180    -62.8847
444.692    17.1471    45.2449    0    180    -62.8847
444.692    17.1471    45.2449    0    180    -62.8847
444.692    17.1471    45.2449    0    180    -62.8847
444.692    17.1471    45.2449    0    180    -62.8847
444.692    17.1471    45.2449    0    180    -62.8847
444.692    17.1471    45.2449    0    180    -62.8847
444.692    17.1471    45.2449    0    180    -62.8847
444.692    17.1471    45.2449    0    180    -62.8847
444.692    17.1471    45.2449    0    180    -62.8847
444.692    17.1471    45.2449    0    180    -62.8847
444.692    17.1471    45.2449    0    180    -62.8847
444.692    17.1471    45.2449    0    180    -62.8847
444.692    17.1471    45.2449    0    180    -62.8847
444.692    17.1471    45.2449    0    180    -62.8847
444.692    17.1471    45.2449    0    180    -62.8847
444.692    17.1471    45.2449    0    180    -62.8847
444.692    17.1471    45.2449    0    180    -62.8847
444.692    17.1471    45.2449    0    180    -62.8847
444.692    17.1471    45.2449    0    180    -62.8847
444.692    17.1471    45.2449    0    180    -62.8847
444.692    17.1471    45.2449    0    180    -62.8847
444.692    17.1471    45.2449    0    180    -62.8847
444.692    17.1471    45.2449    0    180    -62.8847
444.692    17.1471    45.2449    0    180    -62.8847
444.692    17.1471    45.2449    0    180    -62.8847
444.692    17.1471    45.2449    0    180    -62.8847
444.692    17.1471    45.2449    0    180    -62.8847
444.692    17.1471    45.2449    0    180    -62.8847
444.692    17.1471    45.2449    0    180    -62.8847
444.692    17.1471    45.2449    0    180    -62.8847
444.692    17.1471    45.2449    0    180    -62.8847
444.692    17.1471    45.2449    0    180    -62.8847
444.692    17.1471    45.2449    0    180    -62.8847
444.692    17.1471    45.2449    0    180    -62.8847
444.692    17.1471    45.2449    0    180    -62.8847
444.692    17.1471    45.2449    0    180    -62.8847
444.692    17.1471    45.2449    0    180    -62.8847
444.692    17.1471    45.2449    0    180    -62.8847
444.692    17.1471    45.2449    0    180    -62.8847
444.692    17.1471    45.2449    0    180    -62.8847
444.692    17.1471    45.2449    0    180    -62.8847
444.692    17.1471    45.2449    0    180    -62.8847
444.692    17.1471    45.2449    0    180    -62.8847
444.692    17.1471    45.2449    0    180    -62.8847
444.692    17.1471    45.2449    0    180    -62.8847
444.692    17.1471    45.2449    0    180    -62.8847
444.692    17.1471    45.2449    0    180    -62.8847
444.692    17.1471    45.2449    0    180    -62.8847
444.692    17.1471    45.2449    0    180    -62.8847
445.349    17.5185    45.1322    0    180    -62.8398
445.815    17.7816    45.0524    0    180    -62.808
446.32    18.0667    44.9659    0    180    -62.7736
447.007    18.4552    44.848    0    180    -62.7267
447.776    18.8896    44.7163    0    180    -62.6742
448.317    19.1956    44.6234    0    180    -62.6373
448.741    19.435    44.5508    0    180    -62.6083
449.143    19.6616    44.482    0    180    -62.5809
449.708    19.981    44.3851    0    180    -62.5423
450.115    20.2105    44.3154    0    180    -62.5146
450.584    20.4755    44.235    0    180    -62.4826
451.478    20.9813    44.0816    0    180    -62.4215
452.164    21.3689    43.964    0    180    -62.3747
452.82    21.7393    43.8516    0    180    -62.3299
453.264    21.9896    43.7756    0    180    -62.2997
453.792    22.2883    43.685    0    180    -62.2636
454.26    22.552    43.6049    0    180    -62.2317
454.845    22.8828    43.5045    0    180    -62.1917
455.342    23.1629    43.4195    0    180    -62.1579
455.878    23.4658    43.3276    0    180    -62.1213
456.364    23.7399    43.2444    0    180    -62.0882
456.692    23.9249    43.1882    0    180    -62.0658
457.136    24.1757    43.112    0    180    -62.0355
457.721    24.5061    43.0117    0    180    -61.9955
458.295    24.83    42.9134    0    180    -61.9564
458.798    25.1142    42.8272    0    180    -61.922
459.169    25.3231    42.7637    0    180    -61.8968
459.662    25.6012    42.6793    0    180    -61.8632
460.118    25.8589    42.6011    0    180    -61.832
460.492    26.0695    42.5371    0    180    -61.8065
460.946    26.326    42.4592    0    180    -61.7755
461.258    26.5018    42.4058    0    180    -61.7543
461.636    26.7149    42.3411    0    180    -61.7285
462.12    26.9882    42.2581    0    180    -61.6955
462.583    27.2491    42.1789    0    180    -61.6639
462.915    27.4364    42.122    0    180    -61.6413
463.219    27.6078    42.07    0    180    -61.6205
463.676    27.8657    41.9916    0    180    -61.5894
463.998    28.0473    41.9365    0    180    -61.5674
464.393    28.2701    41.8688    0    180    -61.5405
464.842    28.5231    41.792    0    180    -61.5099
465.201    28.7254    41.7306    0    180    -61.4854
465.634    28.9701    41.6562    0    180    -61.4558
466.038    29.1976    41.5871    0    180    -61.4283
466.346    29.3712    41.5344    0    180    -61.4073
466.749    29.5984    41.4654    0    180    -61.3798
467.039    29.7619    41.4157    0    180    -61.36
467.408    29.9698    41.3526    0    180    -61.3349
467.743    30.159    41.2951    0    180    -61.312
468.117    30.3696    41.2311    0    180    -61.2865
468.404    30.5313    41.182    0    180    -61.267
468.636    30.6621    41.1423    0    180    -61.2512
468.999    30.8671    41.08    0    180    -61.2264
469.351    31.0655    41.0197    0    180    -61.2024
469.56    31.1828    40.9841    0    180    -61.1882
469.893    31.3705    40.9271    0    180    -61.1655
470.179    31.5318    40.8781    0    180    -61.146
470.425    31.6703    40.836    0    180    -61.1292
470.698    31.8242    40.7892    0    180    -61.1106
470.912    31.9448    40.7526    0    180    -61.096
471.205    32.1097    40.7025    0    180    -61.0761
471.416    32.2289    40.6662    0    180    -61.0616
471.647    32.3587    40.6268    0    180    -61.0459
471.84    32.4675    40.5937    0    180    -61.0328
472.025    32.5716    40.5621    0    180    -61.0202
472.221    32.682    40.5286    0    180    -61.0068
472.455    32.8141    40.4884    0    180    -60.9908
472.666    32.9328    40.4523    0    180    -60.9765
472.838    33.0298    40.4229    0    180    -60.9647
473.112    33.1842    40.376    0    180    -60.946
473.269    33.2727    40.3491    0    180    -60.9353
473.428    33.3619    40.3219    0    180    -60.9245
473.636    33.4789    40.2864    0    180    -60.9104
473.875    33.6136    40.2455    0    180    -60.8941
474.139    33.7625    40.2002    0    180    -60.8761
474.392    33.9049    40.1569    0    180    -60.8588
474.614    34.0301    40.1189    0    180    -60.8437
474.789    34.1287    40.0889    0    180    -60.8318
475.006    34.251    40.0518    0    180    -60.817
475.174    34.3456    40.023    0    180    -60.8055
475.331    34.4338    39.9962    0    180    -60.7948
475.494    34.5258    39.9682    0    180    -60.7837
475.68    34.6303    39.9365    0    180    -60.7711
475.824    34.7114    39.9118    0    180    -60.7612
475.956    34.7858    39.8892    0    180    -60.7522
476.151    34.8954    39.8559    0    180    -60.739
476.276    34.9661    39.8344    0    180    -60.7304
476.472    35.0761    39.801    0    180    -60.7171
476.597    35.1468    39.7795    0    180    -60.7085
476.813    35.2681    39.7426    0    180    -60.6939
476.925    35.3314    39.7234    0    180    -60.6862
477.124    35.4436    39.6893    0    180    -60.6726
477.231    35.5038    39.671    0    180    -60.6653
477.383    35.589    39.6451    0    180    -60.655
477.499    35.6545    39.6252    0    180    -60.6471
477.62    35.7224    39.6045    0    180    -60.6389
477.791    35.8189    39.5752    0    180    -60.6272
477.954    35.9105    39.5474    0    180    -60.6161
478.106    35.9964    39.5213    0    180    -60.6057
478.284    36.0965    39.4908    0    180    -60.5936
478.429    36.1783    39.466    0    180    -60.5837
478.583    36.2646    39.4397    0    180    -60.5733
478.677    36.3178    39.4236    0    180    -60.5668
478.774    36.3723    39.407    0    180    -60.5602
478.902    36.4443    39.3851    0    180    -60.5515
478.992    36.4947    39.3698    0    180    -60.5454
479.08    36.5446    39.3546    0    180    -60.5394
479.178    36.5996    39.3379    0    180    -60.5327
479.295    36.6655    39.3179    0    180    -60.5247
479.438    36.7458    39.2935    0    180    -60.515
479.559    36.8141    39.2727    0    180    -60.5067
479.692    36.889    39.2499    0    180    -60.4977
479.771    36.9335    39.2364    0    180    -60.4923
479.857    36.9818    39.2217    0    180    -60.4865
480.002    37.0636    39.1969    0    180    -60.4766
480.089    37.1122    39.1821    0    180    -60.4707
480.221    37.1869    39.1594    0    180    -60.4616
480.3    37.231    39.146    0    180    -60.4563
480.436    37.3075    39.1227    0    180    -60.447
480.507    37.3476    39.1105    0    180    -60.4422
480.631    37.4171    39.0894    0    180    -60.4338
480.701    37.4566    39.0774    0    180    -60.429
480.766    37.4932    39.0663    0    180    -60.4246
480.888    37.5619    39.0454    0    180    -60.4162
480.987    37.6178    39.0284    0    180    -60.4095
481.06    37.6589    39.0159    0    180    -60.4045
481.131    37.6988    39.0038    0    180    -60.3997
481.215    37.7458    38.9895    0    180    -60.394
481.327    37.809    38.9703    0    180    -60.3863
481.432    37.868    38.9523    0    180    -60.3792
481.509    37.9116    38.9391    0    180    -60.3739
481.596    37.9605    38.9242    0    180    -60.368
481.683    38.0094    38.9093    0    180    -60.3621
481.762    38.0538    38.8958    0    180    -60.3567
481.852    38.1044    38.8804    0    180    -60.3506
481.91    38.1372    38.8705    0    180    -60.3466
481.99    38.182    38.8569    0    180    -60.3412
482.08    38.2324    38.8415    0    180    -60.3351
482.145    38.2693    38.8303    0    180    -60.3306
482.243    38.3246    38.8135    0    180    -60.3239
482.32    38.3676    38.8004    0    180    -60.3187
482.409    38.4179    38.7851    0    180    -60.3126
482.491    38.4638    38.7712    0    180    -60.3071
482.566    38.5059    38.7584    0    180    -60.302
482.613    38.5325    38.7503    0    180    -60.2987
482.691    38.5764    38.7369    0    180    -60.2934
482.771    38.6216    38.7232    0    180    -60.288
482.854    38.6682    38.709    0    180    -60.2823
482.933    38.7126    38.6955    0    180    -60.2769
483.009    38.7552    38.6826    0    180    -60.2718
483.089    38.8003    38.6689    0    180    -60.2663
483.158    38.8394    38.657    0    180    -60.2616
483.233    38.8812    38.6443    0    180    -60.2565
483.309    38.9239    38.6313    0    180    -60.2514
483.371    38.9592    38.6206    0    180    -60.2471
483.427    38.9904    38.6111    0    180    -60.2433
483.47    39.0145    38.6038    0    180    -60.2404
483.535    39.0514    38.5925    0    180    -60.2359
483.602    39.0888    38.5811    0    180    -60.2314
483.648    39.1146    38.5733    0    180    -60.2283
483.704    39.1463    38.5637    0    180    -60.2244
483.746    39.17    38.5565    0    180    -60.2216
483.8    39.2004    38.5472    0    180    -60.2179
483.84    39.2231    38.5403    0    180    -60.2151
483.895    39.2538    38.531    0    180    -60.2114
483.937    39.2773    38.5238    0    180    -60.2086
483.978    39.3007    38.5167    0    180    -60.2057
484.017    39.3221    38.5102    0    180    -60.2031
484.05    39.3408    38.5045    0    180    -60.2009
484.099    39.3684    38.4961    0    180    -60.1975
484.135    39.3888    38.4899    0    180    -60.1951
484.183    39.416    38.4817    0    180    -60.1918
484.227    39.4404    38.4742    0    180    -60.1888
484.282    39.4716    38.4648    0    180    -60.1851
484.318    39.4918    38.4586    0    180    -60.1826
484.36    39.5155    38.4514    0    180    -60.1797
484.407    39.5415    38.4435    0    180    -60.1766
484.436    39.5583    38.4384    0    180    -60.1746
484.475    39.5799    38.4318    0    180    -60.1719
484.516    39.603    38.4248    0    180    -60.1691
484.565    39.6306    38.4164    0    180    -60.1658
484.601    39.6508    38.4103    0    180    -60.1634
484.634    39.6693    38.4046    0    180    -60.1611
484.678    39.6943    38.397    0    180    -60.1581
484.712    39.7135    38.3912    0    180    -60.1558
484.736    39.7268    38.3872    0    180    -60.1542
484.767    39.7443    38.3818    0    180    -60.152
484.804    39.7648    38.3756    0    180    -60.1496
484.844    39.7878    38.3686    0    180    -60.1468
484.872    39.8032    38.3639    0    180    -60.1449
484.908    39.8236    38.3577    0    180    -60.1424
484.94    39.8414    38.3523    0    180    -60.1403
484.971    39.859    38.347    0    180    -60.1382
484.998    39.8742    38.3423    0    180    -60.1363
485.033    39.8938    38.3364    0    180    -60.1339
485.057    39.9073    38.3323    0    180    -60.1323
485.089    39.9253    38.3268    0    180    -60.1301
485.109    39.9368    38.3233    0    180    -60.1287
485.137    39.9522    38.3186    0    180    -60.1269
485.169    39.9703    38.3131    0    180    -60.1247
485.2    39.9878    38.3078    0    180    -60.1226
485.23    40.0047    38.3026    0    180    -60.1205
485.255    40.0185    38.2985    0    180    -60.1188
485.276    40.0304    38.2948    0    180    -60.1174
485.304    40.0463    38.29    0    180    -60.1155
485.332    40.0621    38.2852    0    180    -60.1136
485.362    40.0786    38.2802    0    180    -60.1116
485.384    40.0912    38.2764    0    180    -60.11
485.412    40.1073    38.2715    0    180    -60.1081
485.432    40.1183    38.2681    0    180    -60.1068
485.463    40.1355    38.2629    0    180    -60.1047
485.489    40.1503    38.2584    0    180    -60.1029
485.514    40.1646    38.254    0    180    -60.1011
485.534    40.1754    38.2508    0    180    -60.0998
485.556    40.1883    38.2468    0    180    -60.0983
485.573    40.1973    38.2441    0    180    -60.0972
485.591    40.2077    38.2409    0    180    -60.0959
485.618    40.2228    38.2363    0    180    -60.0941
485.642    40.2361    38.2323    0    180    -60.0925
485.657    40.2448    38.2297    0    180    -60.0914
485.672    40.2534    38.227    0    180    -60.0904
485.691    40.2638    38.2239    0    180    -60.0891
485.712    40.2756    38.2203    0    180    -60.0877
485.733    40.2874    38.2167    0    180    -60.0863
485.754    40.2995    38.213    0    180    -60.0848
485.771    40.3088    38.2102    0    180    -60.0837
485.793    40.3212    38.2064    0    180    -60.0822
485.809    40.3302    38.2037    0    180    -60.0811
485.825    40.3393    38.2009    0    180    -60.08
485.839    40.3473    38.1985    0    180    -60.079
485.863    40.3605    38.1945    0    180    -60.0774
485.874    40.3671    38.1925    0    180    -60.0766
485.895    40.3788    38.1889    0    180    -60.0752
485.91    40.3873    38.1863    0    180    -60.0742
485.924    40.3948    38.184    0    180    -60.0733
485.939    40.4036    38.1813    0    180    -60.0722
485.961    40.4155    38.1777    0    180    -60.0708
485.981    40.4269    38.1743    0    180    -60.0694
485.999    40.4372    38.1711    0    180    -60.0681
486.017    40.447    38.1682    0    180    -60.067
486.028    40.4534    38.1662    0    180    -60.0662
486.045    40.4627    38.1634    0    180    -60.0651
486.058    40.4703    38.1611    0    180    -60.0641
486.075    40.4799    38.1582    0    180    -60.063
486.093    40.4902    38.155    0    180    -60.0617
486.111    40.5001    38.152    0    180    -60.0605
486.128    40.5096    38.1491    0    180    -60.0594
486.139    40.5156    38.1473    0    180    -60.0586
486.154    40.5245    38.1446    0    180    -60.0576
486.168    40.532    38.1423    0    180    -60.0567
486.179    40.5382    38.1404    0    180    -60.0559
486.195    40.5471    38.1377    0    180    -60.0548
486.21    40.5559    38.135    0    180    -60.0538
486.225    40.5644    38.1325    0    180    -60.0527
486.237    40.571    38.1304    0    180    -60.0519
486.249    40.5779    38.1283    0    180    -60.0511
486.258    40.583    38.1268    0    180    -60.0505
486.268    40.5884    38.1252    0    180    -60.0498
486.282    40.5962    38.1228    0    180    -60.0489
486.293    40.6024    38.1209    0    180    -60.0481
486.303    40.6083    38.1191    0    180    -60.0474
486.317    40.6157    38.1169    0    180    -60.0465
486.327    40.6216    38.1151    0    180    -60.0458
486.336    40.6266    38.1136    0    180    -60.0452
486.346    40.6321    38.1119    0    180    -60.0445
486.357    40.6385    38.1099    0    180    -60.0438
486.368    40.6448    38.108    0    180    -60.043
486.376    40.649    38.1068    0    180    -60.0425
486.386    40.6547    38.105    0    180    -60.0418
486.395    40.6599    38.1034    0    180    -60.0412
486.407    40.6663    38.1015    0    180    -60.0404
486.417    40.6722    38.0997    0    180    -60.0397
486.424    40.6761    38.0985    0    180    -60.0392
486.431    40.6802    38.0973    0    180    -60.0387
486.44    40.6851    38.0958    0    180    -60.0381
486.446    40.6887    38.0947    0    180    -60.0377
486.453    40.6923    38.0936    0    180    -60.0373
486.46    40.6966    38.0923    0    180    -60.0367
486.468    40.7008    38.091    0    180    -60.0362
486.478    40.7066    38.0892    0    180    -60.0355
486.488    40.7123    38.0875    0    180    -60.0348
486.497    40.7171    38.086    0    180    -60.0343
486.506    40.7224    38.0844    0    180    -60.0336
486.515    40.7275    38.0829    0    180    -60.033
486.523    40.7317    38.0816    0    180    -60.0325
486.529    40.7353    38.0805    0    180    -60.032
486.536    40.7391    38.0793    0    180    -60.0316
486.544    40.7435    38.078    0    180    -60.0311
486.551    40.7477    38.0767    0    180    -60.0305
486.557    40.751    38.0757    0    180    -60.0302
486.562    40.7539    38.0748    0    180    -60.0298
486.567    40.7566    38.074    0    180    -60.0295
486.572    40.7594    38.0732    0    180    -60.0291
486.579    40.7634    38.0719    0    180    -60.0286
486.585    40.7667    38.0709    0    180    -60.0282
486.591    40.7698    38.07    0    180    -60.0279
486.596    40.773    38.069    0    180    -60.0275
486.601    40.7755    38.0683    0    180    -60.0272
486.607    40.7788    38.0673    0    180    -60.0268
486.614    40.7831    38.0659    0    180    -60.0263
486.621    40.7866    38.0649    0    180    -60.0258
486.625    40.7894    38.064    0    180    -60.0255
486.632    40.793    38.063    0    180    -60.0251
486.638    40.7967    38.0618    0    180    -60.0246
486.644    40.7997    38.0609    0    180    -60.0242
486.648    40.8021    38.0602    0    180    -60.024
486.655    40.8059    38.059    0    180    -60.0235
486.661    40.8091    38.058    0    180    -60.0231
486.666    40.8121    38.0571    0    180    -60.0228
486.67    40.8144    38.0564    0    180    -60.0225
486.675    40.8174    38.0555    0    180    -60.0221
486.68    40.82    38.0547    0    180    -60.0218
486.686    40.8234    38.0537    0    180    -60.0214
486.69    40.8259    38.0529    0    180    -60.0211
486.694    40.8281    38.0523    0    180    -60.0208
486.698    40.8305    38.0516    0    180    -60.0205
486.704    40.8335    38.0506    0    180    -60.0202
486.709    40.8362    38.0498    0    180    -60.0198
486.715    40.8395    38.0488    0    180    -60.0194
486.719    40.8417    38.0481    0    180    -60.0192
486.724    40.8448    38.0472    0    180    -60.0188
486.727    40.8466    38.0467    0    180    -60.0186
486.731    40.8488    38.046    0    180    -60.0183
486.734    40.8504    38.0455    0    180    -60.0181
486.739    40.8531    38.0447    0    180    -60.0178
486.743    40.8557    38.0439    0    180    -60.0175
486.747    40.8577    38.0433    0    180    -60.0172
486.75    40.8593    38.0428    0    180    -60.017
486.754    40.862    38.042    0    180    -60.0167
486.759    40.8644    38.0412    0    180    -60.0164
486.761    40.8658    38.0408    0    180    -60.0162
486.765    40.8678    38.0402    0    180    -60.016
486.77    40.8705    38.0394    0    180    -60.0157
486.774    40.8727    38.0387    0    180    -60.0154
486.776    40.8743    38.0382    0    180    -60.0152
486.78    40.8762    38.0376    0    180    -60.015
486.784    40.8786    38.0369    0    180    -60.0147
486.786    40.8799    38.0365    0    180    -60.0145
486.789    40.8813    38.0361    0    180    -60.0144
486.792    40.883    38.0356    0    180    -60.0142
486.795    40.8845    38.0351    0    180    -60.014
486.798    40.8865    38.0345    0    180    -60.0137
486.802    40.8886    38.0339    0    180    -60.0135
486.804    40.8899    38.0335    0    180    -60.0133
486.806    40.8911    38.0331    0    180    -60.0132
486.808    40.8922    38.0328    0    180    -60.013
486.811    40.8938    38.0323    0    180    -60.0129
486.815    40.8958    38.0317    0    180    -60.0126
486.818    40.8976    38.0312    0    180    -60.0124
486.82    40.8991    38.0307    0    180    -60.0122
486.823    40.9002    38.0303    0    180    -60.0121
486.825    40.9018    38.0298    0    180    -60.0119
486.828    40.9034    38.0294    0    180    -60.0117
486.831    40.9049    38.0289    0    180    -60.0115
486.834    40.9065    38.0284    0    180    -60.0113
486.836    40.9078    38.028    0    180    -60.0112
486.838    40.909    38.0277    0    180    -60.011
486.841    40.9108    38.0271    0    180    -60.0108
486.844    40.9121    38.0267    0    180    -60.0106
486.846    40.9132    38.0264    0    180    -60.0105
486.848    40.9146    38.026    0    180    -60.0103
486.85    40.9159    38.0256    0    180    -60.0102
486.853    40.9173    38.0251    0    180    -60.01
486.855    40.9187    38.0247    0    180    -60.0098
486.857    40.9197    38.0244    0    180    -60.0097
486.86    40.9212    38.024    0    180    -60.0095
486.861    40.922    38.0237    0    180    -60.0094
486.863    40.9229    38.0234    0    180    -60.0093
486.866    40.9244    38.023    0    180    -60.0091
486.867    40.9253    38.0227    0    180    -60.009
486.869    40.9265    38.0224    0    180    -60.0089
486.871    40.9274    38.0221    0    180    -60.0088
486.873    40.9287    38.0217    0    180    -60.0086
486.875    40.9297    38.0214    0    180    -60.0085
486.877    40.9307    38.0211    0    180    -60.0084
486.879    40.932    38.0207    0    180    -60.0082
486.881    40.9329    38.0204    0    180    -60.0081
486.883    40.9342    38.02    0    180    -60.008
486.885    40.9353    38.0197    0    180    -60.0078
486.886    40.936    38.0195    0    180    -60.0078
486.888    40.9368    38.0192    0    180    -60.0077
486.89    40.9379    38.0189    0    180    -60.0075
486.891    40.939    38.0186    0    180    -60.0074
486.893    40.9401    38.0182    0    180    -60.0073
486.895    40.9409    38.018    0    180    -60.0072
486.896    40.9416    38.0177    0    180    -60.0071
486.897    40.9424    38.0175    0    180    -60.007
486.899    40.9433    38.0172    0    180    -60.0069
486.9    40.944    38.017    0    180    -60.0068
486.902    40.9449    38.0168    0    180    -60.0067
486.904    40.9459    38.0164    0    180    -60.0065
486.905    40.9469    38.0162    0    180    -60.0064
486.907    40.9475    38.016    0    180    -60.0064
486.908    40.9483    38.0157    0    180    -60.0063
486.909    40.949    38.0155    0    180    -60.0062
486.911    40.9497    38.0153    0    180    -60.0061
486.912    40.9503    38.0151    0    180    -60.006
486.913    40.9511    38.0149    0    180    -60.0059
486.914    40.9518    38.0147    0    180    -60.0058
486.915    40.9524    38.0145    0    180    -60.0058
486.917    40.9531    38.0142    0    180    -60.0057
486.918    40.9536    38.0141    0    180    -60.0056
486.919    40.9543    38.0139    0    180    -60.0055
486.92    40.9549    38.0137    0    180    -60.0055
486.921    40.9555    38.0135    0    180    -60.0054
486.922    40.9563    38.0133    0    180    -60.0053
486.923    40.9569    38.0131    0    180    -60.0052
486.925    40.9576    38.0129    0    180    -60.0051
486.926    40.9583    38.0127    0    180    -60.0051
486.927    40.9591    38.0124    0    180    -60.005
486.929    40.9598    38.0122    0    180    -60.0049
486.93    40.9605    38.012    0    180    -60.0048
486.931    40.9612    38.0118    0    180    -60.0047
486.932    40.9617    38.0116    0    180    -60.0046
486.933    40.9624    38.0114    0    180    -60.0046
486.934    40.9628    38.0113    0    180    -60.0045
486.935    40.9634    38.0111    0    180    -60.0044
486.936    40.964    38.0109    0    180    -60.0044
486.937    40.9646    38.0108    0    180    -60.0043
486.938    40.9652    38.0106    0    180    -60.0042
486.939    40.9658    38.0104    0    180    -60.0041
486.94    40.9663    38.0103    0    180    -60.0041
486.941    40.9668    38.0101    0    180    -60.004
486.942    40.9674    38.0099    0    180    -60.0039
486.943    40.968    38.0097    0    180    -60.0039
486.944    40.9686    38.0096    0    180    -60.0038
486.945    40.9689    38.0094    0    180    -60.0038
486.945    40.9693    38.0093    0    180    -60.0037
486.946    40.9696    38.0092    0    180    -60.0037
486.947    40.9701    38.0091    0    180    -60.0036
486.948    40.9705    38.009    0    180    -60.0036
486.948    40.971    38.0088    0    180    -60.0035
486.949    40.9715    38.0087    0    180    -60.0035
486.95    40.9719    38.0085    0    180    -60.0034
486.951    40.9722    38.0084    0    180    -60.0034
486.951    40.9725    38.0084    0    180    -60.0033
486.952    40.9729    38.0082    0    180    -60.0033
486.952    40.9732    38.0081    0    180    -60.0032
486.953    40.9737    38.008    0    180    -60.0032
486.954    40.9742    38.0079    0    180    -60.0031
486.955    40.9745    38.0078    0    180    -60.0031
486.955    40.9748    38.0077    0    180    -60.003
486.956    40.9753    38.0075    0    180    -60.003
486.957    40.9757    38.0074    0    180    -60.0029
486.958    40.9761    38.0073    0    180    -60.0029
486.958    40.9765    38.0072    0    180    -60.0028
486.959    40.9769    38.007    0    180    -60.0028
486.959    40.9772    38.0069    0    180    -60.0028
486.96    40.9775    38.0069    0    180    -60.0027
486.961    40.9778    38.0067    0    180    -60.0027
486.961    40.9782    38.0066    0    180    -60.0026
486.962    40.9786    38.0065    0    180    -60.0026
486.963    40.979    38.0064    0    180    -60.0025
486.963    40.9793    38.0063    0    180    -60.0025
486.964    40.9796    38.0062    0    180    -60.0025
486.964    40.9799    38.0061    0    180    -60.0024
486.965    40.9803    38.006    0    180    -60.0024
486.966    40.9806    38.0059    0    180    -60.0023
486.966    40.981    38.0058    0    180    -60.0023
486.967    40.9813    38.0057    0    180    -60.0023
486.967    40.9816    38.0056    0    180    -60.0022
486.968    40.9819    38.0055    0    180    -60.0022
486.968    40.9822    38.0054    0    180    -60.0022
486.969    40.9826    38.0053    0    180    -60.0021
486.969    40.9828    38.0052    0    180    -60.0021
486.97    40.9831    38.0051    0    180    -60.002
486.971    40.9834    38.005    0    180    -60.002
486.971    40.9837    38.0049    0    180    -60.002
486.972    40.984    38.0049    0    180    -60.0019
486.972    40.9843    38.0048    0    180    -60.0019
486.973    40.9846    38.0047    0    180    -60.0019
486.973    40.9849    38.0046    0    180    -60.0018
486.974    40.9852    38.0045    0    180    -60.0018
486.974    40.9854    38.0044    0    180    -60.0018
486.974    40.9857    38.0044    0    180    -60.0017
486.975    40.9859    38.0043    0    180    -60.0017
486.975    40.9861    38.0042    0    180    -60.0017
486.976    40.9864    38.0041    0    180    -60.0017
486.976    40.9866    38.0041    0    180    -60.0016
486.977    40.9869    38.004    0    180    -60.0016
486.977    40.987    38.0039    0    180    -60.0016
486.977    40.9872    38.0039    0    180    -60.0015
486.978    40.9874    38.0038    0    180    -60.0015
486.978    40.9876    38.0038    0    180    -60.0015
486.978    40.9878    38.0037    0    180    -60.0015
486.979    40.988    38.0036    0    180    -60.0014
486.979    40.9883    38.0036    0    180    -60.0014
486.979    40.9885    38.0035    0    180    -60.0014
486.98    40.9886    38.0035    0    180    -60.0014
486.98    40.9888    38.0034    0    180    -60.0014
486.98    40.989    38.0033    0    180    -60.0013
486.981    40.9892    38.0033    0    180    -60.0013
486.981    40.9894    38.0032    0    180    -60.0013
486.981    40.9895    38.0032    0    180    -60.0013
486.982    40.9897    38.0031    0    180    -60.0013
486.982    40.9898    38.0031    0    180    -60.0012
486.982    40.9899    38.0031    0    180    -60.0012
486.982    40.9901    38.003    0    180    -60.0012
486.983    40.9903    38.003    0    180    -60.0012
486.983    40.9904    38.0029    0    180    -60.0012
486.983    40.9905    38.0029    0    180    -60.0011
486.983    40.9907    38.0028    0    180    -60.0011
486.984    40.9908    38.0028    0    180    -60.0011
486.984    40.9909    38.0028    0    180    -60.0011
486.984    40.9911    38.0027    0    180    -60.0011
486.984    40.9912    38.0027    0    180    -60.0011
486.985    40.9914    38.0026    0    180    -60.001
486.985    40.9915    38.0026    0    180    -60.001
486.985    40.9916    38.0026    0    180    -60.001
486.985    40.9917    38.0025    0    180    -60.001
486.985    40.9918    38.0025    0    180    -60.001
486.986    40.9919    38.0025    0    180    -60.001
486.986    40.992    38.0024    0    180    -60.001
486.986    40.9922    38.0024    0    180    -60.0009
486.986    40.9923    38.0023    0    180    -60.0009
486.987    40.9924    38.0023    0    180    -60.0009
486.987    40.9926    38.0023    0    180    -60.0009
486.987    40.9927    38.0022    0    180    -60.0009
486.987    40.9928    38.0022    0    180    -60.0009
486.987    40.9929    38.0022    0    180    -60.0009
486.988    40.993    38.0021    0    180    -60.0008
486.988    40.9931    38.0021    0    180    -60.0008
486.988    40.9932    38.0021    0    180    -60.0008
486.988    40.9933    38.002    0    180    -60.0008
486.988    40.9934    38.002    0    180    -60.0008
486.988    40.9935    38.002    0    180    -60.0008
486.989    40.9936    38.002    0    180    -60.0008
486.989    40.9937    38.0019    0    180    -60.0008
486.989    40.9938    38.0019    0    180    -60.0007
486.989    40.9939    38.0019    0    180    -60.0007
486.989    40.994    38.0018    0    180    -60.0007
486.99    40.9941    38.0018    0    180    -60.0007
486.99    40.9942    38.0018    0    180    -60.0007
486.99    40.9943    38.0017    0    180    -60.0007
486.99    40.9944    38.0017    0    180    -60.0007
486.99    40.9945    38.0017    0    180    -60.0007
486.99    40.9946    38.0016    0    180    -60.0007
486.991    40.9947    38.0016    0    180    -60.0006
486.991    40.9948    38.0016    0    180    -60.0006
486.991    40.9949    38.0016    0    180    -60.0006
