444.692    17.1471    45.2449    0    180    -62.8847
444.692    17.1471    45.2449    0    180    -62.8847
444.692    17.1471    45.2449    0    180    -62.8847
444.692    17.1471    45.2449    0    180    -62.8847
444.692    17.1471    45.2449    0    180    -62.8847
444.692    17.1471    45.2449    0    180    -62.8847
444.692    17.1471    45.2449    0    180    -62.8847
444.692    17.1471    45.2449    0    180    -62.8847
444.692    17.1471    45.2449    0    180    -62.8847
444.692    17.1471    45.2449    0    180    -62.8847
444.692    17.1471    45.2449    0    180    -62.8847
444.692    17.1471    45.2449    0    180    -62.8847
444.692    17.1471    45.2449    0    180    -62.8847
444.692    17.1471    45.2449    0    180    -62.8847
444.692    17.1471    45.2449    0    180    -62.8847
444.692    17.1471    45.2449    0    180    -62.8847
444.692    17.1471    45.2449    0    180    -62.8847
444.692    17.1471    45.2449    0    180    -62.8847
444.692    17.1471    45.2449    0    180    -62.8847
444.692    17.1471    45.2449    0    180    -62.8847
444.692    17.1471    45.2449    0    180    -62.8847
444.692    17.1471    45.2449    0    180    -62.8847
444.692    17.1471    45.2449    0    180    -62.8847
444.692    17.1471    45.2449    0    180    -62.8847
444.692    17.1471    45.2449    0    180    -62.8847
444.692    17.1471    45.2449    0    180    -62.8847
444.692    17.1471    45.2449    0    180    -62.8847
444.692    17.1471    45.2449    0    180    -62.8847
444.692    17.1471    45.2449    0    180    -62.8847
444.692    17.1471    45.2449    0    180    -62.8847
444.692    17.1471    45.2449    0    180    -62.8847
444.692    17.1471    45.2449    0    180    -62.8847
444.692    17.1471    45.2449    0    180    -62.8847
444.692    17.1471    45.2449    0    180    -62.8847
444.692    17.1471    45.2449    0    180    -62.8847
444.692    17.1471    45.2449    0    180    -62.8847
444.692    17.1471    45.2449    0    180    -62.8847
444.692    17.1471    45.2449    0    180    -62.8847
444.692    17.1471    45.2449    0    180    -62.8847
444.692    17.1471    45.2449    0    180    -62.8847
444.692    17.1471    45.2449    0    180    -62.8847
444.692    17.1471    45.2449    0    180    -62.8847
444.692    17.1471    45.2449    0    180    -62.8847
444.692    17.1471    45.2449    0    180    -62.8847
444.692    17.1471    45.2449    0    180    -62.8847
444.692    17.1471    45.2449    0    180    -62.8847
444.692    17.1471    45.2449    0    180    -62.8847
444.692    17.1471    45.2449    0    180    -62.8847
444.692    17.1471    45.2449    0    180    -62.8847
444.692    17.1471    45.2449    0    180    -62.8847
444.692    17.1471    45.2449    0    180    -62.8847
444.692    17.1471    45.2449    0    180    -62.8847
444.99    17.3152    45.1939    0    180    -62.8644
445.377    17.5338    45.1275    0    180    -62.838
446.15    17.9709    44.995    0    180    -62.7852
447.094    18.5051    44.833    0    180    -62.7207
447.584    18.7817    44.7491    0    180    -62.6873
447.843    18.9278    44.7047    0    180    -62.6696
448.067    19.0541    44.6664    0    180    -62.6544
448.63    19.372    44.5699    0    180    -62.6159
448.884    19.5153    44.5264    0    180    -62.5986
449.267    19.7319    44.4606    0    180    -62.5724
450.314    20.3242    44.2811    0    180    -62.5009
451.169    20.8078    44.1344    0    180    -62.4425
451.967    21.2588    43.9976    0    180    -62.3881
452.341    21.4697    43.9336    0    180    -62.3626
452.9    21.7854    43.8378    0    180    -62.3244
453.336    22.0314    43.7631    0    180    -62.2947
454.027    22.4219    43.6446    0    180    -62.2475
454.54    22.7116    43.5567    0    180    -62.2125
455.145    23.0533    43.453    0    180    -62.1712
455.653    23.3401    43.3659    0    180    -62.1366
455.844    23.4478    43.3332    0    180    -62.1235
456.282    23.695    43.2581    0    180    -62.0936
457.017    24.11    43.1322    0    180    -62.0435
457.733    24.5145    43.0095    0    180    -61.9946
458.31    24.8401    42.9106    0    180    -61.9553
458.625    25.0177    42.8567    0    180    -61.9338
459.194    25.339    42.7592    0    180    -61.895
459.697    25.6227    42.673    0    180    -61.8607
460.035    25.8134    42.6151    0    180    -61.8376
460.55    26.1039    42.5269    0    180    -61.8025
460.778    26.2326    42.4878    0    180    -61.7869
461.149    26.4419    42.4243    0    180    -61.7616
461.74    26.7756    42.323    0    180    -61.7213
462.292    27.087    42.2284    0    180    -61.6836
462.586    27.2527    42.1781    0    180    -61.6636
462.827    27.3885    42.1368    0    180    -61.6472
463.386    27.7041    42.041    0    180    -61.609
463.677    27.8679    41.9913    0    180    -61.5892
464.121    28.1185    41.9151    0    180    -61.5589
464.682    28.4348    41.8191    0    180    -61.5207
465.063    28.6496    41.7539    0    180    -61.4947
465.537    28.9172    41.6726    0    180    -61.4623
466.019    29.1889    41.5901    0    180    -61.4295
466.318    29.3576    41.5388    0    180    -61.4091
466.81    29.6348    41.4546    0    180    -61.3755
467.078    29.7861    41.4087    0    180    -61.3572
467.508    30.0285    41.335    0    180    -61.3279
467.878    30.2372    41.2716    0    180    -61.3027
468.328    30.4905    41.1947    0    180    -61.272
468.608    30.6482    41.1468    0    180    -61.253
468.785    30.7479    41.1165    0    180    -61.2409
469.227    30.9974    41.0407    0    180    -61.2107
469.648    31.2346    40.9687    0    180    -61.182
469.791    31.3152    40.9441    0    180    -61.1723
470.186    31.5378    40.8765    0    180    -61.1453
470.491    31.7096    40.8243    0    180    -61.1246
470.722    31.8395    40.7849    0    180    -61.1089
471.009    32.0015    40.7356    0    180    -61.0892
471.184    32.0999    40.7057    0    180    -61.0773
471.517    32.2874    40.6488    0    180    -61.0547
471.695    32.3875    40.6183    0    180    -61.0425
471.912    32.5101    40.5811    0    180    -61.0277
472.06    32.5934    40.5557    0    180    -61.0176
472.196    32.6696    40.5326    0    180    -61.0084
472.356    32.7599    40.5051    0    180    -60.9975
472.596    32.8953    40.464    0    180    -60.9811
472.793    33.0059    40.4304    0    180    -60.9677
472.916    33.0756    40.4092    0    180    -60.9593
473.247    33.2618    40.3526    0    180    -60.9367
473.349    33.3192    40.3352    0    180    -60.9298
473.456    33.3793    40.3169    0    180    -60.9225
473.662    33.4953    40.2816    0    180    -60.9085
473.936    33.6496    40.2348    0    180    -60.8898
474.262    33.8334    40.1789    0    180    -60.8676
474.568    34.0056    40.1266    0    180    -60.8467
474.804    34.1387    40.0861    0    180    -60.8306
474.962    34.2276    40.0591    0    180    -60.8199
475.206    34.3652    40.0173    0    180    -60.8032
475.357    34.4498    39.9916    0    180    -60.793
475.487    34.523    39.9693    0    180    -60.7841
475.602    34.5877    39.9497    0    180    -60.7763
475.795    34.6966    39.9165    0    180    -60.7631
475.91    34.7611    39.8969    0    180    -60.7553
476.003    34.8134    39.881    0    180    -60.749
476.222    34.937    39.8435    0    180    -60.734
476.306    34.9843    39.8291    0    180    -60.7283
476.533    35.1118    39.7903    0    180    -60.7129
476.622    35.1623    39.775    0    180    -60.7067
476.873    35.3032    39.7322    0    180    -60.6897
476.942    35.342    39.7204    0    180    -60.685
477.186    35.4797    39.6785    0    180    -60.6683
477.248    35.5147    39.6679    0    180    -60.6641
477.402    35.6011    39.6416    0    180    -60.6536
477.487    35.649    39.6271    0    180    -60.6478
477.583    35.703    39.6106    0    180    -60.6413
477.783    35.8156    39.5764    0    180    -60.6277
477.967    35.9194    39.5449    0    180    -60.6151
478.134    36.013    39.5164    0    180    -60.6038
478.352    36.1362    39.4789    0    180    -60.5889
478.509    36.2243    39.4522    0    180    -60.5782
478.683    36.3222    39.4224    0    180    -60.5664
478.743    36.3557    39.4122    0    180    -60.5623
478.809    36.393    39.4009    0    180    -60.5578
478.938    36.4655    39.3788    0    180    -60.549
478.993    36.4965    39.3694    0    180    -60.5453
479.047    36.5268    39.3602    0    180    -60.5416
479.122    36.5689    39.3474    0    180    -60.5365
479.236    36.6334    39.3278    0    180    -60.5287
479.405    36.7282    39.299    0    180    -60.5172
479.532    36.7999    39.2772    0    180    -60.5085
479.684    36.8857    39.2511    0    180    -60.4981
479.731    36.9118    39.2431    0    180    -60.495
479.792    36.9465    39.2326    0    180    -60.4908
479.975    37.0491    39.2014    0    180    -60.4784
480.041    37.0861    39.1901    0    180    -60.4739
480.201    37.1766    39.1627    0    180    -60.4629
480.255    37.2065    39.1536    0    180    -60.4593
480.425    37.3025    39.1244    0    180    -60.4477
480.467    37.3261    39.1172    0    180    -60.4448
480.615    37.4095    39.0918    0    180    -60.4347
480.658    37.4337    39.0845    0    180    -60.4318
480.693    37.453    39.0786    0    180    -60.4295
480.843    37.5376    39.0529    0    180    -60.4192
480.949    37.5971    39.0348    0    180    -60.412
481.003    37.6275    39.0256    0    180    -60.4083
481.054    37.6564    39.0168    0    180    -60.4049
481.132    37.7004    39.0034    0    180    -60.3995
481.271    37.7783    38.9797    0    180    -60.3901
481.395    37.8483    38.9584    0    180    -60.3816
481.465    37.8876    38.9465    0    180    -60.3769
481.556    37.9385    38.931    0    180    -60.3707
481.648    37.9904    38.9152    0    180    -60.3644
481.725    38.0336    38.9021    0    180    -60.3592
481.825    38.0901    38.8849    0    180    -60.3523
481.863    38.1113    38.8785    0    180    -60.3498
481.945    38.1573    38.8645    0    180    -60.3442
482.048    38.2155    38.8468    0    180    -60.3372
482.104    38.2472    38.8371    0    180    -60.3333
482.228    38.3166    38.816    0    180    -60.3249
482.308    38.3618    38.8023    0    180    -60.3194
482.415    38.4221    38.784    0    180    -60.3121
482.508    38.4743    38.7681    0    180    -60.3058
482.588    38.5195    38.7543    0    180    -60.3004
482.615    38.5344    38.7498    0    180    -60.2986
482.704    38.5843    38.7346    0    180    -60.2925
482.798    38.6374    38.7185    0    180    -60.2861
482.898    38.6936    38.7014    0    180    -60.2793
482.991    38.7461    38.6854    0    180    -60.2729
483.079    38.7956    38.6704    0    180    -60.2669
483.177    38.8505    38.6537    0    180    -60.2603
483.254    38.8938    38.6405    0    180    -60.255
483.342    38.9431    38.6255    0    180    -60.2491
483.433    38.9945    38.6099    0    180    -60.2429
483.499    39.0319    38.5985    0    180    -60.2383
483.553    39.0619    38.5894    0    180    -60.2347
483.583    39.0786    38.5843    0    180    -60.2327
483.658    39.1207    38.5715    0    180    -60.2276
483.735    39.1642    38.5583    0    180    -60.2223
483.77    39.1837    38.5524    0    180    -60.2199
483.829    39.217    38.5423    0    180    -60.2159
483.861    39.2353    38.5367    0    180    -60.2137
483.917    39.2669    38.5271    0    180    -60.2099
483.948    39.284    38.5219    0    180    -60.2078
484.007    39.3172    38.5118    0    180    -60.2038
484.042    39.3369    38.5058    0    180    -60.2014
484.077    39.3567    38.4998    0    180    -60.199
484.106    39.3731    38.4948    0    180    -60.197
484.126    39.3841    38.4914    0    180    -60.1957
484.178    39.4132    38.4826    0    180    -60.1921
484.205    39.4287    38.4779    0    180    -60.1903
484.256    39.4575    38.4691    0    180    -60.1868
484.299    39.4815    38.4618    0    180    -60.1839
484.366    39.5191    38.4504    0    180    -60.1793
484.395    39.5353    38.4455    0    180    -60.1774
484.437    39.5591    38.4382    0    180    -60.1745
484.488    39.5875    38.4296    0    180    -60.171
484.507    39.5982    38.4263    0    180    -60.1697
484.543    39.6189    38.42    0    180    -60.1672
484.586    39.6426    38.4128    0    180    -60.1644
484.644    39.6754    38.4028    0    180    -60.1604
484.678    39.6944    38.3971    0    180    -60.1581
484.706    39.7101    38.3923    0    180    -60.1562
484.757    39.7388    38.3836    0    180    -60.1527
484.788    39.7565    38.3782    0    180    -60.1506
484.8    39.7632    38.3762    0    180    -60.1498
484.827    39.7783    38.3716    0    180    -60.1479
484.864    39.7994    38.3651    0    180    -60.1454
484.911    39.8258    38.3571    0    180    -60.1422
484.932    39.8375    38.3535    0    180    -60.1408
484.971    39.8594    38.3469    0    180    -60.1381
485.001    39.8765    38.3417    0    180    -60.1361
485.031    39.8933    38.3366    0    180    -60.134
485.054    39.9059    38.3328    0    180    -60.1325
485.092    39.9273    38.3262    0    180    -60.1299
485.109    39.9369    38.3233    0    180    -60.1287
485.143    39.9558    38.3176    0    180    -60.1265
485.154    39.9622    38.3156    0    180    -60.1257
485.179    39.9763    38.3113    0    180    -60.124
485.214    39.996    38.3054    0    180    -60.1216
485.248    40.0148    38.2996    0    180    -60.1193
485.279    40.0326    38.2942    0    180    -60.1171
485.3    40.0445    38.2906    0    180    -60.1157
485.316    40.0531    38.288    0    180    -60.1147
485.345    40.0697    38.2829    0    180    -60.1127
485.375    40.0863    38.2779    0    180    -60.1106
485.407    40.1045    38.2724    0    180    -60.1084
485.426    40.1151    38.2691    0    180    -60.1072
485.458    40.1329    38.2637    0    180    -60.105
485.472    40.141    38.2612    0    180    -60.104
485.508    40.1614    38.255    0    180    -60.1015
485.537    40.1774    38.2502    0    180    -60.0996
485.564    40.1925    38.2456    0    180    -60.0978
485.579    40.201    38.243    0    180    -60.0968
485.601    40.2137    38.2391    0    180    -60.0952
485.611    40.2193    38.2374    0    180    -60.0945
485.626    40.2275    38.2349    0    180    -60.0935
485.657    40.2452    38.2296    0    180    -60.0914
485.683    40.2596    38.2252    0    180    -60.0897
485.692    40.2649    38.2236    0    180    -60.089
485.702    40.2704    38.2219    0    180    -60.0883
485.718    40.2796    38.2191    0    180    -60.0872
485.74    40.2917    38.2154    0    180    -60.0858
485.762    40.3039    38.2117    0    180    -60.0843
485.785    40.3169    38.2078    0    180    -60.0827
485.798    40.3244    38.2055    0    180    -60.0818
485.823    40.3385    38.2012    0    180    -60.0801
485.836    40.3458    38.199    0    180    -60.0792
485.85    40.3536    38.1966    0    180    -60.0783
485.861    40.3595    38.1948    0    180    -60.0776
485.889    40.3755    38.1899    0    180    -60.0756
485.895    40.3789    38.1889    0    180    -60.0752
485.919    40.3925    38.1848    0    180    -60.0736
485.932    40.3998    38.1826    0    180    -60.0727
485.942    40.4052    38.1809    0    180    -60.072
485.957    40.4136    38.1783    0    180    -60.071
485.982    40.4279    38.174    0    180    -60.0693
486.006    40.4415    38.1699    0    180    -60.0676
486.027    40.453    38.1664    0    180    -60.0662
486.046    40.4635    38.1632    0    180    -60.065
486.053    40.4677    38.1619    0    180    -60.0645
486.071    40.4778    38.1588    0    180    -60.0632
486.083    40.4846    38.1567    0    180    -60.0624
486.102    40.4953    38.1535    0    180    -60.0611
486.124    40.5075    38.1498    0    180    -60.0596
486.145    40.5192    38.1462    0    180    -60.0582
486.164    40.53    38.1429    0    180    -60.0569
486.172    40.5344    38.1416    0    180    -60.0564
486.189    40.5443    38.1386    0    180    -60.0552
486.202    40.5517    38.1363    0    180    -60.0543
486.211    40.5567    38.1348    0    180    -60.0537
486.23    40.5671    38.1316    0    180    -60.0524
486.248    40.5774    38.1285    0    180    -60.0512
486.265    40.587    38.1256    0    180    -60.05
486.276    40.5933    38.1237    0    180    -60.0493
486.289    40.6001    38.1216    0    180    -60.0484
486.295    40.6036    38.1206    0    180    -60.048
486.302    40.6078    38.1193    0    180    -60.0475
486.318    40.6167    38.1166    0    180    -60.0464
486.328    40.6225    38.1148    0    180    -60.0457
486.338    40.628    38.1131    0    180    -60.045
486.353    40.6363    38.1106    0    180    -60.044
486.363    40.6418    38.1089    0    180    -60.0434
486.37    40.6458    38.1077    0    180    -60.0429
486.378    40.6502    38.1064    0    180    -60.0424
486.39    40.6568    38.1044    0    180    -60.0416
486.402    40.6637    38.1023    0    180    -60.0407
486.407    40.6664    38.1015    0    180    -60.0404
486.417    40.6722    38.0997    0    180    -60.0397
486.426    40.6772    38.0982    0    180    -60.0391
486.438    40.6843    38.096    0    180    -60.0382
486.449    40.6905    38.0941    0    180    -60.0375
486.454    40.6933    38.0933    0    180    -60.0371
486.46    40.6963    38.0924    0    180    -60.0368
486.468    40.7009    38.091    0    180    -60.0362
486.472    40.7032    38.0903    0    180    -60.0359
486.476    40.7056    38.0895    0    180    -60.0356
486.483    40.7093    38.0884    0    180    -60.0352
486.489    40.7128    38.0874    0    180    -60.0348
486.501    40.7196    38.0853    0    180    -60.034
486.513    40.7262    38.0833    0    180    -60.0332
486.522    40.7311    38.0818    0    180    -60.0326
486.532    40.737    38.08    0    180    -60.0318
486.542    40.7427    38.0783    0    180    -60.0312
486.549    40.7466    38.0771    0    180    -60.0307
486.555    40.7497    38.0761    0    180    -60.0303
486.561    40.753    38.0751    0    180    -60.0299
486.569    40.7576    38.0737    0    180    -60.0294
486.576    40.7618    38.0724    0    180    -60.0288
486.581    40.7643    38.0717    0    180    -60.0285
486.584    40.7663    38.0711    0    180    -60.0283
486.587    40.7678    38.0706    0    180    -60.0281
486.59    40.7696    38.0701    0    180    -60.0279
486.598    40.7738    38.0688    0    180    -60.0274
486.603    40.7766    38.0679    0    180    -60.027
486.607    40.7791    38.0672    0    180    -60.0267
486.612    40.7818    38.0664    0    180    -60.0264
486.615    40.7833    38.0659    0    180    -60.0262
486.62    40.7863    38.065    0    180    -60.0259
486.629    40.7914    38.0634    0    180    -60.0253
486.635    40.795    38.0624    0    180    -60.0248
486.639    40.7972    38.0617    0    180    -60.0246
486.646    40.8009    38.0606    0    180    -60.0241
486.653    40.805    38.0593    0    180    -60.0236
486.658    40.8079    38.0584    0    180    -60.0233
486.661    40.8096    38.0579    0    180    -60.0231
486.669    40.814    38.0566    0    180    -60.0225
486.675    40.8173    38.0556    0    180    -60.0221
486.68    40.8202    38.0547    0    180    -60.0218
486.683    40.8219    38.0542    0    180    -60.0216
486.688    40.8248    38.0533    0    180    -60.0212
486.693    40.8272    38.0525    0    180    -60.0209
486.699    40.831    38.0514    0    180    -60.0205
486.703    40.8332    38.0507    0    180    -60.0202
486.706    40.8349    38.0502    0    180    -60.02
486.71    40.8369    38.0496    0    180    -60.0198
486.716    40.8401    38.0486    0    180    -60.0194
486.721    40.843    38.0477    0    180    -60.019
486.728    40.847    38.0465    0    180    -60.0185
486.731    40.8488    38.046    0    180    -60.0183
486.737    40.8523    38.0449    0    180    -60.0179
486.739    40.8535    38.0446    0    180    -60.0177
486.743    40.8555    38.044    0    180    -60.0175
486.744    40.8563    38.0437    0    180    -60.0174
486.75    40.8593    38.0428    0    180    -60.017
486.755    40.8622    38.0419    0    180    -60.0167
486.758    40.8638    38.0414    0    180    -60.0165
486.759    40.8648    38.0411    0    180    -60.0164
486.765    40.8678    38.0402    0    180    -60.016
486.77    40.8705    38.0394    0    180    -60.0157
486.771    40.8713    38.0392    0    180    -60.0156
486.774    40.8731    38.0386    0    180    -60.0154
486.78    40.8763    38.0376    0    180    -60.015
486.784    40.8787    38.0369    0    180    -60.0147
486.786    40.8799    38.0365    0    180    -60.0145
486.789    40.8816    38.036    0    180    -60.0143
486.794    40.8843    38.0352    0    180    -60.014
486.796    40.8851    38.0349    0    180    -60.0139
486.797    40.886    38.0347    0    180    -60.0138
486.8    40.8875    38.0342    0    180    -60.0136
486.802    40.8887    38.0338    0    180    -60.0135
486.806    40.8908    38.0332    0    180    -60.0132
486.81    40.8931    38.0325    0    180    -60.0129
486.811    40.894    38.0322    0    180    -60.0128
486.813    40.8947    38.032    0    180    -60.0128
486.814    40.8953    38.0318    0    180    -60.0127
486.816    40.8968    38.0314    0    180    -60.0125
486.82    40.899    38.0307    0    180    -60.0122
486.824    40.9009    38.0301    0    180    -60.012
486.826    40.9023    38.0297    0    180    -60.0118
486.828    40.9031    38.0295    0    180    -60.0117
486.831    40.9048    38.029    0    180    -60.0115
486.833    40.9064    38.0285    0    180    -60.0113
486.836    40.9079    38.028    0    180    -60.0112
486.839    40.9094    38.0275    0    180    -60.011
486.841    40.9106    38.0272    0    180    -60.0108
486.843    40.9116    38.0269    0    180    -60.0107
486.846    40.9136    38.0263    0    180    -60.0105
486.849    40.9149    38.0259    0    180    -60.0103
486.85    40.9157    38.0257    0    180    -60.0102
486.853    40.9171    38.0252    0    180    -60.01
486.855    40.9184    38.0248    0    180    -60.0099
486.857    40.9199    38.0244    0    180    -60.0097
486.86    40.9213    38.0239    0    180    -60.0095
486.861    40.9221    38.0237    0    180    -60.0094
486.864    40.9238    38.0232    0    180    -60.0092
486.865    40.9243    38.023    0    180    -60.0092
486.866    40.9248    38.0229    0    180    -60.0091
486.869    40.9266    38.0223    0    180    -60.0089
486.871    40.9272    38.0221    0    180    -60.0088
486.873    40.9283    38.0218    0    180    -60.0087
486.874    40.929    38.0216    0    180    -60.0086
486.877    40.9306    38.0211    0    180    -60.0084
486.878    40.9314    38.0209    0    180    -60.0083
486.879    40.9322    38.0206    0    180    -60.0082
486.882    40.9338    38.0201    0    180    -60.008
486.884    40.9346    38.0199    0    180    -60.0079
486.886    40.936    38.0195    0    180    -60.0078
486.888    40.9372    38.0191    0    180    -60.0076
486.889    40.9375    38.019    0    180    -60.0076
486.89    40.9382    38.0188    0    180    -60.0075
486.892    40.9395    38.0184    0    180    -60.0073
486.894    40.9406    38.0181    0    180    -60.0072
486.897    40.9419    38.0177    0    180    -60.007
486.898    40.9425    38.0175    0    180    -60.007
486.899    40.9431    38.0173    0    180    -60.0069
486.9    40.9436    38.0171    0    180    -60.0068
486.901    40.9446    38.0168    0    180    -60.0067
486.902    40.945    38.0167    0    180    -60.0067
486.904    40.9461    38.0164    0    180    -60.0065
486.906    40.9472    38.0161    0    180    -60.0064
486.908    40.9482    38.0157    0    180    -60.0063
486.909    40.9487    38.0156    0    180    -60.0062
486.91    40.9494    38.0154    0    180    -60.0061
486.911    40.95    38.0152    0    180    -60.0061
486.912    40.9507    38.015    0    180    -60.006
486.913    40.9512    38.0148    0    180    -60.0059
486.914    40.9518    38.0147    0    180    -60.0058
486.916    40.9526    38.0144    0    180    -60.0057
486.916    40.953    38.0143    0    180    -60.0057
486.918    40.9538    38.0141    0    180    -60.0056
486.918    40.954    38.014    0    180    -60.0056
486.919    40.9546    38.0138    0    180    -60.0055
486.92    40.9552    38.0136    0    180    -60.0054
486.921    40.9557    38.0135    0    180    -60.0054
486.923    40.9566    38.0132    0    180    -60.0053
486.924    40.9571    38.0131    0    180    -60.0052
486.925    40.9578    38.0128    0    180    -60.0051
486.926    40.9585    38.0126    0    180    -60.005
486.928    40.9595    38.0123    0    180    -60.0049
486.929    40.9603    38.0121    0    180    -60.0048
486.931    40.9611    38.0118    0    180    -60.0047
486.932    40.9619    38.0116    0    180    -60.0046
486.933    40.9623    38.0115    0    180    -60.0046
486.934    40.963    38.0112    0    180    -60.0045
486.935    40.9632    38.0112    0    180    -60.0045
486.936    40.9638    38.011    0    180    -60.0044
486.937    40.9646    38.0108    0    180    -60.0043
486.938    40.9652    38.0106    0    180    -60.0042
486.939    40.9659    38.0104    0    180    -60.0041
486.94    40.9664    38.0102    0    180    -60.0041
486.941    40.9669    38.0101    0    180    -60.004
486.942    40.9674    38.0099    0    180    -60.004
486.943    40.968    38.0097    0    180    -60.0039
486.944    40.9687    38.0095    0    180    -60.0038
486.945    40.9693    38.0093    0    180    -60.0037
486.946    40.9695    38.0093    0    180    -60.0037
486.946    40.9697    38.0092    0    180    -60.0037
486.946    40.9699    38.0092    0    180    -60.0036
486.947    40.9705    38.009    0    180    -60.0036
486.948    40.9708    38.0089    0    180    -60.0035
486.949    40.9713    38.0087    0    180    -60.0035
486.95    40.9718    38.0086    0    180    -60.0034
486.951    40.9723    38.0084    0    180    -60.0034
486.951    40.9724    38.0084    0    180    -60.0033
486.951    40.9726    38.0083    0    180    -60.0033
486.952    40.9729    38.0082    0    180    -60.0033
486.952    40.9732    38.0082    0    180    -60.0032
486.953    40.9737    38.008    0    180    -60.0032
486.954    40.9743    38.0078    0    180    -60.0031
486.955    40.9745    38.0078    0    180    -60.0031
486.955    40.9748    38.0077    0    180    -60.003
486.956    40.9753    38.0075    0    180    -60.003
486.957    40.9759    38.0073    0    180    -60.0029
486.958    40.9763    38.0072    0    180    -60.0029
486.958    40.9766    38.0071    0    180    -60.0028
486.959    40.9771    38.007    0    180    -60.0028
486.96    40.9773    38.0069    0    180    -60.0027
486.96    40.9775    38.0068    0    180    -60.0027
486.961    40.9779    38.0067    0    180    -60.0027
486.961    40.9783    38.0066    0    180    -60.0026
486.962    40.9787    38.0065    0    180    -60.0026
486.963    40.9792    38.0063    0    180    -60.0025
486.963    40.9794    38.0063    0    180    -60.0025
486.964    40.9797    38.0062    0    180    -60.0025
486.965    40.9801    38.0061    0    180    -60.0024
486.965    40.9805    38.0059    0    180    -60.0024
486.966    40.9809    38.0058    0    180    -60.0023
486.967    40.9813    38.0057    0    180    -60.0023
486.967    40.9817    38.0056    0    180    -60.0022
486.968    40.9819    38.0055    0    180    -60.0022
486.969    40.9823    38.0054    0    180    -60.0021
486.969    40.9826    38.0053    0    180    -60.0021
486.97    40.983    38.0052    0    180    -60.0021
486.97    40.9833    38.0051    0    180    -60.002
486.971    40.9836    38.005    0    180    -60.002
486.971    40.9839    38.0049    0    180    -60.0019
486.972    40.9843    38.0048    0    180    -60.0019
486.973    40.9846    38.0047    0    180    -60.0019
486.973    40.9849    38.0046    0    180    -60.0018
486.974    40.9852    38.0045    0    180    -60.0018
486.974    40.9855    38.0044    0    180    -60.0018
486.975    40.9859    38.0043    0    180    -60.0017
486.975    40.9861    38.0042    0    180    -60.0017
486.976    40.9864    38.0041    0    180    -60.0016
486.976    40.9866    38.0041    0    180    -60.0016
486.977    40.9869    38.004    0    180    -60.0016
486.977    40.9871    38.0039    0    180    -60.0016
486.978    40.9874    38.0038    0    180    -60.0015
486.978    40.9877    38.0038    0    180    -60.0015
486.978    40.9878    38.0037    0    180    -60.0015
486.979    40.988    38.0036    0    180    -60.0015
486.979    40.9882    38.0036    0    180    -60.0014
486.979    40.9883    38.0036    0    180    -60.0014
486.98    40.9885    38.0035    0    180    -60.0014
486.98    40.9888    38.0034    0    180    -60.0014
486.981    40.989    38.0033    0    180    -60.0013
486.981    40.9892    38.0033    0    180    -60.0013
486.981    40.9894    38.0032    0    180    -60.0013
486.981    40.9896    38.0032    0    180    -60.0013
486.982    40.9898    38.0031    0    180    -60.0012
486.982    40.9899    38.0031    0    180    -60.0012
486.982    40.9901    38.003    0    180    -60.0012
486.983    40.9902    38.003    0    180    -60.0012
486.983    40.9904    38.0029    0    180    -60.0012
486.983    40.9904    38.0029    0    180    -60.0012
486.983    40.9906    38.0029    0    180    -60.0011
486.984    40.9907    38.0028    0    180    -60.0011
486.984    40.9909    38.0028    0    180    -60.0011
486.984    40.9911    38.0027    0    180    -60.0011
486.984    40.9912    38.0027    0    180    -60.0011
486.984    40.9913    38.0026    0    180    -60.0011
486.985    40.9914    38.0026    0    180    -60.001
486.985    40.9915    38.0026    0    180    -60.001
486.985    40.9917    38.0025    0    180    -60.001
486.985    40.9918    38.0025    0    180    -60.001
486.986    40.9919    38.0025    0    180    -60.001
486.986    40.992    38.0024    0    180    -60.001
486.986    40.9921    38.0024    0    180    -60.001
486.986    40.9922    38.0024    0    180    -60.0009
486.986    40.9923    38.0023    0    180    -60.0009
486.986    40.9924    38.0023    0    180    -60.0009
486.987    40.9924    38.0023    0    180    -60.0009
486.987    40.9926    38.0023    0    180    -60.0009
486.987    40.9927    38.0022    0    180    -60.0009
486.987    40.9929    38.0022    0    180    -60.0009
486.988    40.993    38.0021    0    180    -60.0008
486.988    40.9931    38.0021    0    180    -60.0008
486.988    40.9932    38.0021    0    180    -60.0008
486.988    40.9934    38.002    0    180    -60.0008
486.988    40.9934    38.002    0    180    -60.0008
486.988    40.9934    38.002    0    180    -60.0008
486.989    40.9936    38.002    0    180    -60.0008
486.989    40.9937    38.0019    0    180    -60.0008
486.989    40.9937    38.0019    0    180    -60.0008
486.989    40.9938    38.0019    0    180    -60.0008
486.989    40.9939    38.0019    0    180    -60.0007
486.989    40.9941    38.0018    0    180    -60.0007
486.99    40.9942    38.0018    0    180    -60.0007
486.99    40.9943    38.0017    0    180    -60.0007
486.99    40.9943    38.0017    0    180    -60.0007
486.99    40.9945    38.0017    0    180    -60.0007
486.99    40.9946    38.0016    0    180    -60.0007
486.991    40.9947    38.0016    0    180    -60.0006
486.991    40.9949    38.0016    0    180    -60.0006
486.991    40.995    38.0015    0    180    -60.0006
486.991    40.995    38.0015    0    180    -60.0006
486.991    40.9951    38.0015    0    180    -60.0006
486.991    40.9951    38.0015    0    180    -60.0006
486.991    40.9952    38.0015    0    180    -60.0006
486.992    40.9953    38.0014    0    180    -60.0006
486.992    40.9954    38.0014    0    180    -60.0006
486.992    40.9955    38.0014    0    180    -60.0005
486.992    40.9956    38.0013    0    180    -60.0005
486.992    40.9957    38.0013    0    180    -60.0005
486.992    40.9957    38.0013    0    180    -60.0005
486.993    40.9958    38.0013    0    180    -60.0005
486.993    40.9959    38.0012    0    180    -60.0005
486.993    40.996    38.0012    0    180    -60.0005
486.993    40.996    38.0012    0    180    -60.0005
486.993    40.9961    38.0012    0    180    -60.0005
486.993    40.9962    38.0012    0    180    -60.0005
486.993    40.9963    38.0011    0    180    -60.0005
486.993    40.9963    38.0011    0    180    -60.0004
486.994    40.9964    38.0011    0    180    -60.0004
486.994    40.9964    38.0011    0    180    -60.0004
486.994    40.9965    38.0011    0    180    -60.0004
486.994    40.9965    38.0011    0    180    -60.0004
486.994    40.9966    38.001    0    180    -60.0004
486.994    40.9966    38.001    0    180    -60.0004
