0    0    0    0    0    0
0    0    0    0    0    0
0    0    0    0    0    0
0    0    0    0    0    0
0    0    0    0    0    0
0    0    0    0    0    0
0    0    0    0    0    0
0    0    0    0    0    0
0    0    0    0    0    0
0    0    0    0    0    0
0    0    0    0    0    0
0    0    0    0    0    0
0    0    0    0    0    0
0    0    0    0    0    0
0    0    0    0    0    0
0    0    0    0    0    0
0    0    0    0    0    0
0    0    0    0    0    0
0    0    0    0    0    0
0    0    0    0    0    0
0    0    0    0    0    0
0    0    0    0    0    0
0    0    0    0    0    0
0    0    0    0    0    0
0    0    0    0    0    0
0    0    0    0    0    0
0    0    0    0    0    0
0    0    0    0    0    0
0    0    0    0    0    0
0    0    0    0    0    0
0    0    0    0    0    0
0    0    0    0    0    0
0    0    0    0    0    0
0    0    0    0    0    0
0    0    0    0    0    0
0    0    0    0    0    0
0    0    0    0    0    0
0    0    0    0    0    0
0    0    0    0    0    0
0    0    0    0    0    0
0    0    0    0    0    0
0    0    0    0    0    0
0    0    0    0    0    0
0    0    0    0    0    0
0    0    0    0    0    0
0    0    0    0    0    0
0    0    0    0    0    0
0    0    0    0    0    0
0    0    0    0    0    0
0    0    0    0    0    0
0    0    0    0    0    0
0    0    0    0    0    0
0    0    0    0    0    0
0    0    0    0    0    0
0    0    0    0    0    0
0    0    0    0    0    0
0    0    0    0    0    0
0    0    0    0    0    0
0    0    0    0    0    0
0    0    0    0    0    0
0    0    0    0    0    0
0    0    0    0    0    0
0    0    0    0    0    0
0    0    0    0    0    0
0    0    0    0    0    0
0    0    0    0    0    0
0    0    0    0    0    0
0    0    0    0    0    0
0    0    0    0    0    0
0    0    0    0    0    0
0    0    0    0    0    0
0    0    0    0    0    0
0    0    0    0    0    0
0    0    0    0    0    0
0    0    0    0    0    0
0    0    0    0    0    0
0    0    0    0    0    0
0    0    0    0    0    0
0    0    0    0    0    0
0    0    0    0    0    0
0    0    0    0    0    0
0    0    0    0    0    0
0    0    0    0    0    0
0    0    0    0    0    0
0    0    0    0    0    0
0    0    0    0    0    0
0    0    0    0    0    0
0    0    0    0    0    0
0    0    0    0    0    0
0    0    0    0    0    0
0    0    0    0    0    0
0    0    0    0    0    0
0    0    0    0    0    0
0    0    0    0    0    0
0    0    0    0    0    0
0    0    0    0    0    0
0    0    0    0    0    0
0    0    0    0    0    0
0    0    0    0    0    0
0    0    0    0    0    0
0    0    0    0    0    0
0    0    0    0    0    0
0    0    0    0    0    0
0    0    0    0    0    0
0    0    0    0    0    0
0    0    0    0    0    0
0    0    0    0    0    0
0    0    0    0    0    0
0    0    0    0    0    0
0    0    0    0    0    0
0    0    0    0    0    0
0    0    0    0    0    0
0    0    0    0    0    0
0    0    0    0    0    0
0    0    0    0    0    0
0    0    0    0    0    0
0    0    0    0    0    0
0    0    0    0    0    0
0    0    0    0    0    0
0    0    0    0    0    0
0    0    0    0    0    0
0    0    0    0    0    0
0    0    0    0    0    0
-0.0202572    -0.0133931    0.00362244    -2.6064e-13    1.41826e-13    0.0251738
-0.0199099    -0.0131386    0.00355825    -2.60577e-13    1.41977e-13    0.0247277
-0.0194913    -0.0128332    0.00348099    -2.60499e-13    1.42086e-13    0.0241907
-0.0190176    -0.0124894    0.00339368    -2.60412e-13    1.42268e-13    0.023584
-0.0185685    -0.012165    0.00331106    -2.60329e-13    1.42417e-13    0.0230098
-0.0181979    -0.0118984    0.00324299    -2.60261e-13    1.42536e-13    0.0225368
-0.0179141    -0.0116947    0.00319089    -2.60208e-13    1.42618e-13    0.0221748
-0.0175391    -0.0114267    0.00312217    -2.60139e-13    1.42756e-13    0.0216972
-0.0172687    -0.011234    0.00307266    -2.60089e-13    1.42825e-13    0.0213531
-0.0170217    -0.0110584    0.00302747    -2.60044e-13    1.42908e-13    0.0210391
-0.0167854    -0.0108909    0.00298428    -2.60001e-13    1.43003e-13    0.020739
-0.0164739    -0.0106707    0.0029274    -2.59944e-13    1.43109e-13    0.0203437
-0.0162498    -0.0105127    0.00288652    -2.59902e-13    1.43161e-13    0.0200596
-0.0160504    -0.0103724    0.00285017    -2.59865e-13    1.43228e-13    0.019807
-0.0157174    -0.0101391    0.00278953    -2.59805e-13    1.43355e-13    0.0193855
-0.0155308    -0.0100084    0.00275556    -2.5977e-13    1.43401e-13    0.0191495
-0.0151943    -0.00977392    0.00269439    -2.59709e-13    1.43528e-13    0.0187244
-0.015005    -0.00964217    0.00266    -2.59674e-13    1.43571e-13    0.0184854
-0.0146523    -0.00939775    0.002596    -2.59609e-13    1.43705e-13    0.0180406
-0.0144886    -0.00928442    0.00256631    -2.59579e-13    1.43757e-13    0.0178343
-0.0141402    -0.00904432    0.0025032    -2.59516e-13    1.43874e-13    0.0173957
-0.0139871    -0.00893888    0.00247548    -2.59487e-13    1.43908e-13    0.0172031
-0.0137392    -0.00876869    0.00243064    -2.59442e-13    1.44002e-13    0.0168914
-0.0135651    -0.00864938    0.00239917    -2.59411e-13    1.44059e-13    0.0166728
-0.0133805    -0.00852313    0.00236582    -2.59377e-13    1.4412e-13    0.016441
-0.0130885    -0.00832409    0.00231311    -2.59324e-13    1.44215e-13    0.0160747
-0.0128156    -0.00813858    0.0022639    -2.59274e-13    1.44299e-13    0.0157327
-0.0125624    -0.00796694    0.00221828    -2.59227e-13    1.44382e-13    0.0154157
-0.0122569    -0.0077605    0.00216328    -2.59172e-13    1.44484e-13    0.0150335
-0.0120173    -0.00759899    0.00212018    -2.59128e-13    1.44548e-13    0.014734
-0.0117611    -0.00742681    0.00207415    -2.59081e-13    1.44642e-13    0.0144141
-0.0116262    -0.00733621    0.00204992    -2.59057e-13    1.44689e-13    0.0142457
-0.0114853    -0.0072418    0.00202463    -2.59031e-13    1.44731e-13    0.01407
-0.0112812    -0.00710526    0.00198801    -2.58994e-13    1.44796e-13    0.0138154
-0.0111535    -0.00701997    0.00196511    -2.58971e-13    1.44837e-13    0.0136563
-0.0110291    -0.00693694    0.00194281    -2.58948e-13    1.44875e-13    0.0135013
-0.0108839    -0.00684024    0.0019168    -2.58922e-13    1.44923e-13    0.0133206
-0.0106996    -0.00671777    0.0018838    -2.58888e-13    1.44982e-13    0.0130913
-0.0104619    -0.00656014    0.00184126    -2.58845e-13    1.45063e-13    0.0127956
-0.0102674    -0.00643147    0.00180648    -2.5881e-13    1.45123e-13    0.012554
-0.0100487    -0.00628711    0.0017674    -2.5877e-13    1.45185e-13    0.0122824
-0.00993874    -0.00621459    0.00174776    -2.5875e-13    1.45221e-13    0.0121459
-0.0098149    -0.00613303    0.00172565    -2.58728e-13    1.45261e-13    0.0119922
-0.0095703    -0.00597241    0.001682    -2.58683e-13    1.45348e-13    0.0116889
-0.00944427    -0.00588973    0.00165953    -2.5866e-13    1.45381e-13    0.0115327
-0.00922366    -0.00574539    0.00162021    -2.5862e-13    1.4545e-13    0.0112595
-0.00911295    -0.00567303    0.00160049    -2.586e-13    1.45493e-13    0.0111224
-0.00888598    -0.00552505    0.00156008    -2.58559e-13    1.45558e-13    0.0108416
-0.00878852    -0.00546156    0.00154273    -2.58541e-13    1.4559e-13    0.0107211
-0.00858589    -0.00532988    0.00150669    -2.58505e-13    1.45658e-13    0.0104706
-0.00848951    -0.00526729    0.00148956    -2.58487e-13    1.45686e-13    0.0103515
-0.00840259    -0.0052109    0.00147411    -2.58472e-13    1.45714e-13    0.0102442
-0.00820222    -0.00508121    0.00143851    -2.58435e-13    1.45783e-13    0.00999679
-0.00804657    -0.00498063    0.00141088    -2.58407e-13    1.45834e-13    0.00980474
-0.00794281    -0.00491364    0.00139246    -2.58388e-13    1.45861e-13    0.00967677
-0.00784261    -0.00484902    0.00137469    -2.5837e-13    1.45896e-13    0.00955323
-0.00771738    -0.00476838    0.00135248    -2.58348e-13    1.45932e-13    0.00939889
-0.00753433    -0.00465074    0.00132003    -2.58315e-13    1.45995e-13    0.00917338
-0.00736608    -0.00454281    0.00129022    -2.58284e-13    1.46044e-13    0.00896622
-0.00725189    -0.00446963    0.00126999    -2.58264e-13    1.46083e-13    0.00882568
-0.00711864    -0.00438437    0.0012464    -2.58239e-13    1.46125e-13    0.00866176
-0.00698491    -0.00429892    0.00122274    -2.58215e-13    1.46166e-13    0.0084973
-0.00686687    -0.00422359    0.00120186    -2.58194e-13    1.46207e-13    0.0083522
-0.00672679    -0.00413433    0.00117709    -2.58169e-13    1.46248e-13    0.00818007
-0.00664816    -0.00408427    0.00116319    -2.58154e-13    1.46273e-13    0.00808349
-0.006528    -0.00400787    0.00114196    -2.58133e-13    1.46315e-13    0.00793595
-0.00638805    -0.00391901    0.00111724    -2.58108e-13    1.46359e-13    0.00776415
-0.00629387    -0.00385927    0.00110061    -2.58091e-13    1.46389e-13    0.0076486
-0.00613677    -0.00375981    0.00107289    -2.58062e-13    1.46434e-13    0.0074559
-0.00602147    -0.00368689    0.00105254    -2.58041e-13    1.46471e-13    0.00731454
-0.00588142    -0.00359845    0.00102785    -2.58016e-13    1.46519e-13    0.0071429
-0.00575574    -0.0035192    0.00100569    -2.57994e-13    1.46558e-13    0.00698894
-0.00564319    -0.00344831    0.000985858    -2.57973e-13    1.46591e-13    0.00685111
-0.00558251    -0.0034101    0.000975167    -2.57962e-13    1.4661e-13    0.00677682
-0.00546335    -0.0033352    0.000954181    -2.57941e-13    1.46651e-13    0.00663098
-0.00533982    -0.00325764    0.000932432    -2.57919e-13    1.46689e-13    0.00647984
-0.00521172    -0.00317733    0.000909887    -2.57896e-13    1.4673e-13    0.00632316
-0.00509054    -0.00310145    0.00088857    -2.57874e-13    1.46769e-13    0.00617502
-0.0049756    -0.00302957    0.000868355    -2.57853e-13    1.46804e-13    0.00603454
-0.0048522    -0.0029525    0.000846663    -2.57831e-13    1.46842e-13    0.00588379
-0.00474885    -0.00288802    0.000828501    -2.57812e-13    1.46875e-13    0.00575758
-0.00463638    -0.00281794    0.000808742    -2.57792e-13    1.46911e-13    0.00562026
-0.00452096    -0.0027461    0.000788471    -2.57771e-13    1.46947e-13    0.00547939
-0.00442973    -0.00268938    0.000772455    -2.57755e-13    1.46976e-13    0.00536809
-0.00435163    -0.00264086    0.000758748    -2.57741e-13    1.47e-13    0.00527284
-0.00429654    -0.00260665    0.000749081    -2.57731e-13    1.47017e-13    0.00520566
-0.00419931    -0.00254634    0.000732022    -2.57713e-13    1.47047e-13    0.00508711
-0.00410068    -0.00248523    0.000714724    -2.57696e-13    1.47078e-13    0.0049669
-0.00404175    -0.00244874    0.000704391    -2.57685e-13    1.47096e-13    0.00489509
-0.0039612    -0.00239891    0.000690271    -2.57671e-13    1.47122e-13    0.00479696
-0.00390603    -0.00236479    0.0006806    -2.57661e-13    1.47139e-13    0.00472975
-0.00382935    -0.00231742    0.000667162    -2.57647e-13    1.47165e-13    0.00463637
-0.00377709    -0.00228515    0.000658007    -2.57637e-13    1.4718e-13    0.00457275
-0.00369881    -0.00223686    0.000644295    -2.57623e-13    1.47206e-13    0.00447746
-0.00364344    -0.00220271    0.000634597    -2.57613e-13    1.47223e-13    0.00441006
-0.00358822    -0.00216868    0.000624928    -2.57604e-13    1.47239e-13    0.00434287
-0.00353905    -0.0021384    0.00061632    -2.57595e-13    1.47254e-13    0.00428305
-0.00349883    -0.00211364    0.00060928    -2.57587e-13    1.47267e-13    0.00423413
-0.00342993    -0.00207125    0.00059722    -2.57575e-13    1.47289e-13    0.00415032
-0.00338331    -0.00204259    0.000589062    -2.57567e-13    1.47304e-13    0.00409362
-0.00331572    -0.00200106    0.000577237    -2.57555e-13    1.47324e-13    0.00401144
-0.00325649    -0.00196469    0.000566875    -2.57544e-13    1.47344e-13    0.00393944
-0.00317577    -0.00191517    0.000552758    -2.57529e-13    1.47368e-13    0.00384133
-0.00312994    -0.00188706    0.000544743    -2.57521e-13    1.47383e-13    0.00378563
-0.00307229    -0.00185174    0.000534664    -2.57511e-13    1.47401e-13    0.00371559
-0.00300779    -0.00181224    0.00052339    -2.57499e-13    1.4742e-13    0.00363724
-0.00297183    -0.00179022    0.000517105    -2.57493e-13    1.47432e-13    0.00359356
-0.00292041    -0.00175876    0.000508118    -2.57484e-13    1.47448e-13    0.00353111
-0.00286463    -0.00172466    0.000498373    -2.57474e-13    1.47466e-13    0.00346339
-0.00279482    -0.00168201    0.000486177    -2.57461e-13    1.47488e-13    0.00337863
-0.0027473    -0.00165299    0.000477877    -2.57453e-13    1.47502e-13    0.00332096
-0.00270529    -0.00162734    0.00047054    -2.57445e-13    1.47516e-13    0.00326997
-0.00264324    -0.00158949    0.000459706    -2.57434e-13    1.47534e-13    0.00319468
-0.00259898    -0.00156251    0.000451979    -2.57426e-13    1.47549e-13    0.00314098
-0.00257223    -0.0015462    0.000447309    -2.57421e-13    1.47557e-13    0.00310852
-0.00253258    -0.00152204    0.000440389    -2.57414e-13    1.47569e-13    0.00306044
-0.00248399    -0.00149245    0.000431907    -2.57405e-13    1.47585e-13    0.00300149
-0.00242756    -0.00145811    0.000422061    -2.57395e-13    1.47602e-13    0.00293306
-0.0023941    -0.00143775    0.000416223    -2.57389e-13    1.47613e-13    0.0028925
-0.00234532    -0.00140809    0.000407713    -2.57381e-13    1.47628e-13    0.00283336
-0.00230434    -0.00138319    0.000400565    -2.57373e-13    1.4764e-13    0.00278368
-0.00226406    -0.00135872    0.00039354    -2.57366e-13    1.47654e-13    0.00273486
-0.00223047    -0.00133831    0.000387681    -2.5736e-13    1.47664e-13    0.00269415
-0.00218381    -0.00130999    0.000379546    -2.57352e-13    1.47678e-13    0.00263761
-0.00215543    -0.00129277    0.000374598    -2.57346e-13    1.47688e-13    0.00260323
-0.00211325    -0.00126718    0.000367244    -2.57339e-13    1.477e-13    0.00255212
-0.00209037    -0.00125331    0.000363255    -2.57335e-13    1.47707e-13    0.0025244
-0.0020562    -0.0012326    0.0003573    -2.57329e-13    1.47718e-13    0.00248302
-0.00201395    -0.001207    0.000349936    -2.57321e-13    1.47732e-13    0.00243184
-0.00197323    -0.00118234    0.000342841    -2.57314e-13    1.47744e-13    0.00238253
-0.0019344    -0.00115883    0.000336075    -2.57307e-13    1.47756e-13    0.00233552
-0.00190474    -0.00114088    0.000330907    -2.57302e-13    1.47765e-13    0.0022996
-0.00188015    -0.00112601    0.000326625    -2.57297e-13    1.47773e-13    0.00226984
-0.00184394    -0.0011041    0.000320316    -2.57291e-13    1.47784e-13    0.002226
-0.00180791    -0.00108232    0.000314041    -2.57284e-13    1.47795e-13    0.0021824
-0.00176981    -0.0010593    0.000307405    -2.57277e-13    1.47807e-13    0.00213628
-0.00174313    -0.00104318    0.000302761    -2.57273e-13    1.47816e-13    0.002104
-0.00170612    -0.00102083    0.000296316    -2.57266e-13    1.47827e-13    0.00205922
-0.00168365    -0.00100726    0.000292403    -2.57262e-13    1.47834e-13    0.00203202
-0.00164337    -0.000982954    0.00028539    -2.57255e-13    1.47846e-13    0.00198329
-0.00160986    -0.000962737    0.000279557    -2.57249e-13    1.47857e-13    0.00194275
-0.00157777    -0.000943387    0.000273972    -2.57243e-13    1.47867e-13    0.00190394
-0.00155566    -0.000930059    0.000270125    -2.57239e-13    1.47874e-13    0.0018772
-0.00152743    -0.000913041    0.000265211    -2.57234e-13    1.47883e-13    0.00184306
-0.00150987    -0.000902462    0.000262156    -2.57231e-13    1.47888e-13    0.00182183
-0.00148864    -0.000889667    0.000258461    -2.57227e-13    1.47895e-13    0.00179615
-0.00145397    -0.00086879    0.00025243    -2.57221e-13    1.47905e-13    0.00175423
-0.00142428    -0.00085091    0.000247263    -2.57216e-13    1.47914e-13    0.00171833
-0.00140781    -0.000840996    0.000244398    -2.57213e-13    1.4792e-13    0.00169842
-0.00139117    -0.000830984    0.000241504    -2.5721e-13    1.47925e-13    0.00167831
-0.0013695    -0.000817944    0.000237735    -2.57206e-13    1.47932e-13    0.00165211
-0.00134374    -0.000802446    0.000233253    -2.57201e-13    1.4794e-13    0.00162097
-0.00131812    -0.00078704    0.000228798    -2.57197e-13    1.47948e-13    0.00159001
-0.00129156    -0.000771072    0.000224179    -2.57192e-13    1.47956e-13    0.00155791
-0.00127286    -0.000759833    0.000220928    -2.57188e-13    1.47962e-13    0.00153531
-0.00124515    -0.000743184    0.00021611    -2.57183e-13    1.47971e-13    0.00150183
-0.00122713    -0.000732356    0.000212976    -2.5718e-13    1.47976e-13    0.00148006
-0.00120861    -0.000721233    0.000209757    -2.57177e-13    1.47982e-13    0.00145768
-0.00119291    -0.000711802    0.000207027    -2.57174e-13    1.47987e-13    0.00143871
-0.00116321    -0.000693973    0.000201864    -2.57169e-13    1.47996e-13    0.00140283
-0.00115134    -0.000686843    0.0001998    -2.57167e-13    1.47999e-13    0.00138849
-0.00112536    -0.000671255    0.000195285    -2.57162e-13    1.48008e-13    0.00135711
-0.00110832    -0.000661028    0.000192322    -2.57159e-13    1.48013e-13    0.00133652
-0.00109392    -0.000652389    0.000189819    -2.57156e-13    1.48018e-13    0.00131913
-0.00107564    -0.000641427    0.000186643    -2.57153e-13    1.48023e-13    0.00129706
-0.00104926    -0.000625607    0.000182058    -2.57148e-13    1.48031e-13    0.00126519
-0.00102414    -0.00061055    0.000177694    -2.57144e-13    1.48039e-13    0.00123486
-0.00100199    -0.000597275    0.000173845    -2.5714e-13    1.48046e-13    0.00120812
-0.000981312    -0.000584883    0.000170252    -2.57136e-13    1.48052e-13    0.00118315
-0.000969548    -0.000577834    0.000168208    -2.57134e-13    1.48056e-13    0.00116894
-0.000949729    -0.000565962    0.000164765    -2.57131e-13    1.48062e-13    0.00114501
-0.000934607    -0.000556906    0.000162138    -2.57128e-13    1.48067e-13    0.00112676
-0.000914258    -0.000544722    0.000158603    -2.57124e-13    1.48073e-13    0.00110219
-0.00089203    -0.000531415    0.000154742    -2.5712e-13    1.4808e-13    0.00107536
-0.000870707    -0.000518654    0.000151038    -2.57116e-13    1.48087e-13    0.00104962
-0.000850606    -0.000506627    0.000147547    -2.57113e-13    1.48093e-13    0.00102536
-0.000839355    -0.000499895    0.000145593    -2.57111e-13    1.48096e-13    0.00101178
-0.000820825    -0.000488811    0.000142375    -2.57108e-13    1.48102e-13    0.000989418
-0.000805734    -0.000479785    0.000139754    -2.57105e-13    1.48107e-13    0.000971206
-0.000793941    -0.000472733    0.000137706    -2.57103e-13    1.4811e-13    0.000956974
-0.000775097    -0.000461467    0.000134434    -2.57099e-13    1.48116e-13    0.000934235
-0.000756645    -0.000450437    0.00013123    -2.57096e-13    1.48122e-13    0.000911971
-0.000739037    -0.000439913    0.000128173    -2.57093e-13    1.48128e-13    0.000890724
-0.000726001    -0.000432124    0.00012591    -2.57091e-13    1.48132e-13    0.000874996
-0.000712348    -0.000423966    0.000123539    -2.57088e-13    1.48136e-13    0.000858524
-0.000703361    -0.000418597    0.000121979    -2.57087e-13    1.48139e-13    0.000847682
-0.000693311    -0.000412594    0.000120235    -2.57085e-13    1.48142e-13    0.000835558
-0.000677275    -0.000403017    0.000117451    -2.57082e-13    1.48147e-13    0.000816213
-0.0006654    -0.000395925    0.00011539    -2.5708e-13    1.4815e-13    0.000801888
-0.000654016    -0.000389128    0.000113414    -2.57078e-13    1.48154e-13    0.000788156
-0.000639051    -0.000380193    0.000110816    -2.57075e-13    1.48159e-13    0.000770104
-0.000627808    -0.000373482    0.000108865    -2.57073e-13    1.48162e-13    0.000756543
-0.000618692    -0.000368041    0.000107283    -2.57071e-13    1.48165e-13    0.000745548
-0.000609824    -0.000362748    0.000105743    -2.5707e-13    1.48168e-13    0.000734852
-0.000597364    -0.000355313    0.000103581    -2.57068e-13    1.48171e-13    0.000719825
-0.000584775    -0.000347802    0.000101396    -2.57065e-13    1.48175e-13    0.000704642
-0.000577614    -0.000343529    0.000100153    -2.57064e-13    1.48178e-13    0.000696005
-0.000566525    -0.000336915    9.82292e-05    -2.57062e-13    1.48181e-13    0.000682633
-0.000556587    -0.000330987    9.65046e-05    -2.5706e-13    1.48184e-13    0.000670648
-0.00054394    -0.000323444    9.43101e-05    -2.57058e-13    1.48188e-13    0.000655398
-0.000532508    -0.000316627    9.23265e-05    -2.57056e-13    1.48191e-13    0.000641613
-0.000525674    -0.000312552    9.11406e-05    -2.57055e-13    1.48194e-13    0.000633372
-0.000518584    -0.000308325    8.99105e-05    -2.57054e-13    1.48196e-13    0.000624824
-0.000509441    -0.000302874    8.83242e-05    -2.57052e-13    1.48199e-13    0.000613799
-0.000503338    -0.000299236    8.72652e-05    -2.57051e-13    1.48201e-13    0.00060644
-0.00049718    -0.000295565    8.61969e-05    -2.5705e-13    1.48203e-13    0.000599016
-0.000489441    -0.000290952    8.48542e-05    -2.57048e-13    1.48205e-13    0.000589685
-0.000482086    -0.000286569    8.35781e-05    -2.57047e-13    1.48207e-13    0.000580817
-0.000470449    -0.000279634    8.15593e-05    -2.57045e-13    1.48211e-13    0.000566788
-0.000459262    -0.000272969    7.96186e-05    -2.57043e-13    1.48214e-13    0.000553301
-0.000450307    -0.000267633    7.8065e-05    -2.57041e-13    1.48217e-13    0.000542504
-0.000440074    -0.000261537    7.629e-05    -2.57039e-13    1.4822e-13    0.000530169
-0.000430205    -0.000255658    7.4578e-05    -2.57038e-13    1.48223e-13    0.000518271
-0.000422634    -0.000251149    7.32648e-05    -2.57036e-13    1.48226e-13    0.000509146
-0.000416216    -0.000247327    7.21515e-05    -2.57035e-13    1.48228e-13    0.000501409
-0.000409523    -0.000243341    7.09905e-05    -2.57034e-13    1.4823e-13    0.000493341
-0.000401313    -0.000238452    6.95665e-05    -2.57033e-13    1.48232e-13    0.000483445
-0.000393569    -0.000233841    6.82234e-05    -2.57031e-13    1.48235e-13    0.000474111
-0.00038804    -0.000230549    6.72645e-05    -2.5703e-13    1.48236e-13    0.000467447
-0.000383215    -0.000227676    6.64275e-05    -2.57029e-13    1.48238e-13    0.000461631
-0.000378904    -0.00022511    6.56799e-05    -2.57029e-13    1.48239e-13    0.000456435
-0.000374436    -0.00022245    6.4905e-05    -2.57028e-13    1.48241e-13    0.00045105
-0.000366998    -0.000218022    6.36149e-05    -2.57026e-13    1.48243e-13    0.000442085
-0.000361267    -0.000214611    6.2621e-05    -2.57025e-13    1.48245e-13    0.000435178
-0.000356033    -0.000211496    6.17133e-05    -2.57024e-13    1.48246e-13    0.00042887
-0.000350645    -0.000208289    6.07789e-05    -2.57023e-13    1.48248e-13    0.000422377
-0.000346602    -0.000205884    6.00778e-05    -2.57023e-13    1.48249e-13    0.000417505
-0.000340859    -0.000202466    5.90819e-05    -2.57022e-13    1.48251e-13    0.000410583
-0.000332619    -0.000197562    5.76528e-05    -2.5702e-13    1.48253e-13    0.000400652
-0.000326326    -0.000193818    5.65616e-05    -2.57019e-13    1.48255e-13    0.000393069
-0.00032171    -0.000191072    5.5761e-05    -2.57018e-13    1.48257e-13    0.000387505
-0.000315261    -0.000187235    5.46428e-05    -2.57017e-13    1.48259e-13    0.000379734
-0.000308456    -0.000183187    5.34628e-05    -2.57016e-13    1.48261e-13    0.000371534
-0.000303066    -0.000179981    5.25282e-05    -2.57015e-13    1.48263e-13    0.000365039
-0.00029927    -0.000177723    5.18699e-05    -2.57014e-13    1.48264e-13    0.000360464
-0.000292263    -0.000173555    5.0655e-05    -2.57013e-13    1.48266e-13    0.000352022
-0.000286551    -0.000170158    4.96646e-05    -2.57012e-13    1.48268e-13    0.000345139
-0.000281412    -0.000167102    4.87735e-05    -2.57011e-13    1.48269e-13    0.000338946
-0.000277675    -0.000164879    4.81255e-05    -2.5701e-13    1.4827e-13    0.000334443
-0.000272531    -0.00016182    4.72336e-05    -2.5701e-13    1.48272e-13    0.000328245
-0.000268019    -0.000159138    4.64514e-05    -2.57009e-13    1.48273e-13    0.000322809
-0.000261957    -0.000155533    4.54003e-05    -2.57008e-13    1.48275e-13    0.000315505
-0.000257743    -0.000153028    4.46697e-05    -2.57007e-13    1.48277e-13    0.000310427
-0.000254177    -0.000150908    4.40515e-05    -2.57006e-13    1.48278e-13    0.000306131
-0.00025035    -0.000148632    4.33879e-05    -2.57006e-13    1.48279e-13    0.00030152
-0.000245065    -0.000145491    4.24717e-05    -2.57005e-13    1.48281e-13    0.000295152
-0.000240226    -0.000142614    4.16328e-05    -2.57004e-13    1.48282e-13    0.000289323
-0.000234237    -0.000139055    4.05946e-05    -2.57003e-13    1.48284e-13    0.000282108
-0.000230669    -0.000136933    3.99759e-05    -2.57002e-13    1.48285e-13    0.000277808
-0.000225216    -0.000133693    3.90306e-05    -2.57001e-13    1.48287e-13    0.000271239
-0.000222466    -0.000132058    3.85539e-05    -2.57001e-13    1.48288e-13    0.000267926
-0.000218834    -0.0001299    3.79242e-05    -2.57e-13    1.48289e-13    0.00026355
-0.000216586    -0.000128564    3.75345e-05    -2.57e-13    1.48289e-13    0.000260842
-0.000211832    -0.000125739    3.67103e-05    -2.56999e-13    1.48291e-13    0.000255115
-0.000207215    -0.000122995    3.59101e-05    -2.56998e-13    1.48292e-13    0.000249554
-0.000204195    -0.000121201    3.53865e-05    -2.56997e-13    1.48293e-13    0.000245915
-0.000201767    -0.000119758    3.49657e-05    -2.56997e-13    1.48294e-13    0.00024299
-0.000197098    -0.000116983    3.41562e-05    -2.56996e-13    1.48295e-13    0.000237365
-0.000192963    -0.000114527    3.34396e-05    -2.56995e-13    1.48297e-13    0.000232385
-0.000190859    -0.000113277    3.30749e-05    -2.56995e-13    1.48297e-13    0.00022985
-0.000187635    -0.000111361    3.25159e-05    -2.56994e-13    1.48298e-13    0.000225965
-0.000182952    -0.000108579    3.17042e-05    -2.56994e-13    1.483e-13    0.000220325
-0.00017915    -0.000106321    3.10451e-05    -2.56993e-13    1.48301e-13    0.000215745
-0.000176762    -0.000104902    3.06312e-05    -2.56992e-13    1.48302e-13    0.000212868
-0.00017371    -0.000103089    3.01022e-05    -2.56992e-13    1.48303e-13    0.000209192
-0.000169691    -0.000100702    2.94056e-05    -2.56991e-13    1.48304e-13    0.000204351
-0.000167728    -9.95362e-05    2.90654e-05    -2.56991e-13    1.48304e-13    0.000201987
