0    0    0    0    0    0
0    0    0    0    0    0
0    0    0    0    0    0
0    0    0    0    0    0
0    0    0    0    0    0
0    0    0    0    0    0
0    0    0    0    0    0
0    0    0    0    0    0
0    0    0    0    0    0
0    0    0    0    0    0
0    0    0    0    0    0
0    0    0    0    0    0
0    0    0    0    0    0
0    0    0    0    0    0
0    0    0    0    0    0
0    0    0    0    0    0
0    0    0    0    0    0
0    0    0    0    0    0
0    0    0    0    0    0
0    0    0    0    0    0
0    0    0    0    0    0
0    0    0    0    0    0
-0.0202572    -0.0133931    0.00362244    -2.6064e-13    1.41826e-13    0.0251738
-0.01927    -0.0126754    0.00344022    -2.60459e-13    1.42181e-13    0.0239075
-0.0183292    -0.0119981    0.00326717    -2.60285e-13    1.42473e-13    0.0227049
-0.0174322    -0.0113581    0.00310268    -2.6012e-13    1.42793e-13    0.0215618
-0.0165785    -0.0107544    0.00294661    -2.59963e-13    1.43077e-13    0.0204771
-0.0157658    -0.0101845    0.00279845    -2.59814e-13    1.43344e-13    0.0194475
-0.0149609    -0.00962469    0.0026521    -2.59666e-13    1.43603e-13    0.0184305
-0.0142243    -0.00911624    0.00251853    -2.59531e-13    1.43845e-13    0.0175023
-0.0135234    -0.00863589    0.00239173    -2.59403e-13    1.44057e-13    0.0166211
-0.0128564    -0.00818191    0.00227134    -2.59281e-13    1.4428e-13    0.0157845
-0.0122219    -0.00775281    0.00215705    -2.59166e-13    1.44496e-13    0.0149902
-0.0116185    -0.00734725    0.00204858    -2.59056e-13    1.44687e-13    0.0142364
-0.0110438    -0.00696335    0.00194549    -2.58951e-13    1.44873e-13    0.01352
-0.0104971    -0.00660014    0.00184759    -2.58852e-13    1.4505e-13    0.0128396
-0.00997684    -0.00625633    0.00175457    -2.58757e-13    1.45209e-13    0.0121932
-0.0094825    -0.00593132    0.00166634    -2.58667e-13    1.45369e-13    0.01158
-0.00901213    -0.00562357    0.00158252    -2.58582e-13    1.45518e-13    0.0109975
-0.00856483    -0.00533225    0.00150292    -2.58501e-13    1.45662e-13    0.0104444
-0.00813924    -0.00505629    0.00142729    -2.58424e-13    1.45803e-13    0.0099188
-0.00773448    -0.00479493    0.00135546    -2.58351e-13    1.45926e-13    0.00941962
-0.00730147    -0.0045166    0.00127871    -2.58272e-13    1.46068e-13    0.00888627
-0.00693823    -0.00428397    0.00121441    -2.58207e-13    1.46181e-13    0.00843944
-0.0065928    -0.00406352    0.00115334    -2.58144e-13    1.46293e-13    0.00801499
-0.00626432    -0.0038546    0.00109532    -2.58085e-13    1.46397e-13    0.0076118
-0.00595198    -0.00365659    0.0010402    -2.58029e-13    1.46493e-13    0.00722879
-0.00565519    -0.00346901    0.000987884    -2.57975e-13    1.46588e-13    0.0068652
-0.00537296    -0.00329115    0.000938175    -2.57924e-13    1.46677e-13    0.00651974
-0.00510471    -0.00312257    0.000890969    -2.57876e-13    1.46764e-13    0.00619169
-0.0048497    -0.00296273    0.00084613    -2.5783e-13    1.46844e-13    0.00588009
-0.0046073    -0.00281118    0.00080354    -2.57787e-13    1.46918e-13    0.00558411
-0.0043771    -0.0026676    0.000763123    -2.57745e-13    1.46993e-13    0.00530324
-0.00415843    -0.00253152    0.000724758    -2.57706e-13    1.4706e-13    0.00503663
-0.00395055    -0.00240243    0.000688309    -2.57669e-13    1.47126e-13    0.00478333
-0.00375306    -0.00228004    0.000653703    -2.57633e-13    1.47189e-13    0.00454284
-0.00356527    -0.00216389    0.000620817    -2.57599e-13    1.47246e-13    0.0043143
-0.00338668    -0.00205363    0.000589559    -2.57567e-13    1.47303e-13    0.00409708
-0.00321714    -0.00194914    0.000559901    -2.57537e-13    1.47356e-13    0.00389097
-0.00305611    -0.00185007    0.000531745    -2.57508e-13    1.47406e-13    0.00369531
-0.00290311    -0.00175608    0.000505008    -2.5748e-13    1.47454e-13    0.0035095
-0.00275768    -0.00166688    0.000479603    -2.57454e-13    1.47499e-13    0.00333295
-0.00261949    -0.00158224    0.000455475    -2.5743e-13    1.47542e-13    0.00316528
-0.00248407    -0.00149942    0.00043184    -2.57405e-13    1.47584e-13    0.00300102
-0.00235957    -0.00142337    0.000410119    -2.57383e-13    1.47623e-13    0.00285008
-0.00224119    -0.00135114    0.000389473    -2.57362e-13    1.4766e-13    0.0027066
-0.00212871    -0.0012826    0.000369864    -2.57342e-13    1.47695e-13    0.00257033
-0.00202193    -0.00121761    0.000351255    -2.57322e-13    1.47729e-13    0.00244101
-0.00192052    -0.00115594    0.000333585    -2.57304e-13    1.47761e-13    0.00231822
-0.0018242    -0.00109743    0.000316809    -2.57287e-13    1.47791e-13    0.00220163
-0.00173258    -0.00104183    0.000300856    -2.57271e-13    1.47819e-13    0.00209077
-0.0016456    -0.000989089    0.000285715    -2.57255e-13    1.47846e-13    0.00198555
-0.001563    -0.000939047    0.000271339    -2.5724e-13    1.47871e-13    0.00188564
-0.00148454    -0.000891553    0.000257688    -2.57226e-13    1.47896e-13    0.00179077
-0.00141003    -0.000846488    0.000244728    -2.57213e-13    1.47919e-13    0.00170071
-0.00133916    -0.000803655    0.000232403    -2.572e-13    1.47941e-13    0.00161506
-0.00127192    -0.000763041    0.000220711    -2.57188e-13    1.47962e-13    0.00153381
-0.00120806    -0.000724497    0.00020961    -2.57177e-13    1.47982e-13    0.00145666
-0.00114738    -0.000687896    0.000199064    -2.57166e-13    1.48001e-13    0.00138337
-0.00108967    -0.000653106    0.000189035    -2.57156e-13    1.48019e-13    0.00131368
-0.00103492    -0.000620117    0.000179522    -2.57146e-13    1.48036e-13    0.00124757
-0.000982954    -0.000588824    0.000170494    -2.57137e-13    1.48052e-13    0.00118483
-0.000933594    -0.000559116    0.00016192    -2.57128e-13    1.48067e-13    0.00112525
-0.000886664    -0.000530884    0.00015377    -2.57119e-13    1.48082e-13    0.00106861
-0.00084212    -0.000504099    0.000146035    -2.57111e-13    1.48096e-13    0.00101486
-0.000799817    -0.000478674    0.000138691    -2.57104e-13    1.48109e-13    0.000963815
-0.00075963    -0.00045453    0.000131714    -2.57097e-13    1.48121e-13    0.000915332
-0.000721442    -0.000431597    0.000125085    -2.5709e-13    1.48133e-13    0.000869267
-0.00068517    -0.000409822    0.00011879    -2.57083e-13    1.48144e-13    0.000825518
-0.000650692    -0.000389132    0.000112807    -2.57077e-13    1.48155e-13    0.000783938
-0.000618001    -0.00036952    0.000107134    -2.57071e-13    1.48165e-13    0.000744516
-0.000586879    -0.000350856    0.000101734    -2.57066e-13    1.48175e-13    0.000706989
-0.000557384    -0.000333173    9.66167e-05    -2.5706e-13    1.48184e-13    0.000671428
-0.000529347    -0.000316369    9.1753e-05    -2.57055e-13    1.48193e-13    0.000637627
-0.000501825    -0.000299879    8.6979e-05    -2.5705e-13    1.48201e-13    0.000604451
-0.000476602    -0.00028477    8.2604e-05    -2.57046e-13    1.48209e-13    0.000574048
-0.000452652    -0.000270427    7.84502e-05    -2.57042e-13    1.48217e-13    0.000545181
-0.000429898    -0.000256804    7.45042e-05    -2.57038e-13    1.48223e-13    0.000517759
-0.000408292    -0.00024387    7.07575e-05    -2.57034e-13    1.4823e-13    0.000491721
-0.000387745    -0.000231573    6.71945e-05    -2.5703e-13    1.48236e-13    0.000466961
-0.000368252    -0.00021991    6.38147e-05    -2.57027e-13    1.48242e-13    0.000443473
-0.00034974    -0.000208835    6.06049e-05    -2.57023e-13    1.48248e-13    0.000421167
-0.000332141    -0.000198309    5.75539e-05    -2.5702e-13    1.48254e-13    0.000399964
-0.000315425    -0.000188313    5.46559e-05    -2.57017e-13    1.48259e-13    0.000379826
-0.000299561    -0.000178828    5.19058e-05    -2.57014e-13    1.48264e-13    0.000360714
-0.000284489    -0.000169817    4.92931e-05    -2.57012e-13    1.48268e-13    0.000342557
-0.00027018    -0.000161264    4.68128e-05    -2.57009e-13    1.48273e-13    0.000325321
-0.000256587    -0.00015314    4.44567e-05    -2.57007e-13    1.48277e-13    0.000308947
-0.000243682    -0.000145428    4.22199e-05    -2.57004e-13    1.48281e-13    0.000293402
-0.000231427    -0.000138106    4.0096e-05    -2.57002e-13    1.48285e-13    0.000278643
-0.000219792    -0.000131155    3.80795e-05    -2.57e-13    1.48288e-13    0.000264629
-0.000208725    -0.000124544    3.61614e-05    -2.56998e-13    1.48292e-13    0.0002513
-0.000198199    -0.000118257    3.43373e-05    -2.56996e-13    1.48295e-13    0.000238623
-0.000188233    -0.000112305    3.26103e-05    -2.56994e-13    1.48298e-13    0.000226622
-0.000178769    -0.000106653    3.09702e-05    -2.56993e-13    1.48301e-13    0.000215224
-0.000169776    -0.000101284    2.94118e-05    -2.56991e-13    1.48304e-13    0.000204394
-0.000161233    -9.61829e-05    2.79315e-05    -2.5699e-13    1.48307e-13    0.000194107
-0.000153123    -9.13416e-05    2.65263e-05    -2.56988e-13    1.48309e-13    0.000184342
-0.000145422    -8.67439e-05    2.51918e-05    -2.56987e-13    1.48311e-13    0.000175068
-0.000138107    -8.23774e-05    2.39243e-05    -2.56986e-13    1.48314e-13    0.00016626
-0.000131155    -7.8228e-05    2.27198e-05    -2.56984e-13    1.48316e-13    0.000157889
-0.000124558    -7.42909e-05    2.15769e-05    -2.56983e-13    1.48318e-13    0.000149946
-0.000118291    -7.05505e-05    2.0491e-05    -2.56982e-13    1.4832e-13    0.0001424
-0.000112343    -6.70013e-05    1.94605e-05    -2.56981e-13    1.48322e-13    0.000135239
-0.000106686    -6.36259e-05    1.84805e-05    -2.5698e-13    1.48323e-13    0.000128428
-0.000101318    -6.04226e-05    1.75504e-05    -2.56979e-13    1.48325e-13    0.000121965
-9.62233e-05    -5.73828e-05    1.66678e-05    -2.56978e-13    1.48327e-13    0.000115831
-9.13838e-05    -5.44955e-05    1.58294e-05    -2.56977e-13    1.48328e-13    0.000110005
-8.67859e-05    -5.17524e-05    1.50329e-05    -2.56976e-13    1.4833e-13    0.000104469
-8.242e-05    -4.91478e-05    1.42765e-05    -2.56976e-13    1.48331e-13    9.92131e-05
-7.8274e-05    -4.66745e-05    1.35583e-05    -2.56975e-13    1.48332e-13    9.42216e-05
-7.43365e-05    -4.43257e-05    1.28761e-05    -2.56974e-13    1.48333e-13    8.94814e-05
-7.05968e-05    -4.2095e-05    1.22283e-05    -2.56973e-13    1.48335e-13    8.49794e-05
-6.70431e-05    -3.99753e-05    1.16127e-05    -2.56973e-13    1.48336e-13    8.07013e-05
-6.36705e-05    -3.79637e-05    1.10285e-05    -2.56972e-13    1.48337e-13    7.66412e-05
-6.04691e-05    -3.60543e-05    1.04739e-05    -2.56972e-13    1.48338e-13    7.27873e-05
-5.74277e-05    -3.42404e-05    9.94706e-06    -2.56971e-13    1.48339e-13    6.9126e-05
-5.45384e-05    -3.25171e-05    9.44655e-06    -2.56971e-13    1.4834e-13    6.56478e-05
-5.1796e-05    -3.08816e-05    8.97151e-06    -2.5697e-13    1.4834e-13    6.23465e-05
-4.91893e-05    -2.93271e-05    8.51997e-06    -2.5697e-13    1.48341e-13    5.92086e-05
-4.67135e-05    -2.78506e-05    8.09111e-06    -2.56969e-13    1.48342e-13    5.62283e-05
-4.41638e-05    -2.63302e-05    7.64946e-06    -2.56969e-13    1.48343e-13    5.31591e-05
-4.19421e-05    -2.50054e-05    7.26463e-06    -2.56968e-13    1.48343e-13    5.04848e-05
-3.98332e-05    -2.37478e-05    6.89933e-06    -2.56968e-13    1.48344e-13    4.79462e-05
-3.78281e-05    -2.25521e-05    6.55201e-06    -2.56968e-13    1.48345e-13    4.55325e-05
-3.59238e-05    -2.14166e-05    6.22216e-06    -2.56967e-13    1.48345e-13    4.32402e-05
-3.41175e-05    -2.03396e-05    5.90928e-06    -2.56967e-13    1.48346e-13    4.10659e-05
-3.24016e-05    -1.93165e-05    5.61207e-06    -2.56967e-13    1.48346e-13    3.90004e-05
-3.07705e-05    -1.83439e-05    5.32955e-06    -2.56966e-13    1.48347e-13    3.70371e-05
-2.92227e-05    -1.7421e-05    5.06144e-06    -2.56966e-13    1.48347e-13    3.5174e-05
-2.77529e-05    -1.65448e-05    4.80688e-06    -2.56966e-13    1.48348e-13    3.34049e-05
-2.63571e-05    -1.57125e-05    4.56511e-06    -2.56966e-13    1.48348e-13    3.17247e-05
-2.50314e-05    -1.49221e-05    4.33547e-06    -2.56965e-13    1.48349e-13    3.01289e-05
-2.37716e-05    -1.4171e-05    4.11728e-06    -2.56965e-13    1.48349e-13    2.86126e-05
-2.2575e-05    -1.34576e-05    3.91001e-06    -2.56965e-13    1.48349e-13    2.71722e-05
-2.14397e-05    -1.27807e-05    3.71337e-06    -2.56965e-13    1.4835e-13    2.58057e-05
-2.03611e-05    -1.21377e-05    3.52655e-06    -2.56964e-13    1.4835e-13    2.45074e-05
-1.93366e-05    -1.15269e-05    3.3491e-06    -2.56964e-13    1.4835e-13    2.32742e-05
-1.83643e-05    -1.09472e-05    3.18069e-06    -2.56964e-13    1.48351e-13    2.21039e-05
-1.7441e-05    -1.03968e-05    3.02078e-06    -2.56964e-13    1.48351e-13    2.09926e-05
-1.65635e-05    -9.87368e-06    2.86879e-06    -2.56964e-13    1.48351e-13    1.99364e-05
-1.57305e-05    -9.3771e-06    2.72452e-06    -2.56964e-13    1.48352e-13    1.89337e-05
-1.49395e-05    -8.90549e-06    2.5875e-06    -2.56964e-13    1.48352e-13    1.79816e-05
-1.41881e-05    -8.45757e-06    2.45736e-06    -2.56963e-13    1.48352e-13    1.70772e-05
-1.34745e-05    -8.03215e-06    2.33376e-06    -2.56963e-13    1.48352e-13    1.62182e-05
-1.27964e-05    -7.6279e-06    2.21631e-06    -2.56963e-13    1.48352e-13    1.5402e-05
-1.21528e-05    -7.24427e-06    2.10485e-06    -2.56963e-13    1.48353e-13    1.46274e-05
-1.15417e-05    -6.87997e-06    1.99901e-06    -2.56963e-13    1.48353e-13    1.38919e-05
-1.09613e-05    -6.53395e-06    1.89847e-06    -2.56963e-13    1.48353e-13    1.31932e-05
-1.04095e-05    -6.20501e-06    1.8029e-06    -2.56963e-13    1.48353e-13    1.25291e-05
-9.88575e-06    -5.8928e-06    1.71219e-06    -2.56963e-13    1.48353e-13    1.18987e-05
-9.38868e-06    -5.59649e-06    1.6261e-06    -2.56963e-13    1.48354e-13    1.13004e-05
-8.91662e-06    -5.31509e-06    1.54434e-06    -2.56962e-13    1.48354e-13    1.07322e-05
-8.4678e-06    -5.04754e-06    1.4666e-06    -2.56962e-13    1.48354e-13    1.0192e-05
-8.04196e-06    -4.79369e-06    1.39285e-06    -2.56962e-13    1.48354e-13    9.67943e-06
-7.63757e-06    -4.55263e-06    1.3228e-06    -2.56962e-13    1.48354e-13    9.19269e-06
-7.25339e-06    -4.32362e-06    1.25627e-06    -2.56962e-13    1.48354e-13    8.73028e-06
-6.88865e-06    -4.1062e-06    1.19309e-06    -2.56962e-13    1.48354e-13    8.29128e-06
-6.54215e-06    -3.89965e-06    1.13308e-06    -2.56962e-13    1.48354e-13    7.87422e-06
-6.21312e-06    -3.70351e-06    1.07609e-06    -2.56962e-13    1.48354e-13    7.47819e-06
-5.90055e-06    -3.51719e-06    1.02196e-06    -2.56962e-13    1.48355e-13    7.10197e-06
-5.60382e-06    -3.34031e-06    9.70563e-07    -2.56962e-13    1.48355e-13    6.74482e-06
-5.3218e-06    -3.1722e-06    9.21717e-07    -2.56962e-13    1.48355e-13    6.40537e-06
-5.05391e-06    -3.01251e-06    8.75319e-07    -2.56962e-13    1.48355e-13    6.08294e-06
