444.692    17.1471    45.2449    0    180    -62.8847
444.692    17.1471    45.2449    0    180    -62.8847
444.692    17.1471    45.2449    0    180    -62.8847
444.692    17.1471    45.2449    0    180    -62.8847
444.692    17.1471    45.2449    0    180    -62.8847
444.692    17.1471    45.2449    0    180    -62.8847
444.692    17.1471    45.2449    0    180    -62.8847
444.692    17.1471    45.2449    0    180    -62.8847
444.692    17.1471    45.2449    0    180    -62.8847
444.692    17.1471    45.2449    0    180    -62.8847
444.692    17.1471    45.2449    0    180    -62.8847
444.692    17.1471    45.2449    0    180    -62.8847
444.692    17.1471    45.2449    0    180    -62.8847
444.692    17.1471    45.2449    0    180    -62.8847
444.692    17.1471    45.2449    0    180    -62.8847
444.692    17.1471    45.2449    0    180    -62.8847
444.692    17.1471    45.2449    0    180    -62.8847
444.692    17.1471    45.2449    0    180    -62.8847
444.692    17.1471    45.2449    0    180    -62.8847
444.692    17.1471    45.2449    0    180    -62.8847
444.692    17.1471    45.2449    0    180    -62.8847
444.692    17.1471    45.2449    0    180    -62.8847
444.692    17.1471    45.2449    0    180    -62.8847
444.692    17.1471    45.2449    0    180    -62.8847
444.692    17.1471    45.2449    0    180    -62.8847
444.692    17.1471    45.2449    0    180    -62.8847
444.692    17.1471    45.2449    0    180    -62.8847
444.692    17.1471    45.2449    0    180    -62.8847
444.692    17.1471    45.2449    0    180    -62.8847
444.692    17.1471    45.2449    0    180    -62.8847
444.692    17.1471    45.2449    0    180    -62.8847
444.692    17.1471    45.2449    0    180    -62.8847
444.692    17.1471    45.2449    0    180    -62.8847
444.692    17.1471    45.2449    0    180    -62.8847
444.692    17.1471    45.2449    0    180    -62.8847
444.692    17.1471    45.2449    0    180    -62.8847
444.692    17.1471    45.2449    0    180    -62.8847
444.692    17.1471    45.2449    0    180    -62.8847
444.692    17.1471    45.2449    0    180    -62.8847
444.692    17.1471    45.2449    0    180    -62.8847
444.692    17.1471    45.2449    0    180    -62.8847
444.692    17.1471    45.2449    0    180    -62.8847
444.692    17.1471    45.2449    0    180    -62.8847
444.692    17.1471    45.2449    0    180    -62.8847
444.692    17.1471    45.2449    0    180    -62.8847
444.692    17.1471    45.2449    0    180    -62.8847
444.692    17.1471    45.2449    0    180    -62.8847
444.692    17.1471    45.2449    0    180    -62.8847
445.428    17.5632    45.1187    0    180    -62.8344
445.975    17.872    45.025    0    180    -62.7972
446.695    18.2794    44.9014    0    180    -62.7479
447.318    18.6311    44.7947    0    180    -62.7055
447.842    18.9274    44.7048    0    180    -62.6697
448.38    19.2312    44.6126    0    180    -62.633
449.002    19.5823    44.5061    0    180    -62.5905
449.656    19.9522    44.3939    0    180    -62.5459
450.198    20.2584    44.301    0    180    -62.5089
450.681    20.5309    44.2183    0    180    -62.4759
451.152    20.7968    44.1376    0    180    -62.4438
451.692    21.1019    44.045    0    180    -62.4069
452.155    21.3632    43.9657    0    180    -62.3753
452.643    21.6389    43.882    0    180    -62.342
453.328    22.0257    43.7646    0    180    -62.2953
453.91    22.3546    43.6648    0    180    -62.2556
454.473    22.6725    43.5683    0    180    -62.2171
454.933    22.932    43.4895    0    180    -62.1858
455.43    23.2123    43.4045    0    180    -62.1519
455.893    23.4737    43.3251    0    180    -62.1203
456.408    23.7648    43.2368    0    180    -62.0851
456.878    24.0299    43.1563    0    180    -62.0531
457.363    24.3038    43.0731    0    180    -62.02
457.822    24.5624    42.9946    0    180    -61.9887
458.201    24.7765    42.9296    0    180    -61.9628
458.632    25.0198    42.8557    0    180    -61.9334
459.127    25.2992    42.7709    0    180    -61.8996
459.614    25.5736    42.6876    0    180    -61.8665
460.062    25.8265    42.6108    0    180    -61.8359
460.445    26.0427    42.5452    0    180    -61.8098
460.883    26.2897    42.4702    0    180    -61.7799
461.3    26.525    42.3987    0    180    -61.7514
461.674    26.7361    42.3346    0    180    -61.7259
462.085    26.968    42.2642    0    180    -61.6979
462.425    27.1594    42.2061    0    180    -61.6747
462.793    27.367    42.143    0    180    -61.6496
463.209    27.6019    42.0717    0    180    -61.6212
463.613    27.8295    42.0026    0    180    -61.5937
463.95    28.0199    41.9447    0    180    -61.5707
464.273    28.2016    41.8896    0    180    -61.5487
464.665    28.4228    41.8224    0    180    -61.522
464.989    28.6057    41.7668    0    180    -61.4998
465.347    28.8071    41.7056    0    180    -61.4755
465.727    29.0217    41.6405    0    180    -61.4495
466.062    29.2105    41.5831    0    180    -61.4267
466.457    29.4333    41.5154    0    180    -61.3997
466.808    29.6312    41.4553    0    180    -61.3758
467.111    29.802    41.4035    0    180    -61.3552
467.457    29.997    41.3442    0    180    -61.3316
467.746    30.16    41.2947    0    180    -61.3119
468.071    30.3434    41.239    0    180    -61.2897
468.379    30.5166    41.1864    0    180    -61.2687
468.731    30.7151    41.1261    0    180    -61.2447
469.009    30.8716    41.0785    0    180    -61.2258
469.258    31.0122    41.0358    0    180    -61.2088
469.57    31.1881    40.9824    0    180    -61.1875
469.873    31.3586    40.9306    0    180    -61.1669
470.105    31.4894    40.8908    0    180    -61.1511
470.396    31.6534    40.841    0    180    -61.1312
470.662    31.8035    40.7954    0    180    -61.1131
470.906    31.9411    40.7536    0    180    -61.0964
471.162    32.0854    40.7098    0    180    -61.079
471.388    32.2122    40.6712    0    180    -61.0636
471.648    32.3591    40.6266    0    180    -61.0458
471.868    32.483    40.589    0    180    -61.0308
472.096    32.6113    40.55    0    180    -61.0153
472.304    32.7284    40.5144    0    180    -61.0012
472.505    32.8419    40.4799    0    180    -60.9874
472.711    32.9576    40.4447    0    180    -60.9734
472.934    33.0834    40.4065    0    180    -60.9582
473.143    33.2012    40.3707    0    180    -60.9439
473.332    33.3078    40.3383    0    180    -60.9311
473.569    33.4412    40.2978    0    180    -60.9149
473.748    33.5418    40.2672    0    180    -60.9027
473.926    33.6422    40.2367    0    180    -60.8906
474.126    33.7545    40.2026    0    180    -60.877
474.34    33.875    40.166    0    180    -60.8624
474.567    34.0032    40.127    0    180    -60.8469
474.784    34.1256    40.0898    0    180    -60.8321
474.982    34.2369    40.056    0    180    -60.8186
475.164    34.3394    40.0248    0    180    -60.8062
475.36    34.4496    39.9913    0    180    -60.7929
475.53    34.5454    39.9622    0    180    -60.7813
475.693    34.6375    39.9342    0    180    -60.7702
475.851    34.7263    39.9072    0    180    -60.7594
476.026    34.825    39.8772    0    180    -60.7475
476.18    34.9116    39.8509    0    180    -60.737
476.33    34.9961    39.8252    0    180    -60.7268
476.506    35.0952    39.7951    0    180    -60.7148
476.647    35.1744    39.771    0    180    -60.7052
476.821    35.2723    39.7413    0    180    -60.6933
476.96    35.3504    39.7176    0    180    -60.6839
477.143    35.4537    39.6862    0    180    -60.6714
477.273    35.5269    39.6639    0    180    -60.6625
477.444    35.6231    39.6347    0    180    -60.6509
477.569    35.6933    39.6133    0    180    -60.6424
477.714    35.775    39.5885    0    180    -60.6325
477.841    35.8465    39.5668    0    180    -60.6238
477.969    35.9189    39.5448    0    180    -60.6151
478.121    36.0042    39.5188    0    180    -60.6048
478.267    36.0866    39.4938    0    180    -60.5948
478.408    36.1656    39.4698    0    180    -60.5852
478.559    36.2509    39.4439    0    180    -60.5749
478.694    36.3269    39.4208    0    180    -60.5657
478.832    36.4045    39.3972    0    180    -60.5563
478.94    36.4654    39.3787    0    180    -60.5489
479.049    36.5264    39.3601    0    180    -60.5415
479.171    36.5955    39.3391    0    180    -60.5332
479.275    36.6536    39.3214    0    180    -60.5262
479.376    36.7108    39.3041    0    180    -60.5192
479.482    36.7701    39.286    0    180    -60.5121
479.595    36.8342    39.2665    0    180    -60.5043
479.72    36.9046    39.2452    0    180    -60.4958
479.835    36.9688    39.2256    0    180    -60.488
479.953    37.0356    39.2053    0    180    -60.4799
480.045    37.0874    39.1896    0    180    -60.4737
480.14    37.1406    39.1734    0    180    -60.4672
480.262    37.2093    39.1525    0    180    -60.4589
480.355    37.2617    39.1366    0    180    -60.4526
480.47    37.3263    39.117    0    180    -60.4447
480.557    37.3756    39.102    0    180    -60.4388
480.672    37.44    39.0824    0    180    -60.431
480.755    37.4867    39.0682    0    180    -60.4253
480.862    37.547    39.0499    0    180    -60.418
480.943    37.5924    39.0361    0    180    -60.4125
481.02    37.6361    39.0228    0    180    -60.4072
481.124    37.6947    39.005    0    180    -60.4001
481.217    37.7468    38.9891    0    180    -60.3938
481.296    37.7913    38.9756    0    180    -60.3885
481.374    37.8352    38.9623    0    180    -60.3831
481.457    37.882    38.948    0    180    -60.3775
481.553    37.9361    38.9316    0    180    -60.3709
481.645    37.9879    38.9158    0    180    -60.3647
481.723    38.0318    38.9025    0    180    -60.3593
481.805    38.078    38.8884    0    180    -60.3538
481.887    38.1239    38.8745    0    180    -60.3482
481.964    38.1672    38.8613    0    180    -60.3429
482.046    38.2133    38.8473    0    180    -60.3374
482.112    38.2504    38.836    0    180    -60.3329
482.188    38.293    38.8231    0    180    -60.3277
482.267    38.3379    38.8094    0    180    -60.3223
482.335    38.376    38.7978    0    180    -60.3177
482.418    38.4226    38.7837    0    180    -60.312
482.49    38.4631    38.7714    0    180    -60.3071
482.567    38.5067    38.7581    0    180    -60.3019
482.641    38.5479    38.7456    0    180    -60.2969
482.71    38.5871    38.7336    0    180    -60.2921
482.766    38.6185    38.7241    0    180    -60.2883
482.836    38.658    38.7121    0    180    -60.2835
482.907    38.6978    38.7    0    180    -60.2787
482.979    38.738    38.6878    0    180    -60.2739
483.048    38.7769    38.676    0    180    -60.2691
483.115    38.8145    38.6645    0    180    -60.2646
483.183    38.8532    38.6528    0    180    -60.2599
483.246    38.8887    38.642    0    180    -60.2556
483.311    38.9252    38.6309    0    180    -60.2512
483.377    38.962    38.6197    0    180    -60.2467
483.435    38.995    38.6097    0    180    -60.2427
483.49    39.0256    38.6003    0    180    -60.239
483.538    39.0525    38.5922    0    180    -60.2358
483.596    39.0857    38.5821    0    180    -60.2318
483.655    39.1187    38.572    0    180    -60.2278
483.709    39.1489    38.5629    0    180    -60.2241
483.762    39.1786    38.5538    0    180    -60.2205
483.807    39.2042    38.546    0    180    -60.2174
483.858    39.2328    38.5373    0    180    -60.214
483.902    39.2574    38.5299    0    180    -60.211
483.952    39.2859    38.5212    0    180    -60.2075
483.996    39.3105    38.5137    0    180    -60.2045
484.04    39.335    38.5063    0    180    -60.2016
484.081    39.3582    38.4992    0    180    -60.1988
484.119    39.3798    38.4926    0    180    -60.1962
484.165    39.4057    38.4848    0    180    -60.193
484.205    39.4278    38.478    0    180    -60.1903
484.25    39.4532    38.4703    0    180    -60.1873
484.292    39.4769    38.4631    0    180    -60.1844
484.34    39.5038    38.455    0    180    -60.1812
484.378    39.525    38.4485    0    180    -60.1786
484.418    39.548    38.4415    0    180    -60.1758
484.461    39.5718    38.4343    0    180    -60.1729
484.495    39.5909    38.4285    0    180    -60.1706
484.533    39.6122    38.422    0    180    -60.168
484.571    39.6341    38.4153    0    180    -60.1654
484.614    39.658    38.408    0    180    -60.1625
484.65    39.6783    38.4019    0    180    -60.16
484.684    39.6974    38.3961    0    180    -60.1577
484.723    39.7196    38.3893    0    180    -60.155
484.757    39.7388    38.3835    0    180    -60.1527
484.786    39.7549    38.3786    0    180    -60.1507
484.818    39.7731    38.3731    0    180    -60.1485
484.853    39.7925    38.3672    0    180    -60.1462
484.889    39.813    38.3609    0    180    -60.1437
484.919    39.8296    38.3559    0    180    -60.1417
484.953    39.8487    38.3501    0    180    -60.1394
484.984    39.8662    38.3448    0    180    -60.1373
485.015    39.8834    38.3395    0    180    -60.1352
485.043    39.8994    38.3346    0    180    -60.1332
485.075    39.9174    38.3292    0    180    -60.1311
485.102    39.9323    38.3247    0    180    -60.1293
485.132    39.9493    38.3195    0    180    -60.1272
485.156    39.963    38.3153    0    180    -60.1255
485.184    39.9784    38.3106    0    180    -60.1237
485.213    39.9951    38.3056    0    180    -60.1217
485.242    40.0113    38.3006    0    180    -60.1197
485.27    40.0272    38.2958    0    180    -60.1178
485.295    40.0413    38.2915    0    180    -60.1161
485.319    40.0545    38.2875    0    180    -60.1145
485.345    40.0695    38.2829    0    180    -60.1127
485.372    40.0843    38.2784    0    180    -60.1109
485.399    40.0994    38.2738    0    180    -60.109
485.422    40.1124    38.2699    0    180    -60.1075
485.448    40.1271    38.2654    0    180    -60.1057
485.469    40.1391    38.2618    0    180    -60.1042
485.496    40.1541    38.2572    0    180    -60.1024
485.52    40.1678    38.253    0    180    -60.1008
485.544    40.1812    38.249    0    180    -60.0991
485.565    40.1928    38.2454    0    180    -60.0977
485.587    40.2053    38.2417    0    180    -60.0962
485.606    40.2158    38.2385    0    180    -60.0949
485.625    40.2269    38.2351    0    180    -60.0936
485.649    40.2402    38.2311    0    180    -60.092
485.671    40.2525    38.2273    0    180    -60.0905
485.688    40.2624    38.2243    0    180    -60.0893
485.706    40.2723    38.2213    0    180    -60.0881
485.725    40.2829    38.2181    0    180    -60.0868
485.745    40.2941    38.2146    0    180    -60.0855
485.765    40.3053    38.2113    0    180    -60.0841
485.785    40.3165    38.2078    0    180    -60.0828
485.802    40.3263    38.2049    0    180    -60.0816
485.822    40.3375    38.2015    0    180    -60.0802
485.839    40.3469    38.1986    0    180    -60.0791
485.856    40.3564    38.1957    0    180    -60.0779
485.871    40.3652    38.193    0    180    -60.0769
485.891    40.3765    38.1896    0    180    -60.0755
485.905    40.3845    38.1872    0    180    -60.0745
485.924    40.3949    38.184    0    180    -60.0733
485.94    40.4037    38.1813    0    180    -60.0722
485.954    40.4118    38.1788    0    180    -60.0712
485.97    40.4207    38.1762    0    180    -60.0701
485.988    40.4309    38.1731    0    180    -60.0689
486.006    40.4408    38.17    0    180    -60.0677
486.022    40.4501    38.1672    0    180    -60.0666
486.038    40.4591    38.1645    0    180    -60.0655
486.051    40.4663    38.1623    0    180    -60.0646
486.066    40.475    38.1596    0    180    -60.0636
486.08    40.4827    38.1573    0    180    -60.0626
486.096    40.4914    38.1547    0    180    -60.0616
486.111    40.5003    38.1519    0    180    -60.0605
486.127    40.509    38.1493    0    180    -60.0594
486.142    40.5174    38.1468    0    180    -60.0584
486.154    40.5241    38.1447    0    180    -60.0576
486.168    40.5321    38.1423    0    180    -60.0567
486.181    40.5393    38.1401    0    180    -60.0558
486.193    40.5459    38.1381    0    180    -60.055
486.207    40.5538    38.1357    0    180    -60.054
486.22    40.5616    38.1333    0    180    -60.0531
486.234    40.5691    38.131    0    180    -60.0522
486.246    40.5757    38.129    0    180    -60.0514
486.257    40.5824    38.127    0    180    -60.0506
486.267    40.588    38.1253    0    180    -60.0499
486.278    40.5939    38.1235    0    180    -60.0492
486.29    40.6008    38.1214    0    180    -60.0483
486.301    40.6069    38.1195    0    180    -60.0476
486.312    40.6129    38.1177    0    180    -60.0469
486.323    40.6195    38.1157    0    180    -60.0461
486.334    40.6253    38.1139    0    180    -60.0454
486.343    40.6307    38.1123    0    180    -60.0447
486.355    40.6372    38.1103    0    180    -60.0439
486.365    40.6431    38.1085    0    180    -60.0432
486.376    40.649    38.1067    0    180    -60.0425
486.384    40.6537    38.1053    0    180    -60.0419
486.394    40.6592    38.1036    0    180    -60.0413
486.403    40.6644    38.1021    0    180    -60.0406
486.413    40.6701    38.1003    0    180    -60.0399
486.423    40.6755    38.0987    0    180    -60.0393
486.431    40.68    38.0973    0    180    -60.0387
486.439    40.6844    38.096    0    180    -60.0382
486.447    40.6893    38.0945    0    180    -60.0376
486.455    40.6934    38.0932    0    180    -60.0371
486.462    40.6976    38.092    0    180    -60.0366
486.47    40.702    38.0906    0    180    -60.0361
486.478    40.7063    38.0893    0    180    -60.0356
486.487    40.7114    38.0877    0    180    -60.0349
486.496    40.7164    38.0862    0    180    -60.0343
486.504    40.721    38.0849    0    180    -60.0338
486.512    40.7257    38.0834    0    180    -60.0332
486.52    40.7303    38.082    0    180    -60.0326
486.528    40.7345    38.0807    0    180    -60.0321
486.535    40.7383    38.0796    0    180    -60.0317
486.542    40.7422    38.0784    0    180    -60.0312
486.549    40.7464    38.0771    0    180    -60.0307
486.556    40.7504    38.0759    0    180    -60.0302
486.562    40.7539    38.0748    0    180    -60.0298
486.568    40.7572    38.0738    0    180    -60.0294
486.574    40.7604    38.0728    0    180    -60.029
486.58    40.7636    38.0719    0    180    -60.0286
486.586    40.7674    38.0707    0    180    -60.0282
486.592    40.7708    38.0697    0    180    -60.0277
486.598    40.7741    38.0687    0    180    -60.0274
486.604    40.7774    38.0677    0    180    -60.027
486.609    40.7803    38.0668    0    180    -60.0266
486.615    40.7836    38.0658    0    180    -60.0262
486.622    40.7874    38.0647    0    180    -60.0257
486.628    40.7907    38.0636    0    180    -60.0253
486.633    40.7937    38.0627    0    180    -60.025
486.639    40.797    38.0617    0    180    -60.0246
486.645    40.8004    38.0607    0    180    -60.0242
486.65    40.8034    38.0598    0    180    -60.0238
486.655    40.8061    38.059    0    180    -60.0235
486.661    40.8094    38.0579    0    180    -60.0231
486.667    40.8125    38.057    0    180    -60.0227
486.672    40.8154    38.0561    0    180    -60.0224
486.676    40.8179    38.0554    0    180    -60.022
486.681    40.8208    38.0545    0    180    -60.0217
486.686    40.8234    38.0537    0    180    -60.0214
486.691    40.8264    38.0528    0    180    -60.021
486.696    40.829    38.052    0    180    -60.0207
486.7    40.8314    38.0513    0    180    -60.0204
486.705    40.8338    38.0505    0    180    -60.0201
486.709    40.8366    38.0497    0    180    -60.0198
486.714    40.8392    38.0489    0    180    -60.0195
486.719    40.842    38.048    0    180    -60.0191
486.723    40.8443    38.0473    0    180    -60.0188
486.728    40.847    38.0465    0    180    -60.0185
486.732    40.8491    38.0459    0    180    -60.0183
486.736    40.8513    38.0452    0    180    -60.018
486.739    40.8532    38.0446    0    180    -60.0178
486.743    40.8557    38.0439    0    180    -60.0175
486.748    40.8581    38.0431    0    180    -60.0172
486.751    40.8601    38.0425    0    180    -60.0169
486.755    40.862    38.042    0    180    -60.0167
486.759    40.8644    38.0412    0    180    -60.0164
486.763    40.8666    38.0406    0    180    -60.0162
486.766    40.8683    38.04    0    180    -60.0159
486.769    40.8703    38.0394    0    180    -60.0157
486.773    40.8726    38.0387    0    180    -60.0154
486.777    40.8747    38.0381    0    180    -60.0152
486.78    40.8764    38.0376    0    180    -60.015
486.784    40.8783    38.037    0    180    -60.0147
486.787    40.8804    38.0364    0    180    -60.0145
486.79    40.882    38.0359    0    180    -60.0143
486.793    40.8836    38.0354    0    180    -60.0141
486.796    40.8853    38.0349    0    180    -60.0139
486.799    40.8869    38.0344    0    180    -60.0137
486.802    40.8887    38.0338    0    180    -60.0135
486.805    40.8906    38.0333    0    180    -60.0132
486.808    40.8921    38.0328    0    180    -60.0131
486.811    40.8935    38.0324    0    180    -60.0129
486.813    40.8949    38.032    0    180    -60.0127
486.816    40.8965    38.0315    0    180    -60.0125
486.819    40.8982    38.031    0    180    -60.0123
486.822    40.8999    38.0305    0    180    -60.0121
486.825    40.9014    38.03    0    180    -60.0119
486.827    40.9027    38.0296    0    180    -60.0118
486.83    40.9042    38.0291    0    180    -60.0116
486.832    40.9057    38.0287    0    180    -60.0114
486.835    40.9072    38.0282    0    180    -60.0112
486.838    40.9087    38.0278    0    180    -60.0111
486.84    40.91    38.0274    0    180    -60.0109
486.842    40.9113    38.027    0    180    -60.0107
486.845    40.9128    38.0265    0    180    -60.0106
486.847    40.9141    38.0261    0    180    -60.0104
486.849    40.9153    38.0258    0    180    -60.0103
486.852    40.9166    38.0253    0    180    -60.0101
486.854    40.9179    38.025    0    180    -60.0099
486.856    40.9192    38.0246    0    180    -60.0098
486.859    40.9205    38.0242    0    180    -60.0096
486.861    40.9216    38.0238    0    180    -60.0095
486.863    40.923    38.0234    0    180    -60.0093
486.865    40.924    38.0231    0    180    -60.0092
486.867    40.925    38.0228    0    180    -60.0091
486.869    40.9263    38.0224    0    180    -60.0089
486.871    40.9273    38.0221    0    180    -60.0088
486.873    40.9284    38.0218    0    180    -60.0087
486.874    40.9294    38.0215    0    180    -60.0085
486.877    40.9306    38.0211    0    180    -60.0084
486.878    40.9316    38.0208    0    180    -60.0083
486.88    40.9326    38.0205    0    180    -60.0082
486.882    40.9337    38.0201    0    180    -60.008
486.884    40.9347    38.0199    0    180    -60.0079
486.886    40.9358    38.0195    0    180    -60.0078
486.888    40.9368    38.0192    0    180    -60.0076
486.889    40.9377    38.019    0    180    -60.0075
486.891    40.9385    38.0187    0    180    -60.0074
486.893    40.9396    38.0184    0    180    -60.0073
486.894    40.9405    38.0181    0    180    -60.0072
486.896    40.9415    38.0178    0    180    -60.0071
486.898    40.9424    38.0175    0    180    -60.007
486.899    40.9432    38.0173    0    180    -60.0069
486.9    40.944    38.017    0    180    -60.0068
486.902    40.9449    38.0168    0    180    -60.0067
486.903    40.9456    38.0165    0    180    -60.0066
486.905    40.9465    38.0163    0    180    -60.0065
486.906    40.9474    38.016    0    180    -60.0064
486.908    40.9482    38.0157    0    180    -60.0063
486.909    40.9489    38.0155    0    180    -60.0062
486.911    40.9497    38.0153    0    180    -60.0061
486.912    40.9504    38.0151    0    180    -60.006
486.913    40.9512    38.0148    0    180    -60.0059
486.914    40.9518    38.0146    0    180    -60.0058
486.916    40.9526    38.0144    0    180    -60.0057
486.917    40.9533    38.0142    0    180    -60.0057
486.918    40.9539    38.014    0    180    -60.0056
486.919    40.9546    38.0138    0    180    -60.0055
486.92    40.9552    38.0136    0    180    -60.0054
486.922    40.9559    38.0134    0    180    -60.0053
486.923    40.9565    38.0132    0    180    -60.0053
486.924    40.9572    38.013    0    180    -60.0052
486.925    40.9579    38.0128    0    180    -60.0051
486.926    40.9585    38.0126    0    180    -60.005
486.927    40.9591    38.0124    0    180    -60.0049
486.928    40.9598    38.0122    0    180    -60.0049
486.93    40.9605    38.012    0    180    -60.0048
486.931    40.9611    38.0118    0    180    -60.0047
486.932    40.9618    38.0116    0    180    -60.0046
486.933    40.9624    38.0114    0    180    -60.0046
486.934    40.9629    38.0113    0    180    -60.0045
486.935    40.9635    38.0111    0    180    -60.0044
486.936    40.964    38.011    0    180    -60.0044
486.937    40.9645    38.0108    0    180    -60.0043
486.938    40.9651    38.0106    0    180    -60.0042
486.939    40.9657    38.0104    0    180    -60.0042
486.94    40.9662    38.0103    0    180    -60.0041
486.941    40.9668    38.0101    0    180    -60.004
486.942    40.9673    38.01    0    180    -60.004
486.943    40.9678    38.0098    0    180    -60.0039
486.944    40.9684    38.0096    0    180    -60.0038
486.945    40.9689    38.0095    0    180    -60.0038
486.946    40.9694    38.0093    0    180    -60.0037
486.946    40.9698    38.0092    0    180    -60.0037
486.947    40.9702    38.0091    0    180    -60.0036
486.948    40.9706    38.0089    0    180    -60.0036
486.949    40.9711    38.0088    0    180    -60.0035
486.949    40.9715    38.0087    0    180    -60.0035
486.95    40.9719    38.0085    0    180    -60.0034
486.951    40.9724    38.0084    0    180    -60.0033
486.952    40.9728    38.0083    0    180    -60.0033
486.952    40.9732    38.0082    0    180    -60.0032
486.953    40.9735    38.0081    0    180    -60.0032
486.954    40.9739    38.0079    0    180    -60.0032
486.954    40.9743    38.0078    0    180    -60.0031
486.955    40.9747    38.0077    0    180    -60.0031
486.956    40.9751    38.0076    0    180    -60.003
486.956    40.9754    38.0075    0    180    -60.003
486.957    40.9758    38.0074    0    180    -60.0029
486.958    40.9762    38.0072    0    180    -60.0029
486.958    40.9766    38.0071    0    180    -60.0028
486.959    40.977    38.007    0    180    -60.0028
486.96    40.9773    38.0069    0    180    -60.0027
486.96    40.9777    38.0068    0    180    -60.0027
486.961    40.978    38.0067    0    180    -60.0027
486.961    40.9783    38.0066    0    180    -60.0026
486.962    40.9786    38.0065    0    180    -60.0026
486.963    40.979    38.0064    0    180    -60.0025
486.963    40.9793    38.0063    0    180    -60.0025
486.964    40.9797    38.0062    0    180    -60.0025
486.964    40.98    38.0061    0    180    -60.0024
486.965    40.9803    38.006    0    180    -60.0024
486.966    40.9806    38.0059    0    180    -60.0023
486.966    40.9809    38.0058    0    180    -60.0023
486.967    40.9812    38.0057    0    180    -60.0023
486.967    40.9815    38.0056    0    180    -60.0022
486.968    40.9819    38.0055    0    180    -60.0022
486.968    40.9821    38.0054    0    180    -60.0022
486.969    40.9824    38.0053    0    180    -60.0021
486.969    40.9827    38.0053    0    180    -60.0021
486.97    40.983    38.0052    0    180    -60.0021
486.97    40.9833    38.0051    0    180    -60.002
486.971    40.9835    38.005    0    180    -60.002
486.971    40.9838    38.0049    0    180    -60.002
486.972    40.9841    38.0048    0    180    -60.0019
486.972    40.9844    38.0048    0    180    -60.0019
486.973    40.9846    38.0047    0    180    -60.0019
486.973    40.9848    38.0046    0    180    -60.0018
486.974    40.9851    38.0045    0    180    -60.0018
486.974    40.9854    38.0044    0    180    -60.0018
486.974    40.9856    38.0044    0    180    -60.0017
486.975    40.9858    38.0043    0    180    -60.0017
486.975    40.9861    38.0042    0    180    -60.0017
486.976    40.9863    38.0042    0    180    -60.0017
486.976    40.9865    38.0041    0    180    -60.0016
486.976    40.9867    38.004    0    180    -60.0016
486.977    40.987    38.004    0    180    -60.0016
486.977    40.9871    38.0039    0    180    -60.0016
486.978    40.9873    38.0038    0    180    -60.0015
486.978    40.9875    38.0038    0    180    -60.0015
486.978    40.9877    38.0037    0    180    -60.0015
486.979    40.9879    38.0037    0    180    -60.0015
486.979    40.9881    38.0036    0    180    -60.0014
486.979    40.9883    38.0035    0    180    -60.0014
486.98    40.9885    38.0035    0    180    -60.0014
486.98    40.9887    38.0034    0    180    -60.0014
486.98    40.9889    38.0034    0    180    -60.0013
486.981    40.989    38.0033    0    180    -60.0013
486.981    40.9892    38.0033    0    180    -60.0013
486.981    40.9894    38.0032    0    180    -60.0013
486.981    40.9895    38.0032    0    180    -60.0013
486.982    40.9897    38.0031    0    180    -60.0012
486.982    40.9898    38.0031    0    180    -60.0012
486.982    40.99    38.003    0    180    -60.0012
486.982    40.9901    38.003    0    180    -60.0012
486.983    40.9903    38.0029    0    180    -60.0012
486.983    40.9905    38.0029    0    180    -60.0012
486.983    40.9906    38.0029    0    180    -60.0011
486.984    40.9907    38.0028    0    180    -60.0011
486.984    40.9909    38.0028    0    180    -60.0011
486.984    40.991    38.0027    0    180    -60.0011
486.984    40.9911    38.0027    0    180    -60.0011
486.984    40.9913    38.0027    0    180    -60.0011
486.985    40.9914    38.0026    0    180    -60.001
486.985    40.9915    38.0026    0    180    -60.001
