0.0418112    0.0247132    -0.007244885.21282e-13    -2.83713e-13    -0.0503475
0.0418112    0.0247132    -0.007244885.21282e-13    -2.83713e-13    -0.0503475
0.0418112    0.0247132    -0.007244885.21282e-13    -2.83713e-13    -0.0503475
0.0418112    0.0247132    -0.007244885.21282e-13    -2.83713e-13    -0.0503475
0.0418112    0.0247132    -0.007244885.21282e-13    -2.83713e-13    -0.0503475
0.0418112    0.0247132    -0.007244885.21282e-13    -2.83713e-13    -0.0503475
0.0418112    0.0247132    -0.007244885.21282e-13    -2.83713e-13    -0.0503475
0.0418112    0.0247132    -0.007244885.21282e-13    -2.83713e-13    -0.0503475
0.0418112    0.0247132    -0.007244885.21282e-13    -2.83713e-13    -0.0503475
0.0418112    0.0247132    -0.007244885.21282e-13    -2.83713e-13    -0.0503475
0.0418112    0.0247132    -0.007244885.21282e-13    -2.83713e-13    -0.0503475
0.0418112    0.0247132    -0.007244885.21282e-13    -2.83713e-13    -0.0503475
0.0418112    0.0247132    -0.007244885.21282e-13    -2.83713e-13    -0.0503475
0.0418112    0.0247132    -0.007244885.21282e-13    -2.83713e-13    -0.0503475
0.0418112    0.0247132    -0.007244885.21282e-13    -2.83713e-13    -0.0503475
0.0418112    0.0247132    -0.007244885.21282e-13    -2.83713e-13    -0.0503475
0.0418112    0.0247132    -0.007244885.21282e-13    -2.83713e-13    -0.0503475
0.0418112    0.0247132    -0.007244885.21282e-13    -2.83713e-13    -0.0503475
0.0418112    0.0247132    -0.007244885.21282e-13    -2.83713e-13    -0.0503475
0.0418112    0.0247132    -0.007244885.21282e-13    -2.83713e-13    -0.0503475
0.0418112    0.0247132    -0.007244885.21282e-13    -2.83713e-13    -0.0503475
0.0418112    0.0247132    -0.007244885.21282e-13    -2.83713e-13    -0.0503475
0.0418112    0.0247132    -0.007244885.21282e-13    -2.83713e-13    -0.0503475
0.0418112    0.0247132    -0.007244885.21282e-13    -2.83713e-13    -0.0503475
0.0418112    0.0247132    -0.007244885.21282e-13    -2.83713e-13    -0.0503475
0.0418112    0.0247132    -0.007244885.21282e-13    -2.83713e-13    -0.0503475
0.0418112    0.0247132    -0.007244885.21282e-13    -2.83713e-13    -0.0503475
0.0418112    0.0247132    -0.007244885.21282e-13    -2.83713e-13    -0.0503475
0.0418112    0.0247132    -0.007244885.21282e-13    -2.83713e-13    -0.0503475
0.0418112    0.0247132    -0.007244885.21282e-13    -2.83713e-13    -0.0503475
0.0418112    0.0247132    -0.007244885.21282e-13    -2.83713e-13    -0.0503475
0.0418112    0.0247132    -0.007244885.21282e-13    -2.83713e-13    -0.0503475
0.0418112    0.0247132    -0.007244885.21282e-13    -2.83713e-13    -0.0503475
0.0418112    0.0247132    -0.007244885.21282e-13    -2.83713e-13    -0.0503475
0.0418112    0.0247132    -0.007244885.21282e-13    -2.83713e-13    -0.0503475
0.0418112    0.0247132    -0.007244885.21282e-13    -2.83713e-13    -0.0503475
0.0418112    0.0247132    -0.007244885.21282e-13    -2.83713e-13    -0.0503475
0.0418112    0.0247132    -0.007244885.21282e-13    -2.83713e-13    -0.0503475
0.0418112    0.0247132    -0.007244885.21282e-13    -2.83713e-13    -0.0503475
0.0418112    0.0247132    -0.007244885.21282e-13    -2.83713e-13    -0.0503475
0.0418112    0.0247132    -0.007244885.21282e-13    -2.83713e-13    -0.0503475
0.0418112    0.0247132    -0.007244885.21282e-13    -2.83713e-13    -0.0503475
0.0418112    0.0247132    -0.007244885.21282e-13    -2.83713e-13    -0.0503475
0.0418112    0.0247132    -0.007244885.21282e-13    -2.83713e-13    -0.0503475
0.0418112    0.0247132    -0.007244885.21282e-13    -2.83713e-13    -0.0503475
0.0418112    0.0247132    -0.007244885.21282e-13    -2.83713e-13    -0.0503475
0.0418112    0.0247132    -0.007244885.21282e-13    -2.83713e-13    -0.0503475
0.0418112    0.0247132    -0.007244885.21282e-13    -2.83713e-13    -0.0503475
0.0418112    0.0247132    -0.007244885.21282e-13    -2.83713e-13    -0.0503475
0.0418112    0.0247132    -0.007244885.21282e-13    -2.83713e-13    -0.0503475
0.0418112    0.0247132    -0.007244885.21282e-13    -2.83713e-13    -0.0503475
0.0418112    0.0247132    -0.007244885.21282e-13    -2.83713e-13    -0.0503475
0.0418112    0.0247132    -0.007244885.21282e-13    -2.83713e-13    -0.0503475
0.0418112    0.0247132    -0.007244885.21282e-13    -2.83713e-13    -0.0503475
0.0418112    0.0247132    -0.007244885.21282e-13    -2.83713e-13    -0.0503475
0.0418112    0.0247132    -0.007244885.21282e-13    -2.83713e-13    -0.0503475
0.0418112    0.0247132    -0.007244885.21282e-13    -2.83713e-13    -0.0503475
0.0418112    0.0247132    -0.007244885.21282e-13    -2.83713e-13    -0.0503475
0.0418112    0.0247132    -0.007244885.21282e-13    -2.83713e-13    -0.0503475
0.0418112    0.0247132    -0.007244885.21282e-13    -2.83713e-13    -0.0503475
0.0418112    0.0247132    -0.007244885.21282e-13    -2.83713e-13    -0.0503475
0.0418112    0.0247132    -0.007244885.21282e-13    -2.83713e-13    -0.0503475
0.0418112    0.0247132    -0.007244885.21282e-13    -2.83713e-13    -0.0503475
0.0418112    0.0247132    -0.007244885.21282e-13    -2.83713e-13    -0.0503475
0.0418112    0.0247132    -0.007244885.21282e-13    -2.83713e-13    -0.0503475
0.0418112    0.0247132    -0.007244885.21282e-13    -2.83713e-13    -0.0503475
0.0418112    0.0247132    -0.007244885.21282e-13    -2.83713e-13    -0.0503475
0.0418112    0.0247132    -0.007244885.21282e-13    -2.83713e-13    -0.0503475
0.0418112    0.0247132    -0.007244885.21282e-13    -2.83713e-13    -0.0503475
0.0418112    0.0247132    -0.007244885.21282e-13    -2.83713e-13    -0.0503475
0.0418112    0.0247132    -0.007244885.21282e-13    -2.83713e-13    -0.0503475
0.0418112    0.0247132    -0.007244885.21282e-13    -2.83713e-13    -0.0503475
0.0418112    0.0247132    -0.007244885.21282e-13    -2.83713e-13    -0.0503475
0.0418112    0.0247132    -0.007244885.21282e-13    -2.83713e-13    -0.0503475
0.0418112    0.0247132    -0.007244885.21282e-13    -2.83713e-13    -0.0503475
0.0418112    0.0247132    -0.007244885.21282e-13    -2.83713e-13    -0.0503475
0.0418112    0.0247132    -0.007244885.21282e-13    -2.83713e-13    -0.0503475
0.0418112    0.0247132    -0.007244885.21282e-13    -2.83713e-13    -0.0503475
0.0418112    0.0247132    -0.007244885.21282e-13    -2.83713e-13    -0.0503475
0.0418112    0.0247132    -0.007244885.21282e-13    -2.83713e-13    -0.0503475
0.0418112    0.0247132    -0.007244885.21282e-13    -2.83713e-13    -0.0503475
0.0418112    0.0247132    -0.007244885.21282e-13    -2.83713e-13    -0.0503475
0.0418112    0.0247132    -0.007244885.21282e-13    -2.83713e-13    -0.0503475
0.0418112    0.0247132    -0.007244885.21282e-13    -2.83713e-13    -0.0503475
0.0418112    0.0247132    -0.007244885.21282e-13    -2.83713e-13    -0.0503475
0.0418112    0.0247132    -0.007244885.21282e-13    -2.83713e-13    -0.0503475
0.0418112    0.0247132    -0.007244885.21282e-13    -2.83713e-13    -0.0503475
0.0418112    0.0247132    -0.007244885.21282e-13    -2.83713e-13    -0.0503475
0.0418112    0.0247132    -0.007244885.21282e-13    -2.83713e-13    -0.0503475
0.0418112    0.0247132    -0.007244885.21282e-13    -2.83713e-13    -0.0503475
0.0418112    0.0247132    -0.007244885.21282e-13    -2.83713e-13    -0.0503475
0.0418112    0.0247132    -0.007244885.21282e-13    -2.83713e-13    -0.0503475
0.0418112    0.0247132    -0.007244885.21282e-13    -2.83713e-13    -0.0503475
0.0418112    0.0247132    -0.007244885.21282e-13    -2.83713e-13    -0.0503475
0.0418112    0.0247132    -0.007244885.21282e-13    -2.83713e-13    -0.0503475
0.0418112    0.0247132    -0.007244885.21282e-13    -2.83713e-13    -0.0503475
0.0418112    0.0247132    -0.007244885.21282e-13    -2.83713e-13    -0.0503475
0.0418112    0.0247132    -0.007244885.21282e-13    -2.83713e-13    -0.0503475
0.0418112    0.0247132    -0.007244885.21282e-13    -2.83713e-13    -0.0503475
0.0418112    0.0247132    -0.007244885.21282e-13    -2.83713e-13    -0.0503475
0.0418112    0.0247132    -0.007244885.21282e-13    -2.83713e-13    -0.0503475
0.0418112    0.0247132    -0.007244885.21282e-13    -2.83713e-13    -0.0503475
0.0418112    0.0247132    -0.007244885.21282e-13    -2.83713e-13    -0.0503475
0.0418112    0.0247132    -0.007244885.21282e-13    -2.83713e-13    -0.0503475
0.0418112    0.0247132    -0.007244885.21282e-13    -2.83713e-13    -0.0503475
0.0418112    0.0247132    -0.007244885.21282e-13    -2.83713e-13    -0.0503475
0.0418112    0.0247132    -0.007244885.21282e-13    -2.83713e-13    -0.0503475
0.0418112    0.0247132    -0.007244885.21282e-13    -2.83713e-13    -0.0503475
0.0418112    0.0247132    -0.007244885.21282e-13    -2.83713e-13    -0.0503475
0.0418112    0.0247132    -0.007244885.21282e-13    -2.83713e-13    -0.0503475
0.0418112    0.0247132    -0.007244885.21282e-13    -2.83713e-13    -0.0503475
0.0418112    0.0247132    -0.007244885.21282e-13    -2.83713e-13    -0.0503475
0.0418112    0.0247132    -0.007244885.21282e-13    -2.83713e-13    -0.0503475
0.0418112    0.0247132    -0.007244885.21282e-13    -2.83713e-13    -0.0503475
0.0418112    0.0247132    -0.007244885.21282e-13    -2.83713e-13    -0.0503475
0.0418112    0.0247132    -0.007244885.21282e-13    -2.83713e-13    -0.0503475
0.0418112    0.0247132    -0.007244885.21282e-13    -2.83713e-13    -0.0503475
0.0418112    0.0247132    -0.007244885.21282e-13    -2.83713e-13    -0.0503475
0.0418112    0.0247132    -0.007244885.21282e-13    -2.83713e-13    -0.0503475
0.0418112    0.0247132    -0.007244885.21282e-13    -2.83713e-13    -0.0503475
0.0418112    0.0247132    -0.007244885.21282e-13    -2.83713e-13    -0.0503475
0.0418112    0.0247132    -0.007244885.21282e-13    -2.83713e-13    -0.0503475
0.0418112    0.0247132    -0.007244885.21282e-13    -2.83713e-13    -0.0503475
0.0418112    0.0247132    -0.007244885.21282e-13    -2.83713e-13    -0.0503475
0.0410702    0.0242765    -0.00711655.21154e-13    -2.83944e-13    -0.0494553
0.0401784    0.0237511    -0.006961975.20999e-13    -2.84223e-13    -0.0483815
0.0391706    0.0231576    -0.006787365.20824e-13    -2.84537e-13    -0.047168
0.0382169    0.0225958    -0.006622115.20658e-13    -2.84835e-13    -0.0460197
0.0374312    0.0221326    -0.006485975.20522e-13    -2.8508e-13    -0.0450736
0.0368299    0.0217779    -0.006381795.20417e-13    -2.85268e-13    -0.0443496
0.0360367    0.0213102    -0.006244345.20279e-13    -2.85516e-13    -0.0433944
0.0354652    0.020973    -0.006145325.20179e-13    -2.85694e-13    -0.0427063
0.0349436    0.0206652    -0.006054945.20088e-13    -2.85857e-13    -0.0420781
0.0344451    0.020371    -0.005968575.20002e-13    -2.86012e-13    -0.0414779
0.0337886    0.0199836    -0.005854815.19887e-13    -2.86217e-13    -0.0406873
0.0333168    0.0197051    -0.005773055.19805e-13    -2.86364e-13    -0.0401192
0.0328972    0.0194573    -0.005700345.19731e-13    -2.86495e-13    -0.0396139
0.0321973    0.0190444    -0.005579065.19609e-13    -2.86713e-13    -0.0387711
0.0318052    0.0188129    -0.005511135.19541e-13    -2.86835e-13    -0.038299
0.0310992    0.0183964    -0.005388795.19417e-13    -2.87055e-13    -0.0374488
0.0307023    0.0181619    -0.005320015.19348e-13    -2.87179e-13    -0.0369708
0.0299636    0.0177262    -0.0051925.19219e-13    -2.87409e-13    -0.0360813
0.0296209    0.0175237    -0.005132625.19159e-13    -2.87516e-13    -0.0356686
0.0288926    0.017094    -0.005006415.19031e-13    -2.87743e-13    -0.0347915
0.0285726    0.0169049    -0.004950965.18975e-13    -2.87843e-13    -0.0344062
0.028055    0.0165993    -0.004861275.18885e-13    -2.88004e-13    -0.0337829
0.0276918    0.0163847    -0.004798335.18821e-13    -2.88117e-13    -0.0333455
0.0273069    0.0161573    -0.004731645.18754e-13    -2.88237e-13    -0.032882
0.0266986    0.0157981    -0.004626235.18647e-13    -2.88426e-13    -0.0321495
0.0261305    0.0154627    -0.004527795.18547e-13    -2.88603e-13    -0.0314654
0.0256041    0.0151518    -0.004436565.18455e-13    -2.88767e-13    -0.0308314
0.0249693    0.014777    -0.004326555.18344e-13    -2.88964e-13    -0.0300669
0.0244719    0.0144832    -0.004240365.18256e-13    -2.89119e-13    -0.0294679
0.0239406    0.0141694    -0.00414835.18163e-13    -2.89285e-13    -0.0288282
0.0236609    0.0140041    -0.004099835.18114e-13    -2.89372e-13    -0.0284913
0.0233691    0.0138316    -0.004049275.18063e-13    -2.89462e-13    -0.02814
0.0229464    0.0135817    -0.003976025.17988e-13    -2.89594e-13    -0.0276309
0.0226821    0.0134255    -0.003930235.17942e-13    -2.89676e-13    -0.0273127
0.0224247    0.0132733    -0.003885625.17896e-13    -2.89756e-13    -0.0270027
0.0221245    0.0130958    -0.00383365.17844e-13    -2.8985e-13    -0.0266412
0.0217437    0.0128707    -0.003767615.17777e-13    -2.89968e-13    -0.0261826
0.0212526    0.0125806    -0.003682515.1769e-13    -2.90121e-13    -0.0255912
0.0208513    0.0123434    -0.003612975.1762e-13    -2.90245e-13    -0.0251079
0.0204002    0.0120768    -0.00353485.1754e-13    -2.90386e-13    -0.0245647
0.0201735    0.0119427    -0.003495525.175e-13    -2.90456e-13    -0.0242917
0.0199183    0.0117918    -0.00345135.17455e-13    -2.90536e-13    -0.0239844
0.0194146    0.0114941    -0.003364015.17367e-13    -2.90692e-13    -0.0233778
0.0191552    0.0113407    -0.003319065.17321e-13    -2.90773e-13    -0.0230654
0.0187014    0.0110725    -0.003240425.17241e-13    -2.90914e-13    -0.0225189
0.0184738    0.0109378    -0.003200985.17201e-13    -2.90985e-13    -0.0222448
0.0180074    0.0106622    -0.003120155.17118e-13    -2.91129e-13    -0.0216832
0.0178072    0.0105438    -0.003085475.17083e-13    -2.91192e-13    -0.0214421
0.0173912    0.0102978    -0.003013385.1701e-13    -2.91321e-13    -0.0209412
0.0171935    0.0101808    -0.002979125.16975e-13    -2.91382e-13    -0.0207031
0.0170152    0.0100753    -0.002948225.16943e-13    -2.91438e-13    -0.0204884
0.0166043    0.00983243    -0.002877035.16871e-13    -2.91565e-13    -0.0199936
0.0162854    0.00964378    -0.002821765.16814e-13    -2.91664e-13    -0.0196095
0.0160728    0.00951802    -0.002784935.16777e-13    -2.9173e-13    -0.0193535
0.0158676    0.00939661    -0.002749375.16741e-13    -2.91794e-13    -0.0191065
0.0156113    0.00924495    -0.002704955.16695e-13    -2.91874e-13    -0.0187978
0.0152368    0.00902347    -0.002640055.16629e-13    -2.9199e-13    -0.0183468
0.0148927    0.00881999    -0.002580435.16568e-13    -2.92097e-13    -0.0179324
0.0146593    0.00868187    -0.002539995.16527e-13    -2.92169e-13    -0.0176514
0.014387    0.0085208    -0.002492815.16479e-13    -2.92254e-13    -0.0173235
0.0141139    0.0083592    -0.002445485.16431e-13    -2.92339e-13    -0.0169946
0.0138729    0.0082166    -0.002403725.16388e-13    -2.92414e-13    -0.0167044
0.013587    0.00804747    -0.002354185.16337e-13    -2.92502e-13    -0.0163601
0.0134266    0.00795251    -0.002326395.16309e-13    -2.92552e-13    -0.016167
0.0131816    0.00780751    -0.002283935.16266e-13    -2.92628e-13    -0.0158719
0.0128963    0.00763869    -0.002234485.16215e-13    -2.92717e-13    -0.0155283
0.0127043    0.00752509    -0.002201235.16181e-13    -2.92776e-13    -0.0152972
0.0123843    0.00733576    -0.002145775.16124e-13    -2.92876e-13    -0.0149118
0.0121495    0.00719682    -0.002105095.16083e-13    -2.92948e-13    -0.0146291
0.0118644    0.00702814    -0.002055695.16032e-13    -2.93037e-13    -0.0142858
0.0116087    0.00687681    -0.002011385.15987e-13    -2.93116e-13    -0.0139779
0.0113798    0.00674132    -0.001971725.15946e-13    -2.93187e-13    -0.0137022
0.0112564    0.00666826    -0.001950335.15925e-13    -2.93226e-13    -0.0135536
0.0110142    0.0065249    -0.001908365.15882e-13    -2.93301e-13    -0.013262
0.0107632    0.00637633    -0.001864865.15837e-13    -2.93379e-13    -0.0129597
0.010503    0.00622233    -0.001819775.15791e-13    -2.93459e-13    -0.0126463
0.0102569    0.0060767    -0.001777145.15747e-13    -2.93536e-13    -0.01235
0.0100236    0.00593859    -0.001736715.15706e-13    -2.93608e-13    -0.0120691
0.00977322    0.00579039    -0.001693335.15662e-13    -2.93686e-13    -0.0117676
0.00956359    0.00566629    -0.0016575.15624e-13    -2.93751e-13    -0.0115152
0.00933553    0.00553129    -0.001617485.15584e-13    -2.93821e-13    -0.0112405
0.00910156    0.00539278    -0.001576945.15542e-13    -2.93894e-13    -0.0109588
0.00891669    0.00528333    -0.001544915.1551e-13    -2.93951e-13    -0.0107362
0.00875848    0.00518964    -0.00151755.15481e-13    -2.94e-13    -0.0105457
0.00864689    0.00512355    -0.001498165.15462e-13    -2.94035e-13    -0.0104113
0.00844999    0.00500697    -0.001464045.15427e-13    -2.94096e-13    -0.0101742
0.00825033    0.00488875    -0.001429455.15391e-13    -2.94158e-13    -0.00993379
0.00813106    0.00481811    -0.001408785.1537e-13    -2.94195e-13    -0.00979018
0.00796807    0.00472159    -0.001380545.15341e-13    -2.94245e-13    -0.00959392
0.00785644    0.00465547    -0.00136125.15321e-13    -2.9428e-13    -0.00945951
0.00770134    0.00456362    -0.001334325.15294e-13    -2.94328e-13    -0.00927274
0.00759567    0.00450102    -0.001316015.15275e-13    -2.94361e-13    -0.0091455
0.00743739    0.00440729    -0.001288595.15247e-13    -2.9441e-13    -0.00895492
0.00732544    0.00434098    -0.001269195.15227e-13    -2.94444e-13    -0.00882013
0.00721384    0.00427487    -0.001249865.15207e-13    -2.94479e-13    -0.00868574
0.00711447    0.00421601    -0.001232645.15189e-13    -2.9451e-13    -0.0085661
0.00703321    0.00416787    -0.001218565.15175e-13    -2.94535e-13    -0.00846825
0.00689401    0.00408542    -0.001194445.1515e-13    -2.94578e-13    -0.00830063
0.00679984    0.00402964    -0.001178125.15133e-13    -2.94607e-13    -0.00818725
0.00666334    0.00394879    -0.001154475.15109e-13    -2.9465e-13    -0.00802289
0.00654374    0.00387794    -0.001133755.15088e-13    -2.94687e-13    -0.00787888
0.00638079    0.00378144    -0.001105525.15059e-13    -2.94737e-13    -0.00768266
0.00628827    0.00372663    -0.001089495.15042e-13    -2.94766e-13    -0.00757126
0.00617193    0.00365771    -0.001069335.15022e-13    -2.94802e-13    -0.00743118
0.0060418    0.00358063    -0.001046785.14999e-13    -2.94842e-13    -0.00727449
0.00596924    0.00353764    -0.001034215.14986e-13    -2.94865e-13    -0.00718712
0.00586551    0.00347619    -0.001016245.14967e-13    -2.94897e-13    -0.00706222
0.00575302    0.00340955    -0.0009967465.14947e-13    -2.94932e-13    -0.00692678
0.00561224    0.00332616    -0.0009723535.14922e-13    -2.94975e-13    -0.00675726
0.00551644    0.00326941    -0.0009557555.14905e-13    -2.95005e-13    -0.00664191
0.00543174    0.00321923    -0.000941085.1489e-13    -2.95031e-13    -0.00653993
0.00530669    0.00314515    -0.0009194135.14868e-13    -2.9507e-13    -0.00638936
0.00521749    0.0030923    -0.0009039575.14852e-13    -2.95098e-13    -0.00628195
0.00516358    0.00306035    -0.0008946175.14842e-13    -2.95114e-13    -0.00621705
0.0050837    0.00301303    -0.0008807785.14828e-13    -2.95139e-13    -0.00612087
0.0049858    0.00295502    -0.0008638145.14811e-13    -2.95169e-13    -0.00600299
0.00487214    0.00288769    -0.0008441215.1479e-13    -2.95205e-13    -0.00586613
0.00480475    0.00284776    -0.0008324465.14778e-13    -2.95225e-13    -0.00578499
0.00470653    0.00278956    -0.0008154275.14761e-13    -2.95256e-13    -0.00566672
0.00462401    0.00274067    -0.000801135.14746e-13    -2.95281e-13    -0.00556736
0.00454292    0.00269262    -0.000787085.14732e-13    -2.95307e-13    -0.00546973
0.00447529    0.00265255    -0.0007753625.1472e-13    -2.95328e-13    -0.0053883
0.00438138    0.00259691    -0.0007590925.14703e-13    -2.95357e-13    -0.00527523
0.00432427    0.00256306    -0.0007491965.14693e-13    -2.95374e-13    -0.00520646
0.00423937    0.00251276    -0.0007344875.14678e-13    -2.95401e-13    -0.00510424
0.00419333    0.00248548    -0.0007265115.1467e-13    -2.95415e-13    -0.00504881
0.00412459    0.00244474    -0.0007146015.14657e-13    -2.95436e-13    -0.00496604
0.00403959    0.00239438    -0.0006998725.14642e-13    -2.95462e-13    -0.00486369
0.00395768    0.00234584    -0.0006856815.14628e-13    -2.95488e-13    -0.00476507
0.00387959    0.00229957    -0.0006721515.14614e-13    -2.95512e-13    -0.00467104
0.00381993    0.00226421    -0.0006618155.14603e-13    -2.9553e-13    -0.00459921
0.00377049    0.00223492    -0.0006532495.14594e-13    -2.95546e-13    -0.00453969
0.00369767    0.00219177    -0.0006406325.14581e-13    -2.95568e-13    -0.00445201
0.00362524    0.00214884    -0.0006280825.14568e-13    -2.95591e-13    -0.00436479
0.00354863    0.00210345    -0.000614815.14555e-13    -2.95614e-13    -0.00427256
0.00349502    0.00207168    -0.0006055215.14545e-13    -2.95631e-13    -0.004208
0.00342063    0.00202759    -0.0005926325.14532e-13    -2.95654e-13    -0.00411843
0.00337546    0.00200082    -0.0005848065.14524e-13    -2.95668e-13    -0.00406405
0.00329451    0.00195286    -0.0005707815.14509e-13    -2.95693e-13    -0.00396658
0.00322717    0.00191295    -0.0005591145.14497e-13    -2.95714e-13    -0.0038855
0.0031627    0.00187475    -0.0005479445.14486e-13    -2.95734e-13    -0.00380788
0.00311829    0.00184842    -0.000540255.14478e-13    -2.95748e-13    -0.00375441
0.00306157    0.00181481    -0.0005304235.14468e-13    -2.95765e-13    -0.00368612
0.00302631    0.00179391    -0.0005243135.14462e-13    -2.95776e-13    -0.00364366
0.00298365    0.00176863    -0.0005169225.14454e-13    -2.95789e-13    -0.0035923
0.00291402    0.00172737    -0.0005048595.14442e-13    -2.95811e-13    -0.00350847
0.00285438    0.00169202    -0.0004945265.14431e-13    -2.95829e-13    -0.00343666
0.00282131    0.00167242    -0.0004887965.14425e-13    -2.9584e-13    -0.00339684
0.0027879    0.00165262    -0.0004830085.14419e-13    -2.9585e-13    -0.00335662
0.00274439    0.00162683    -0.0004754695.14411e-13    -2.95863e-13    -0.00330422
0.00269266    0.00159617    -0.0004665075.14402e-13    -2.9588e-13    -0.00324194
0.00264123    0.00156569    -0.0004575965.14393e-13    -2.95895e-13    -0.00318001
0.00258791    0.00153409    -0.0004483585.14384e-13    -2.95912e-13    -0.00311582
0.00255038    0.00151184    -0.0004418565.14377e-13    -2.95924e-13    -0.00307063
0.00249476    0.00147888    -0.000432225.14367e-13    -2.95941e-13    -0.00300366
0.00245859    0.00145744    -0.0004259535.1436e-13    -2.95952e-13    -0.00296011
0.00242142    0.00143541    -0.0004195145.14354e-13    -2.95963e-13    -0.00291537
0.00238991    0.00141673    -0.0004140535.14348e-13    -2.95973e-13    -0.00287742
0.00233031    0.00138141    -0.0004037285.14338e-13    -2.95992e-13    -0.00280567
0.00230648    0.00136729    -0.0003995995.14333e-13    -2.95999e-13    -0.00277697
0.00225436    0.0013364    -0.0003905695.14324e-13    -2.96015e-13    -0.00271422
0.00222016    0.00131613    -0.0003846445.14318e-13    -2.96026e-13    -0.00267304
0.00219127    0.001299    -0.0003796395.14313e-13    -2.96035e-13    -0.00263826
0.00215461    0.00127727    -0.0003732865.14306e-13    -2.96046e-13    -0.00259411
0.00210168    0.0012459    -0.0003641175.14297e-13    -2.96062e-13    -0.00253039
0.0020513    0.00121604    -0.0003553875.14288e-13    -2.96078e-13    -0.00246973
0.00200687    0.0011897    -0.000347695.1428e-13    -2.96092e-13    -0.00241623
0.00196539    0.00116512    -0.0003405035.14273e-13    -2.96105e-13    -0.00236629
0.00194179    0.00115113    -0.0003364165.14268e-13    -2.96112e-13    -0.00233788
0.00190204    0.00112757    -0.0003295295.14261e-13    -2.96124e-13    -0.00229003
0.00187172    0.0011096    -0.0003242755.14256e-13    -2.96134e-13    -0.00225351
0.00183091    0.00108541    -0.0003172055.14249e-13    -2.96146e-13    -0.00220438
0.00178634    0.00105899    -0.0003094835.14241e-13    -2.9616e-13    -0.00215072
0.00174359    0.00103365    -0.0003020765.14233e-13    -2.96173e-13    -0.00209924
0.00170329    0.00100976    -0.0002950945.14226e-13    -2.96186e-13    -0.00205072
0.00168073    0.000996391    -0.0002911865.14222e-13    -2.96193e-13    -0.00202356
0.00164358    0.000974371    -0.0002847495.14215e-13    -2.96204e-13    -0.00197884
0.00161333    0.000956438    -0.0002795085.1421e-13    -2.96214e-13    -0.00194241
0.00158969    0.000942425    -0.0002754125.14205e-13    -2.96221e-13    -0.00191395
0.00155192    0.000920035    -0.0002688685.14199e-13    -2.96233e-13    -0.00186847
0.00151493    0.000898113    -0.0002624615.14192e-13    -2.96244e-13    -0.00182394
0.00147964    0.000877192    -0.0002563465.14186e-13    -2.96255e-13    -0.00178145
0.00145351    0.000861705    -0.0002518195.14181e-13    -2.96263e-13    -0.00174999
0.00142615    0.000845485    -0.0002470795.14176e-13    -2.96272e-13    -0.00171705
0.00140814    0.000834809    -0.0002439595.14173e-13    -2.96277e-13    -0.00169536
0.001388    0.00082287    -0.0002404695.14169e-13    -2.96283e-13    -0.00167112
0.00135586    0.000803821    -0.0002349025.14164e-13    -2.96293e-13    -0.00163243
0.00133207    0.000789715    -0.0002307795.1416e-13    -2.96301e-13    -0.00160378
0.00130926    0.000776193    -0.0002268275.14155e-13    -2.96308e-13    -0.00157631
0.00127927    0.000758417    -0.0002216325.1415e-13    -2.96317e-13    -0.00154021
0.00125674    0.000745064    -0.0002177295.14146e-13    -2.96324e-13    -0.00151309
0.00123848    0.000734236    -0.0002145655.14143e-13    -2.9633e-13    -0.0014911
0.00122071    0.000723703    -0.0002114875.1414e-13    -2.96335e-13    -0.0014697
0.00119575    0.000708906    -0.0002071625.14135e-13    -2.96343e-13    -0.00143965
0.00117053    0.000693955    -0.0002027925.14131e-13    -2.96351e-13    -0.00140928
0.00115618    0.00068545    -0.0002003075.14128e-13    -2.96355e-13    -0.00139201
0.00113397    0.000672282    -0.0001964585.14124e-13    -2.96362e-13    -0.00136527
0.00111406    0.00066048    -0.0001930095.14121e-13    -2.96368e-13    -0.0013413
0.00108873    0.000645462    -0.000188625.14116e-13    -2.96376e-13    -0.0013108
0.00106583    0.000631887    -0.0001846535.14112e-13    -2.96383e-13    -0.00128323
0.00105214    0.000623772    -0.0001822815.1411e-13    -2.96387e-13    -0.00126674
0.00103794    0.000615354    -0.0001798215.14107e-13    -2.96392e-13    -0.00124965
0.00101963    0.000604497    -0.0001766485.14104e-13    -2.96397e-13    -0.0012276
0.0010074    0.00059725    -0.000174535.14102e-13    -2.96401e-13    -0.00121288
0.000995068    0.000589939    -0.0001723945.14099e-13    -2.96405e-13    -0.00119803
0.000979568    0.00058075    -0.0001697085.14097e-13    -2.9641e-13    -0.00117937
0.000964836    0.000572017    -0.0001671565.14094e-13    -2.96414e-13    -0.00116163
0.000941532    0.000558201    -0.0001631195.1409e-13    -2.96422e-13    -0.00113358
0.000919128    0.00054492    -0.0001592375.14086e-13    -2.96428e-13    -0.0011066
0.000901194    0.000534288    -0.000156135.14083e-13    -2.96434e-13    -0.00108501
0.000880703    0.000522141    -0.000152585.14079e-13    -2.9644e-13    -0.00106034
0.000860939    0.000510424    -0.0001491565.14075e-13    -2.96446e-13    -0.00103654
0.00084578    0.000501437    -0.000146535.14073e-13    -2.96451e-13    -0.00101829
0.000832928    0.000493819    -0.0001443035.1407e-13    -2.96455e-13    -0.00100282
0.000819525    0.000485873    -0.0001419815.14068e-13    -2.96459e-13    -0.000986682
0.000803087    0.000476128    -0.0001391335.14065e-13    -2.96464e-13    -0.00096689
0.000787581    0.000466935    -0.0001364475.14062e-13    -2.96469e-13    -0.000948222
0.000776511    0.000460373    -0.0001345295.1406e-13    -2.96473e-13    -0.000934894
0.000766849    0.000454644    -0.0001328555.14059e-13    -2.96476e-13    -0.000923261
0.000758219    0.000449528    -0.000131365.14057e-13    -2.96478e-13    -0.00091287
0.000749274    0.000444225    -0.000129815.14055e-13    -2.96481e-13    -0.000902101
0.000734381    0.000435396    -0.000127235.14053e-13    -2.96486e-13    -0.00088417
0.000722907    0.000428593    -0.0001252425.14051e-13    -2.96489e-13    -0.000870356
0.000712428    0.000422381    -0.0001234275.14049e-13    -2.96492e-13    -0.00085774
0.000701642    0.000415986    -0.0001215585.14047e-13    -2.96496e-13    -0.000844753
0.000693549    0.000411188    -0.0001201565.14046e-13    -2.96498e-13    -0.000835009
0.000682051    0.000404372    -0.0001181645.14043e-13    -2.96502e-13    -0.000821166
0.000665554    0.000394592    -0.0001153065.14041e-13    -2.96507e-13    -0.000801304
0.000652957    0.000387124    -0.0001131235.14038e-13    -2.96511e-13    -0.000786138
0.000643715    0.000381644    -0.0001115225.14037e-13    -2.96514e-13    -0.000775011
0.000630806    0.000373991    -0.0001092865.14034e-13    -2.96518e-13    -0.000759469
0.000617184    0.000365915    -0.0001069265.14032e-13    -2.96522e-13    -0.000743068
0.000606395    0.000359519    -0.0001050565.1403e-13    -2.96525e-13    -0.000730078
0.000598795    0.000355014    -0.000103745.14029e-13    -2.96528e-13    -0.000720929
0.000584771    0.000346699    -0.000101315.14026e-13    -2.96532e-13    -0.000704043
0.000573337    0.000339921    -9.93291e-055.14024e-13    -2.96535e-13    -0.000690277
0.00056305    0.000333822    -9.7547e-055.14022e-13    -2.96539e-13    -0.000677892
0.00055557    0.000329387    -9.6251e-055.14021e-13    -2.96541e-13    -0.000668886
0.000545274    0.000323283    -9.44672e-055.14019e-13    -2.96544e-13    -0.00065649
0.000536243    0.000317929    -9.29028e-055.14017e-13    -2.96547e-13    -0.000645618
0.00052411    0.000310736    -9.08007e-055.14015e-13    -2.96551e-13    -0.00063101
0.000515676    0.000305736    -8.93394e-055.14014e-13    -2.96553e-13    -0.000620855
0.000508539    0.000301504    -8.8103e-055.14013e-13    -2.96555e-13    -0.000612262
0.000500878    0.000296963    -8.67759e-055.14011e-13    -2.96558e-13    -0.000603039
0.000490301    0.000290692    -8.49434e-055.14009e-13    -2.96561e-13    -0.000590305
0.000480617    0.000284951    -8.32657e-055.14008e-13    -2.96564e-13    -0.000578646
0.000468632    0.000277845    -8.11891e-055.14005e-13    -2.96568e-13    -0.000564215
0.000461489    0.00027361    -7.99517e-055.14004e-13    -2.9657e-13    -0.000555616
0.000450577    0.000267141    -7.80613e-055.14002e-13    -2.96573e-13    -0.000542478
0.000445073    0.000263878    -7.71077e-055.14001e-13    -2.96575e-13    -0.000535852
0.000437805    0.000259569    -7.58485e-055.14e-13    -2.96577e-13    -0.000527101
0.000433306    0.000256902    -7.50691e-055.13999e-13    -2.96579e-13    -0.000521684
0.000423792    0.000251261    -7.34207e-055.13997e-13    -2.96582e-13    -0.000510229
0.000414554    0.000245784    -7.18203e-055.13996e-13    -2.96585e-13    -0.000499107
0.000408509    0.0002422    -7.07731e-055.13995e-13    -2.96586e-13    -0.00049183
0.000403651    0.00023932    -6.99314e-055.13994e-13    -2.96588e-13    -0.000485981
0.000394306    0.00023378    -6.83124e-055.13992e-13    -2.96591e-13    -0.00047473
0.000386033    0.000228875    -6.68791e-055.13991e-13    -2.96593e-13    -0.000464769
0.000381823    0.000226379    -6.61497e-055.1399e-13    -2.96595e-13    -0.0004597
0.00037537    0.000222553    -6.50317e-055.13989e-13    -2.96597e-13    -0.000451931
0.000365999    0.000216998    -6.34083e-055.13987e-13    -2.966e-13    -0.000440649
0.000358391    0.000212487    -6.20903e-055.13986e-13    -2.96602e-13    -0.00043149
0.000353613    0.000209654    -6.12624e-055.13985e-13    -2.96603e-13    -0.000425736
0.000347506    0.000206033    -6.02043e-055.13984e-13    -2.96605e-13    -0.000418383
0.000339464    0.000201265    -5.88111e-055.13982e-13    -2.96608e-13    -0.000408702
0.000335537    0.000198937    -5.81307e-055.13982e-13    -2.96609e-13    -0.000403973
