0.0418112    0.0247132    -0.007244885.21282e-13    -2.83713e-13    -0.0503475
0.0418112    0.0247132    -0.007244885.21282e-13    -2.83713e-13    -0.0503475
0.0418112    0.0247132    -0.007244885.21282e-13    -2.83713e-13    -0.0503475
0.0418112    0.0247132    -0.007244885.21282e-13    -2.83713e-13    -0.0503475
0.0418112    0.0247132    -0.007244885.21282e-13    -2.83713e-13    -0.0503475
0.0418112    0.0247132    -0.007244885.21282e-13    -2.83713e-13    -0.0503475
0.0418112    0.0247132    -0.007244885.21282e-13    -2.83713e-13    -0.0503475
0.0418112    0.0247132    -0.007244885.21282e-13    -2.83713e-13    -0.0503475
0.0418112    0.0247132    -0.007244885.21282e-13    -2.83713e-13    -0.0503475
0.0418112    0.0247132    -0.007244885.21282e-13    -2.83713e-13    -0.0503475
0.0418112    0.0247132    -0.007244885.21282e-13    -2.83713e-13    -0.0503475
0.0418112    0.0247132    -0.007244885.21282e-13    -2.83713e-13    -0.0503475
0.0418112    0.0247132    -0.007244885.21282e-13    -2.83713e-13    -0.0503475
0.0418112    0.0247132    -0.007244885.21282e-13    -2.83713e-13    -0.0503475
0.0418112    0.0247132    -0.007244885.21282e-13    -2.83713e-13    -0.0503475
0.0418112    0.0247132    -0.007244885.21282e-13    -2.83713e-13    -0.0503475
0.0418112    0.0247132    -0.007244885.21282e-13    -2.83713e-13    -0.0503475
0.0418112    0.0247132    -0.007244885.21282e-13    -2.83713e-13    -0.0503475
0.0418112    0.0247132    -0.007244885.21282e-13    -2.83713e-13    -0.0503475
0.0418112    0.0247132    -0.007244885.21282e-13    -2.83713e-13    -0.0503475
0.0418112    0.0247132    -0.007244885.21282e-13    -2.83713e-13    -0.0503475
0.0418112    0.0247132    -0.007244885.21282e-13    -2.83713e-13    -0.0503475
0.0418112    0.0247132    -0.007244885.21282e-13    -2.83713e-13    -0.0503475
0.0418112    0.0247132    -0.007244885.21282e-13    -2.83713e-13    -0.0503475
0.0418112    0.0247132    -0.007244885.21282e-13    -2.83713e-13    -0.0503475
0.0418112    0.0247132    -0.007244885.21282e-13    -2.83713e-13    -0.0503475
0.0418112    0.0247132    -0.007244885.21282e-13    -2.83713e-13    -0.0503475
0.0418112    0.0247132    -0.007244885.21282e-13    -2.83713e-13    -0.0503475
0.0418112    0.0247132    -0.007244885.21282e-13    -2.83713e-13    -0.0503475
0.0418112    0.0247132    -0.007244885.21282e-13    -2.83713e-13    -0.0503475
0.0418112    0.0247132    -0.007244885.21282e-13    -2.83713e-13    -0.0503475
0.0418112    0.0247132    -0.007244885.21282e-13    -2.83713e-13    -0.0503475
0.0418112    0.0247132    -0.007244885.21282e-13    -2.83713e-13    -0.0503475
0.0418112    0.0247132    -0.007244885.21282e-13    -2.83713e-13    -0.0503475
0.0418112    0.0247132    -0.007244885.21282e-13    -2.83713e-13    -0.0503475
0.0418112    0.0247132    -0.007244885.21282e-13    -2.83713e-13    -0.0503475
0.0418112    0.0247132    -0.007244885.21282e-13    -2.83713e-13    -0.0503475
0.0418112    0.0247132    -0.007244885.21282e-13    -2.83713e-13    -0.0503475
0.0418112    0.0247132    -0.007244885.21282e-13    -2.83713e-13    -0.0503475
0.0418112    0.0247132    -0.007244885.21282e-13    -2.83713e-13    -0.0503475
0.0418112    0.0247132    -0.007244885.21282e-13    -2.83713e-13    -0.0503475
0.0418112    0.0247132    -0.007244885.21282e-13    -2.83713e-13    -0.0503475
0.0418112    0.0247132    -0.007244885.21282e-13    -2.83713e-13    -0.0503475
0.0418112    0.0247132    -0.007244885.21282e-13    -2.83713e-13    -0.0503475
0.0418112    0.0247132    -0.007244885.21282e-13    -2.83713e-13    -0.0503475
0.0418112    0.0247132    -0.007244885.21282e-13    -2.83713e-13    -0.0503475
0.0418112    0.0247132    -0.007244885.21282e-13    -2.83713e-13    -0.0503475
0.0418112    0.0247132    -0.007244885.21282e-13    -2.83713e-13    -0.0503475
0.0418112    0.0247132    -0.007244885.21282e-13    -2.83713e-13    -0.0503475
0.0418112    0.0247132    -0.007244885.21282e-13    -2.83713e-13    -0.0503475
0.0418112    0.0247132    -0.007244885.21282e-13    -2.83713e-13    -0.0503475
0.0418112    0.0247132    -0.007244885.21282e-13    -2.83713e-13    -0.0503475
0.0418112    0.0247132    -0.007244885.21282e-13    -2.83713e-13    -0.0503475
0.0418112    0.0247132    -0.007244885.21282e-13    -2.83713e-13    -0.0503475
0.0418112    0.0247132    -0.007244885.21282e-13    -2.83713e-13    -0.0503475
0.0418112    0.0247132    -0.007244885.21282e-13    -2.83713e-13    -0.0503475
0.0418112    0.0247132    -0.007244885.21282e-13    -2.83713e-13    -0.0503475
0.0418112    0.0247132    -0.007244885.21282e-13    -2.83713e-13    -0.0503475
0.0418112    0.0247132    -0.007244885.21282e-13    -2.83713e-13    -0.0503475
0.0418112    0.0247132    -0.007244885.21282e-13    -2.83713e-13    -0.0503475
0.0418112    0.0247132    -0.007244885.21282e-13    -2.83713e-13    -0.0503475
0.0418112    0.0247132    -0.007244885.21282e-13    -2.83713e-13    -0.0503475
0.0418112    0.0247132    -0.007244885.21282e-13    -2.83713e-13    -0.0503475
0.0418112    0.0247132    -0.007244885.21282e-13    -2.83713e-13    -0.0503475
0.0418112    0.0247132    -0.007244885.21282e-13    -2.83713e-13    -0.0503475
0.0418112    0.0247132    -0.007244885.21282e-13    -2.83713e-13    -0.0503475
0.0418112    0.0247132    -0.007244885.21282e-13    -2.83713e-13    -0.0503475
0.0418112    0.0247132    -0.007244885.21282e-13    -2.83713e-13    -0.0503475
0.0418112    0.0247132    -0.007244885.21282e-13    -2.83713e-13    -0.0503475
0.0418112    0.0247132    -0.007244885.21282e-13    -2.83713e-13    -0.0503475
0.0418112    0.0247132    -0.007244885.21282e-13    -2.83713e-13    -0.0503475
0.0418112    0.0247132    -0.007244885.21282e-13    -2.83713e-13    -0.0503475
0.0418112    0.0247132    -0.007244885.21282e-13    -2.83713e-13    -0.0503475
0.0418112    0.0247132    -0.007244885.21282e-13    -2.83713e-13    -0.0503475
0.0411717    0.0243362    -0.007134085.21172e-13    -2.83913e-13    -0.0495775
0.040541    0.0239642    -0.00702485.21062e-13    -2.8411e-13    -0.0488181
0.039919    0.0235974    -0.006917025.20954e-13    -2.84304e-13    -0.0480691
0.0393082    0.0232372    -0.006811195.20848e-13    -2.84495e-13    -0.0473336
0.0387065    0.0228823    -0.006706945.20743e-13    -2.84682e-13    -0.0466092
0.0381136    0.0225326    -0.006604215.2064e-13    -2.84867e-13    -0.0458953
0.0375301    0.0221884    -0.00650315.20539e-13    -2.8505e-13    -0.0451926
0.0369558    0.0218496    -0.006403585.20439e-13    -2.85229e-13    -0.044501
0.0363908    0.0215162    -0.006305695.20341e-13    -2.85405e-13    -0.0438207
0.035834    0.0211877    -0.006209215.20244e-13    -2.85579e-13    -0.0431502
0.0352863    0.0208645    -0.00611435.20148e-13    -2.8575e-13    -0.0424907
0.0347464    0.020546    -0.006020765.20054e-13    -2.85918e-13    -0.0418406
0.0342146    0.0202321    -0.005928615.19961e-13    -2.86084e-13    -0.0412002
0.0336916    0.0199235    -0.005837995.1987e-13    -2.86247e-13    -0.0405705
0.033176    0.0196192    -0.005748645.1978e-13    -2.86408e-13    -0.0399496
0.0326648    0.0193174    -0.005660075.19691e-13    -2.86567e-13    -0.039334
0.0321658    0.0190229    -0.00557365.19604e-13    -2.86723e-13    -0.0387331
0.0316724    0.0187316    -0.00548815.19518e-13    -2.86877e-13    -0.038139
0.0311878    0.0184455    -0.005404125.19433e-13    -2.87028e-13    -0.0375554
0.0307113    0.0181642    -0.005321555.1935e-13    -2.87176e-13    -0.0369815
0.0301555    0.0178362    -0.005225255.19252e-13    -2.87349e-13    -0.0363123
0.0296938    0.0175636    -0.005145245.19172e-13    -2.87493e-13    -0.0357563
0.0292397    0.0172955    -0.005066565.19092e-13    -2.87635e-13    -0.0352095
0.028791    0.0170305    -0.00498885.19014e-13    -2.87775e-13    -0.0346691
0.0283501    0.0167701    -0.004912415.18936e-13    -2.87912e-13    -0.0341383
0.0279155    0.0165134    -0.004837085.1886e-13    -2.88047e-13    -0.0336148
0.0274887    0.0162614    -0.004763135.18785e-13    -2.8818e-13    -0.0331009
0.0270684    0.0160131    -0.00469035.18712e-13    -2.88311e-13    -0.0325947
0.0266536    0.0157681    -0.004618425.18639e-13    -2.8844e-13    -0.0320952
0.0262455    0.0155271    -0.004547715.18568e-13    -2.88567e-13    -0.0316038
0.0258441    0.0152899    -0.004478155.18497e-13    -2.88692e-13    -0.0311204
0.0254491    0.0150566    -0.00440975.18428e-13    -2.88815e-13    -0.0306447
0.0250602    0.0148269    -0.004342315.1836e-13    -2.88936e-13    -0.0301764
0.0246767    0.0146003    -0.004275855.18292e-13    -2.89056e-13    -0.0297146
0.0242996    0.0143775    -0.004210525.18226e-13    -2.89173e-13    -0.0292605
0.0239279    0.0141579    -0.004146115.18161e-13    -2.89289e-13    -0.0288129
0.0235608    0.013941    -0.00408255.18096e-13    -2.89403e-13    -0.0283709
0.0232    0.0137278    -0.004019985.18033e-13    -2.89515e-13    -0.0279364
0.0228452    0.0135181    -0.003958495.1797e-13    -2.89625e-13    -0.0275091
0.0224957    0.0133115    -0.003897925.17909e-13    -2.89734e-13    -0.0270882
0.0221514    0.0131081    -0.003838275.17848e-13    -2.89841e-13    -0.0266736
0.021813    0.0129081    -0.003779635.17789e-13    -2.89946e-13    -0.0262661
0.0214784    0.0127103    -0.003721645.1773e-13    -2.9005e-13    -0.0258631
0.0211502    0.0125164    -0.003664775.17672e-13    -2.90153e-13    -0.0254679
0.0208271    0.0123254    -0.003608785.17615e-13    -2.90253e-13    -0.0250788
0.0205077    0.0121366    -0.003553445.17559e-13    -2.90352e-13    -0.0246942
0.0201936    0.0119509    -0.0034995.17504e-13    -2.9045e-13    -0.0243159
0.019885    0.0117685    -0.003445545.17449e-13    -2.90546e-13    -0.0239444
0.01958    0.0115882    -0.003392675.17396e-13    -2.90641e-13    -0.023577
0.0192801    0.0114109    -0.003340715.17343e-13    -2.90734e-13    -0.0232159
0.018985    0.0112365    -0.003289585.17291e-13    -2.90826e-13    -0.0228606
0.0186941    0.0110645    -0.003239185.1724e-13    -2.90916e-13    -0.0225103
0.0184082    0.0108954    -0.003189625.17189e-13    -2.91005e-13    -0.0221659
0.0181267    0.010729    -0.003140855.17139e-13    -2.91092e-13    -0.021827
0.0178487    0.0105647    -0.003092685.1709e-13    -2.91179e-13    -0.0214922
0.0175749    0.0104028    -0.003045235.17042e-13    -2.91264e-13    -0.0211625
0.0173008    0.0102407    -0.002997735.16994e-13    -2.91349e-13    -0.0208324
0.0170362    0.0100842    -0.002951885.16947e-13    -2.91431e-13    -0.0205138
0.0167753    0.00992996    -0.002906685.16901e-13    -2.91512e-13    -0.0201997
0.0164905    0.0097615    -0.002857315.16851e-13    -2.91601e-13    -0.0198566
0.0162384    0.00961247    -0.002813645.16806e-13    -2.91679e-13    -0.0195531
0.01599    0.00946551    -0.002770585.16762e-13    -2.91756e-13    -0.0192539
0.0157185    0.00930497    -0.002723545.16714e-13    -2.9184e-13    -0.018927
0.0154782    0.00916286    -0.002681915.16672e-13    -2.91915e-13    -0.0186376
0.0152411    0.0090226    -0.002640815.1663e-13    -2.91989e-13    -0.018352
0.0150071    0.00888425    -0.002600285.16589e-13    -2.92061e-13    -0.0180704
0.0147774    0.00874834    -0.002560475.16548e-13    -2.92133e-13    -0.0177937
0.0145207    0.00859655    -0.002515995.16503e-13    -2.92212e-13    -0.0174846
0.0142982    0.00846495    -0.002477445.16463e-13    -2.92281e-13    -0.0172167
0.0140793    0.00833544    -0.00243955.16424e-13    -2.92349e-13    -0.0169531
0.013863    0.00820749    -0.002402025.16386e-13    -2.92417e-13    -0.0166926
0.0136507    0.0080819    -0.002365245.16349e-13    -2.92482e-13    -0.0164369
0.0134422    0.00795853    -0.00232915.16312e-13    -2.92547e-13    -0.0161858
0.0132359    0.00783651    -0.002293365.16275e-13    -2.92611e-13    -0.0159374
0.0130331    0.00771653    -0.002258225.16239e-13    -2.92674e-13    -0.0156932
0.0128333    0.00759831    -0.002223595.16204e-13    -2.92736e-13    -0.0154526
0.0126365    0.00748189    -0.00218955.16169e-13    -2.92797e-13    -0.0152157
0.0124428    0.00736728    -0.002155935.16135e-13    -2.92857e-13    -0.0149824
0.0122524    0.00725466    -0.002122955.16101e-13    -2.92916e-13    -0.0147532
0.0120638    0.00714304    -0.002090265.16068e-13    -2.92975e-13    -0.014526
0.0118792    0.00703384    -0.002058285.16035e-13    -2.93032e-13    -0.0143038
0.0116976    0.00692639    -0.002026815.16003e-13    -2.93089e-13    -0.0140851
0.0115184    0.00682035    -0.001995765.15971e-13    -2.93144e-13    -0.0138693
0.0113423    0.00671615    -0.001965255.1594e-13    -2.93199e-13    -0.0136573
0.0111686    0.00661335    -0.001935145.15909e-13    -2.93253e-13    -0.0134481
0.0109975    0.00651208    -0.001905495.15879e-13    -2.93306e-13    -0.013242
0.0108289    0.00641233    -0.001876285.15849e-13    -2.93358e-13    -0.013039
0.0106632    0.00631429    -0.001847575.15819e-13    -2.93409e-13    -0.0128395
0.0104999    0.00621761    -0.001819275.1579e-13    -2.9346e-13    -0.0126428
0.0103392    0.00612255    -0.001791435.15762e-13    -2.9351e-13    -0.0124494
0.0101812    0.006029    -0.001764045.15734e-13    -2.93559e-13    -0.012259
0.010025    0.00593656    -0.001736985.15706e-13    -2.93607e-13    -0.0120709
0.00987139    0.00584567    -0.001710375.15679e-13    -2.93655e-13    -0.011886
0.00972038    0.00575629    -0.00168425.15652e-13    -2.93702e-13    -0.0117042
0.00957122    0.00566801    -0.001658355.15626e-13    -2.93748e-13    -0.0115245
0.00942417    0.00558098    -0.001632875.156e-13    -2.93794e-13    -0.0113475
0.0092801    0.00549571    -0.001607915.15574e-13    -2.93838e-13    -0.011174
0.00913788    0.00541153    -0.001583275.15549e-13    -2.93883e-13    -0.0110027
0.00899814    0.00532882    -0.001559055.15524e-13    -2.93926e-13    -0.0108345
0.00886062    0.00524742    -0.001535225.155e-13    -2.93969e-13    -0.0106689
0.00872482    0.00516704    -0.001511695.15475e-13    -2.94011e-13    -0.0105054
0.00859157    0.00508817    -0.001488615.15452e-13    -2.94052e-13    -0.0103449
0.00846023    0.00501042    -0.001465855.15429e-13    -2.94093e-13    -0.0101867
0.00833059    0.00493368    -0.001443385.15405e-13    -2.94133e-13    -0.0100306
0.00820326    0.00485831    -0.001421325.15383e-13    -2.94172e-13    -0.00987732
0.00807769    0.00478398    -0.001399565.15361e-13    -2.94211e-13    -0.00972612
0.00795382    0.00471066    -0.00137815.15339e-13    -2.9425e-13    -0.00957697
0.00783212    0.00463861    -0.001357015.15317e-13    -2.94287e-13    -0.00943042
0.00771219    0.00456761    -0.001336235.15296e-13    -2.94325e-13    -0.00928601
0.00759396    0.00449762    -0.001315755.15275e-13    -2.94361e-13    -0.00914365
0.0074778    0.00442886    -0.001295625.15254e-13    -2.94397e-13    -0.00900378
0.00736351    0.0043612    -0.001275825.15234e-13    -2.94433e-13    -0.00886616
0.00725074    0.00429444    -0.001256285.15214e-13    -2.94468e-13    -0.00873037
0.00713952    0.00422859    -0.001237015.15194e-13    -2.94502e-13    -0.00859645
0.00703035    0.00416396    -0.001218095.15174e-13    -2.94536e-13    -0.00846499
0.00692254    0.00410013    -0.001199415.15155e-13    -2.94569e-13    -0.00833518
0.00681647    0.00403733    -0.001181035.15136e-13    -2.94602e-13    -0.00820745
0.00671225    0.00397563    -0.001162975.15118e-13    -2.94634e-13    -0.00808196
0.00660936    0.00391471    -0.001145155.151e-13    -2.94666e-13    -0.00795807
0.00650817    0.0038548    -0.001127615.15082e-13    -2.94698e-13    -0.00783622
0.00640852    0.0037958    -0.001110355.15064e-13    -2.94729e-13    -0.00771624
0.00631019    0.00373758    -0.001093315.15046e-13    -2.94759e-13    -0.00759784
0.00621346    0.00368031    -0.001076555.15029e-13    -2.94789e-13    -0.00748136
0.0061184    0.00362402    -0.001060085.15012e-13    -2.94818e-13    -0.00736689
0.00602458    0.00356847    -0.001043825.14996e-13    -2.94848e-13    -0.00725393
0.00593238    0.00351388    -0.001027855.14979e-13    -2.94876e-13    -0.00714291
0.0058415    0.00346007    -0.00101215.14963e-13    -2.94904e-13    -0.00703349
0.00575188    0.003407    -0.0009965725.14947e-13    -2.94932e-13    -0.00692557
0.00566374    0.00335481    -0.0009813015.14931e-13    -2.94959e-13    -0.00681945
0.0055771    0.00330351    -0.0009662885.14916e-13    -2.94986e-13    -0.00671511
0.00549177    0.00325298    -0.0009515035.14901e-13    -2.95013e-13    -0.00661237
0.00540763    0.00320316    -0.0009369265.14886e-13    -2.95039e-13    -0.00651106
0.00532484    0.00315413    -0.000922585.14871e-13    -2.95064e-13    -0.00641137
0.00524322    0.0031058    -0.0009084385.14857e-13    -2.9509e-13    -0.0063131
0.00516297    0.00305828    -0.0008945345.14842e-13    -2.95114e-13    -0.00621647
0.00508382    0.00301141    -0.000880825.14828e-13    -2.95139e-13    -0.00612116
0.00500597    0.00296531    -0.0008673315.14814e-13    -2.95163e-13    -0.00602742
0.00491746    0.0029129    -0.0008519965.14799e-13    -2.95191e-13    -0.00592085
0.00484002    0.00286704    -0.0008385775.14785e-13    -2.95215e-13    -0.0058276
0.00476572    0.00282304    -0.0008257035.14772e-13    -2.95238e-13    -0.00573814
0.00469278    0.00277985    -0.0008130665.14759e-13    -2.9526e-13    -0.00565031
0.00462108    0.00273739    -0.0008006435.14746e-13    -2.95282e-13    -0.00556398
0.00455035    0.0026955    -0.0007883885.14733e-13    -2.95304e-13    -0.00547882
0.00448072    0.00265426    -0.0007763235.14721e-13    -2.95326e-13    -0.00539498
0.00441217    0.00261367    -0.0007644465.14709e-13    -2.95347e-13    -0.00531244
0.00434464    0.00257368    -0.0007527465.14697e-13    -2.95368e-13    -0.00523113
0.00427826    0.00253436    -0.0007412445.14685e-13    -2.95389e-13    -0.00515119
0.00421285    0.00249562    -0.0007299115.14673e-13    -2.95409e-13    -0.00507244
0.00414845    0.00245748    -0.0007187535.14662e-13    -2.95429e-13    -0.00499489
0.00408489    0.00241984    -0.000707745.1465e-13    -2.95448e-13    -0.00491836
0.00402231    0.00238278    -0.0006968975.14639e-13    -2.95468e-13    -0.00484301
0.00396044    0.00234614    -0.0006861785.14628e-13    -2.95487e-13    -0.00476852
0.00389989    0.00231028    -0.0006756875.14617e-13    -2.95506e-13    -0.00469562
0.00384026    0.00227496    -0.0006653555.14607e-13    -2.95524e-13    -0.00462381
0.0037815    0.00224016    -0.0006551755.14596e-13    -2.95542e-13    -0.00455307
0.00372368    0.00220591    -0.0006451575.14586e-13    -2.9556e-13    -0.00448345
0.00366655    0.00217207    -0.0006352575.14576e-13    -2.95578e-13    -0.00441465
0.00361038    0.00213881    -0.0006255265.14566e-13    -2.95595e-13    -0.00434703
0.0035551    0.00210606    -0.0006159475.14556e-13    -2.95612e-13    -0.00428046
0.00350067    0.00207383    -0.0006065165.14546e-13    -2.95629e-13    -0.00421492
0.00344711    0.00204211    -0.0005972375.14537e-13    -2.95646e-13    -0.00415044
0.00339438    0.00201087    -0.00058815.14527e-13    -2.95662e-13    -0.00408694
0.00334244    0.00198011    -0.0005791015.14518e-13    -2.95678e-13    -0.0040244
0.00329118    0.00194975    -0.0005702195.14509e-13    -2.95694e-13    -0.00396268
0.00324082    0.00191992    -0.0005614945.145e-13    -2.9571e-13    -0.00390205
0.00319119    0.00189052    -0.0005528955.14491e-13    -2.95725e-13    -0.00384229
0.00314233    0.00186158    -0.000544435.14482e-13    -2.9574e-13    -0.00378346
0.00309425    0.00183311    -0.00053615.14474e-13    -2.95755e-13    -0.00372557
0.00304692    0.00180507    -0.0005278995.14465e-13    -2.9577e-13    -0.00366858
0.00300024    0.00177742    -0.0005198115.14457e-13    -2.95784e-13    -0.00361237
0.00295434    0.00175023    -0.0005118585.14449e-13    -2.95798e-13    -0.0035571
0.00290903    0.0017234    -0.0005040095.14441e-13    -2.95813e-13    -0.00350256
0.00286448    0.00169701    -0.000496295.14433e-13    -2.95826e-13    -0.00344891
0.00282068    0.00167107    -0.0004887015.14425e-13    -2.9584e-13    -0.00339618
0.00277744    0.00164545    -0.0004812095.14417e-13    -2.95853e-13    -0.00334411
0.0027349    0.00162026    -0.0004738395.1441e-13    -2.95866e-13    -0.0032929
0.00269309    0.00159549    -0.0004665955.14402e-13    -2.95879e-13    -0.00324255
0.00265189    0.00157108    -0.0004594565.14395e-13    -2.95892e-13    -0.00319294
0.00261134    0.00154706    -0.000452435.14388e-13    -2.95905e-13    -0.00314412
0.00257131    0.00152335    -0.0004454955.14381e-13    -2.95917e-13    -0.00309592
0.00253194    0.00150003    -0.0004386755.14374e-13    -2.95929e-13    -0.00304852
0.00249311    0.00147703    -0.0004319465.14367e-13    -2.95941e-13    -0.00300176
0.00245498    0.00145444    -0.000425345.1436e-13    -2.95953e-13    -0.00295585
0.00241735    0.00143215    -0.000418825.14353e-13    -2.95965e-13    -0.00291055
0.00238036    0.00141024    -0.000412415.14347e-13    -2.95976e-13    -0.002866
0.0023439    0.00138864    -0.0004060935.1434e-13    -2.95987e-13    -0.0028221
0.002308    0.00136738    -0.0003998745.14334e-13    -2.95999e-13    -0.00277888
0.00227261    0.00134641    -0.0003937425.14327e-13    -2.9601e-13    -0.00273627
0.00223784    0.00132582    -0.0003877195.14321e-13    -2.9602e-13    -0.00269441
0.00220361    0.00130554    -0.0003817875.14315e-13    -2.96031e-13    -0.00265319
0.00216984    0.00128554    -0.0003759375.14309e-13    -2.96041e-13    -0.00261254
0.00213666    0.00126588    -0.0003701885.14303e-13    -2.96052e-13    -0.00257258
0.00210398    0.00124652    -0.0003645255.14297e-13    -2.96062e-13    -0.00253323
0.00207176    0.00122744    -0.0003589445.14291e-13    -2.96072e-13    -0.00249444
0.0020401    0.00120868    -0.0003534585.14286e-13    -2.96081e-13    -0.00245632
0.00200884    0.00119016    -0.0003480425.1428e-13    -2.96091e-13    -0.00241868
0.00197809    0.00117195    -0.0003427155.14275e-13    -2.96101e-13    -0.00238166
0.00194786    0.00115404    -0.0003374775.14269e-13    -2.9611e-13    -0.00234526
0.00191795    0.00113632    -0.0003322955.14264e-13    -2.96119e-13    -0.00230925
0.00188857    0.00111891    -0.0003272045.14259e-13    -2.96128e-13    -0.00227387
0.00185966    0.00110179    -0.0003221965.14254e-13    -2.96137e-13    -0.00223906
0.00183116    0.00108491    -0.0003172585.14249e-13    -2.96146e-13    -0.00220475
0.00180311    0.00106829    -0.0003123975.14244e-13    -2.96155e-13    -0.00217097
0.00177552    0.00105194    -0.0003076185.14239e-13    -2.96163e-13    -0.00213776
0.00174829    0.00103581    -0.0003028995.14234e-13    -2.96172e-13    -0.00210496
0.00172154    0.00101996    -0.0002982655.14229e-13    -2.9618e-13    -0.00207276
0.00169521    0.00100437    -0.0002937035.14224e-13    -2.96188e-13    -0.00204106
0.00166927    0.000989    -0.0002892095.1422e-13    -2.96196e-13    -0.00200983
0.00164373    0.00097387    -0.0002847845.14215e-13    -2.96204e-13    -0.00197908
0.00161856    0.000958958    -0.0002804235.14211e-13    -2.96212e-13    -0.00194877
0.00159374    0.000944253    -0.0002761235.14206e-13    -2.9622e-13    -0.00191888
0.00156933    0.000929794    -0.0002718945.14202e-13    -2.96227e-13    -0.0018895
0.00154533    0.000915574    -0.0002677355.14198e-13    -2.96235e-13    -0.0018606
0.00152166    0.000901553    -0.0002636355.14193e-13    -2.96242e-13    -0.0018321
0.00149836    0.00088775    -0.0002595985.14189e-13    -2.96249e-13    -0.00180405
0.00147544    0.000874172    -0.0002556275.14185e-13    -2.96256e-13    -0.00177645
0.00145283    0.000860774    -0.0002517095.14181e-13    -2.96263e-13    -0.00174922
0.00143061    0.00084761    -0.0002478595.14177e-13    -2.9627e-13    -0.00172247
0.00140865    0.000834605    -0.0002440565.14173e-13    -2.96277e-13    -0.00169604
0.00138708    0.000821825    -0.0002403185.14169e-13    -2.96284e-13    -0.00167006
0.00136578    0.000809205    -0.0002366285.14166e-13    -2.9629e-13    -0.00164442
0.00134489    0.000796827    -0.0002330085.14162e-13    -2.96297e-13    -0.00161926
0.00132429    0.000784627    -0.000229445.14158e-13    -2.96303e-13    -0.00159447
0.00130402    0.000772615    -0.0002259275.14155e-13    -2.96309e-13    -0.00157005
0.00128408    0.000760799    -0.0002224715.14151e-13    -2.96315e-13    -0.00154604
0.0012644    0.000749143    -0.0002190635.14147e-13    -2.96322e-13    -0.00152235
0.001245    0.000737648    -0.0002157015.14144e-13    -2.96328e-13    -0.00149899
0.00122597    0.000726372    -0.0002124045.14141e-13    -2.96333e-13    -0.00147608
0.00120715    0.000715228    -0.0002091445.14137e-13    -2.96339e-13    -0.00145343
0.0011887    0.000704292    -0.0002059465.14134e-13    -2.96345e-13    -0.0014312
0.00117048    0.000693499    -0.000202795.14131e-13    -2.96351e-13    -0.00140927
0.00115255    0.000682875    -0.0001996835.14127e-13    -2.96356e-13    -0.00138768
0.00113488    0.000672409    -0.0001966235.14124e-13    -2.96362e-13    -0.00136641
0.00111754    0.000662136    -0.0001936185.14121e-13    -2.96367e-13    -0.00134553
0.00110041    0.000651988    -0.0001906515.14118e-13    -2.96372e-13    -0.00132491
0.00108355    0.000641996    -0.0001877295.14115e-13    -2.96378e-13    -0.0013046
0.00106697    0.000632177    -0.0001848575.14112e-13    -2.96383e-13    -0.00128465
0.00105063    0.000622494    -0.0001820265.14109e-13    -2.96388e-13    -0.00126497
0.00103454    0.000612964    -0.0001792395.14106e-13    -2.96393e-13    -0.0012456
0.00101873    0.000603596    -0.0001764995.14104e-13    -2.96398e-13    -0.00122656
0.00100312    0.000594344    -0.0001737945.14101e-13    -2.96402e-13    -0.00120776
0.000987774    0.000585255    -0.0001711365.14098e-13    -2.96407e-13    -0.00118929
0.000969768    0.000574587    -0.0001680165.14095e-13    -2.96413e-13    -0.00116761
0.000954905    0.000565781    -0.0001654415.14092e-13    -2.96417e-13    -0.00114971
0.00094029    0.000557123    -0.0001629095.1409e-13    -2.96422e-13    -0.00113212
0.000925914    0.000548605    -0.0001604185.14087e-13    -2.96426e-13    -0.00111481
0.000911711    0.00054019    -0.0001579575.14084e-13    -2.96431e-13    -0.00109771
0.000897761    0.000531925    -0.000155545.14082e-13    -2.96435e-13    -0.00108091
0.000884012    0.00052378    -0.0001531585.1408e-13    -2.96439e-13    -0.00106436
0.000870436    0.000515736    -0.0001508065.14077e-13    -2.96443e-13    -0.00104801
0.000857128    0.000507852    -0.0001485015.14075e-13    -2.96448e-13    -0.00103199
0.000844019    0.000500084    -0.0001462295.14072e-13    -2.96452e-13    -0.0010162
0.000831048    0.000492399    -0.0001439825.1407e-13    -2.96456e-13    -0.00100059
0.00081832    0.000484859    -0.0001417775.14068e-13    -2.9646e-13    -0.000985263
0.000805808    0.000477446    -0.0001396095.14066e-13    -2.96463e-13    -0.000970198
0.000793487    0.000470146    -0.0001374745.14063e-13    -2.96467e-13    -0.000955364
0.000781356    0.000462958    -0.0001353735.14061e-13    -2.96471e-13    -0.000940757
0.000769373    0.000455859    -0.0001332975.14059e-13    -2.96475e-13    -0.00092633
0.000757598    0.000448882    -0.0001312575.14057e-13    -2.96478e-13    -0.000912153
0.000746003    0.000442012    -0.0001292485.14055e-13    -2.96482e-13    -0.000898192
0.000734593    0.000435252    -0.0001272715.14053e-13    -2.96486e-13    -0.000884455
0.000723342    0.000428586    -0.0001253215.14051e-13    -2.96489e-13    -0.000870908
0.000712258    0.000422019    -0.0001234015.14049e-13    -2.96492e-13    -0.000857562
0.000701359    0.000415561    -0.0001215135.14047e-13    -2.96496e-13    -0.00084444
0.00069062    0.000409199    -0.0001196525.14045e-13    -2.96499e-13    -0.000831511
0.000680047    0.000402935    -0.000117825.14043e-13    -2.96502e-13    -0.000818781
0.000669642    0.00039677    -0.0001160185.14041e-13    -2.96506e-13    -0.000806252
0.000659374    0.000390686    -0.0001142395.14039e-13    -2.96509e-13    -0.00079389
0.000649277    0.000384704    -0.0001124895.14038e-13    -2.96512e-13    -0.000781733
0.000639337    0.000378814    -0.0001107675.14036e-13    -2.96515e-13    -0.000769765
0.000629528    0.000373003    -0.0001090685.14034e-13    -2.96518e-13    -0.000757955
0.000619873    0.000367282    -0.0001073955.14032e-13    -2.96521e-13    -0.00074633
0.000610389    0.000361663    -0.0001057525.14031e-13    -2.96524e-13    -0.000734911
0.000601044    0.000356126    -0.0001041335.14029e-13    -2.96527e-13    -0.000723659
0.000591858    0.000350684    -0.0001025415.14027e-13    -2.9653e-13    -0.0007126
0.000582793    0.000345312    -0.0001009715.14026e-13    -2.96533e-13    -0.000701685
0.000573878    0.00034003    -9.94262e-055.14024e-13    -2.96535e-13    -0.000690952
0.000565097    0.000334828    -9.79048e-055.14023e-13    -2.96538e-13    -0.000680379
0.000556464    0.000329713    -9.64092e-055.14021e-13    -2.96541e-13    -0.000669985
0.000547952    0.00032467    -9.49344e-055.1402e-13    -2.96543e-13    -0.000659737
0.000539567    0.000319701    -9.34816e-055.14018e-13    -2.96546e-13    -0.00064964
0.0005313    0.000314803    -9.20494e-055.14017e-13    -2.96548e-13    -0.000639687
0.000523181    0.000309993    -9.06427e-055.14015e-13    -2.96551e-13    -0.000629911
0.000515162    0.000305241    -8.92533e-055.14014e-13    -2.96553e-13    -0.000620256
0.000507275    0.000300568    -8.78869e-055.14012e-13    -2.96556e-13    -0.00061076
0.000499501    0.000295962    -8.65401e-055.14011e-13    -2.96558e-13    -0.000601401
0.000491849    0.000291429    -8.52143e-055.1401e-13    -2.96561e-13    -0.000592188
0.000484321    0.000286968    -8.39101e-055.14008e-13    -2.96563e-13    -0.000583124
0.000476916    0.000282581    -8.26271e-055.14007e-13    -2.96565e-13    -0.000574208
0.000469591    0.000278241    -8.13581e-055.14006e-13    -2.96568e-13    -0.00056539
0.0004624    0.00027398    -8.01121e-055.14004e-13    -2.9657e-13    -0.000556731
0.000455314    0.000269782    -7.88845e-055.14003e-13    -2.96572e-13    -0.0005482
0.00044833    0.000265643    -7.76745e-055.14002e-13    -2.96574e-13    -0.00053979
0.000441461    0.000261574    -7.64845e-055.14001e-13    -2.96576e-13    -0.00053152
0.000434704    0.00025757    -7.53137e-055.13999e-13    -2.96578e-13    -0.000523385
0.000428034    0.000253618    -7.41582e-055.13998e-13    -2.9658e-13    -0.000515355
0.000421488    0.000249739    -7.3024e-055.13997e-13    -2.96582e-13    -0.000507472
0.000415034    0.000245916    -7.19058e-055.13996e-13    -2.96584e-13    -0.000499702
0.000408677    0.000242149    -7.08045e-055.13995e-13    -2.96586e-13    -0.000492048
0.00040242    0.000238442    -6.97205e-055.13994e-13    -2.96588e-13    -0.000484515
0.000396269    0.000234797    -6.86548e-055.13992e-13    -2.9659e-13    -0.000477109
0.000390203    0.000231203    -6.76038e-055.13991e-13    -2.96592e-13    -0.000469805
0.000384219    0.000227658    -6.65671e-055.1399e-13    -2.96594e-13    -0.000462601
0.000378339    0.000224174    -6.55483e-055.13989e-13    -2.96596e-13    -0.000455521
0.000372546    0.000220741    -6.45447e-055.13988e-13    -2.96598e-13    -0.000448546
0.000366834    0.000217357    -6.35551e-055.13987e-13    -2.96599e-13    -0.000441669
0.000361223    0.000214032    -6.25829e-055.13986e-13    -2.96601e-13    -0.000434913
0.000355687    0.000210752    -6.16238e-055.13985e-13    -2.96603e-13    -0.000428248
0.000350246    0.000207528    -6.06811e-055.13984e-13    -2.96604e-13    -0.000421696
0.000344889    0.000204354    -5.97529e-055.13983e-13    -2.96606e-13    -0.000415246
0.000339609    0.000201226    -5.88382e-055.13982e-13    -2.96608e-13    -0.00040889
0.00033441    0.000198145    -5.79374e-055.13981e-13    -2.96609e-13    -0.00040263
0.000329297    0.000195116    -5.70516e-055.13981e-13    -2.96611e-13    -0.000396474
0.00032425    0.000192125    -5.61772e-055.1398e-13    -2.96613e-13    -0.000390397
0.000319287    0.000189185    -5.53174e-055.13979e-13    -2.96614e-13    -0.000384423
0.000314402    0.00018629    -5.4471e-055.13978e-13    -2.96616e-13    -0.000378541
0.000309582    0.000183435    -5.3636e-055.13977e-13    -2.96617e-13    -0.000372738
0.000304846    0.000180628    -5.28154e-055.13976e-13    -2.96619e-13    -0.000367035
0.000300183    0.000177865    -5.20075e-055.13975e-13    -2.9662e-13    -0.000361421
0.000295583    0.00017514    -5.12106e-055.13974e-13    -2.96621e-13    -0.000355882
0.000291062    0.000172461    -5.04272e-055.13974e-13    -2.96623e-13    -0.000350438
0.000286608    0.000169822    -4.96556e-055.13973e-13    -2.96624e-13    -0.000345076
0.000282206    0.000167214    -4.8893e-055.13972e-13    -2.96626e-13    -0.000339777
0.000277884    0.000164653    -4.81442e-055.13971e-13    -2.96627e-13    -0.000334573
0.000273627    0.00016213    -4.74066e-055.13971e-13    -2.96628e-13    -0.000329447
0.000269438    0.000159648    -4.66808e-055.1397e-13    -2.96629e-13    -0.000324403
0.000265317    0.000157207    -4.59668e-055.13969e-13    -2.96631e-13    -0.000319441
0.000261255    0.0001548    -4.52631e-055.13968e-13    -2.96632e-13    -0.000314551
0.000257256    0.000152431    -4.45703e-055.13968e-13    -2.96633e-13    -0.000309737
0.000253322    0.0001501    -4.38887e-055.13967e-13    -2.96634e-13    -0.000305
0.00024945    0.000147805    -4.32178e-055.13966e-13    -2.96636e-13    -0.000300338
0.000245626    0.00014554    -4.25554e-055.13966e-13    -2.96637e-13    -0.000295734
0.000241869    0.000143314    -4.19044e-055.13965e-13    -2.96638e-13    -0.00029121
0.00023817    0.000141122    -4.12635e-055.13964e-13    -2.96639e-13    -0.000286756
0.00023452    0.000138959    -4.06312e-055.13964e-13    -2.9664e-13    -0.000282362
0.000230928    0.000136831    -4.00088e-055.13963e-13    -2.96641e-13    -0.000278037
0.000227396    0.000134738    -3.9397e-055.13962e-13    -2.96642e-13    -0.000273785
0.000223915    0.000132675    -3.87938e-055.13962e-13    -2.96644e-13    -0.000269593
0.00022049    0.000130646    -3.82004e-055.13961e-13    -2.96645e-13    -0.00026547
0.00021712    0.000128649    -3.76165e-055.1396e-13    -2.96646e-13    -0.000261412
0.000213791    0.000126677    -3.70398e-055.1396e-13    -2.96647e-13    -0.000257404
0.000210519    0.000124738    -3.64729e-055.13959e-13    -2.96648e-13    -0.000253465
0.000207301    0.000122831    -3.59154e-055.13959e-13    -2.96649e-13    -0.00024959
0.000204121    0.000120947    -3.53645e-055.13958e-13    -2.9665e-13    -0.000245762
0.000200997    0.000119096    -3.48233e-055.13958e-13    -2.96651e-13    -0.000242001
0.000197926    0.000117277    -3.42912e-055.13957e-13    -2.96652e-13    -0.000238303
0.000194891    0.000115478    -3.37654e-055.13956e-13    -2.96653e-13    -0.000234649
0.000191886    0.000113697    -3.32447e-055.13956e-13    -2.96653e-13    -0.00023103
0.000188951    0.000111959    -3.27363e-055.13955e-13    -2.96654e-13    -0.000227498
0.00018606    0.000110246    -3.22354e-055.13955e-13    -2.96655e-13    -0.000224017
0.00018321    0.000108557    -3.17417e-055.13954e-13    -2.96656e-13    -0.000220585
0.000180398    0.000106891    -3.12544e-055.13954e-13    -2.96657e-13    -0.000217199
0.000177635    0.000105254    -3.07757e-055.13953e-13    -2.96658e-13    -0.000213873
0.000174914    0.000103641    -3.03043e-055.13953e-13    -2.96659e-13    -0.000210596
0.000172238    0.000102056    -2.98407e-055.13952e-13    -2.9666e-13    -0.000207375
0.000169603    0.000100494    -2.93841e-055.13952e-13    -2.9666e-13    -0.000204201
0.00016701    9.89584e-05    -2.8935e-055.13952e-13    -2.96661e-13    -0.000201081
0.000164451    9.74416e-05    -2.84915e-055.13951e-13    -2.96662e-13    -0.000197998
0.000161931    9.59488e-05    -2.8055e-055.13951e-13    -2.96663e-13    -0.000194965
0.000159453    9.44802e-05    -2.76256e-055.1395e-13    -2.96663e-13    -0.000191981
0.000157013    9.30346e-05    -2.72029e-055.1395e-13    -2.96664e-13    -0.000189043
0.000154602    9.16059e-05    -2.67851e-055.13949e-13    -2.96665e-13    -0.00018614
0.000152235    9.02034e-05    -2.6375e-055.13949e-13    -2.96666e-13    -0.00018329
0.000149902    8.88213e-05    -2.59709e-055.13948e-13    -2.96666e-13    -0.000180482
0.000147603    8.74589e-05    -2.55725e-055.13948e-13    -2.96667e-13    -0.000177714
0.000145338    8.61168e-05    -2.51801e-055.13948e-13    -2.96668e-13    -0.000174987
0.000143114    8.47993e-05    -2.47949e-055.13947e-13    -2.96669e-13    -0.000172309
0.000140917    8.34976e-05    -2.44143e-055.13947e-13    -2.96669e-13    -0.000169664
0.00013876    8.22196e-05    -2.40406e-055.13946e-13    -2.9667e-13    -0.000167067
0.000136638    8.09618e-05    -2.36728e-055.13946e-13    -2.96671e-13    -0.000164512
0.000134544    7.97214e-05    -2.33101e-055.13946e-13    -2.96671e-13    -0.000161991
0.000132484    7.85008e-05    -2.29532e-055.13945e-13    -2.96672e-13    -0.000159511
0.000130457    7.72999e-05    -2.26021e-055.13945e-13    -2.96672e-13    -0.000157071
0.000128461    7.6117e-05    -2.22562e-055.13945e-13    -2.96673e-13    -0.000154667
0.000126495    7.49519e-05    -2.19155e-055.13944e-13    -2.96674e-13    -0.0001523
0.000124557    7.38038e-05    -2.15798e-055.13944e-13    -2.96674e-13    -0.000149967
0.000122652    7.2675e-05    -2.12498e-055.13944e-13    -2.96675e-13    -0.000147673
0.000120773    7.15615e-05    -2.09242e-055.13943e-13    -2.96675e-13    -0.00014541
0.000118927    7.04679e-05    -2.06044e-055.13943e-13    -2.96676e-13    -0.000143188
0.000117107    6.93894e-05    -2.02891e-055.13943e-13    -2.96677e-13    -0.000140997
0.000115314    6.83273e-05    -1.99785e-055.13942e-13    -2.96677e-13    -0.000138839
0.00011355    6.72821e-05    -1.96729e-055.13942e-13    -2.96678e-13    -0.000136715
0.000111812    6.62521e-05    -1.93717e-055.13942e-13    -2.96678e-13    -0.000134622
0.000110101    6.52384e-05    -1.90753e-055.13941e-13    -2.96679e-13    -0.000132562
0.000108418    6.42411e-05    -1.87837e-055.13941e-13    -2.96679e-13    -0.000130535
0.000106759    6.32581e-05    -1.84963e-055.13941e-13    -2.9668e-13    -0.000128538
0.000105124    6.22893e-05    -1.8213e-055.1394e-13    -2.9668e-13    -0.000126569
0.000103519    6.13382e-05    -1.79349e-055.1394e-13    -2.96681e-13    -0.000124637
0.00010193    6.03966e-05    -1.76596e-055.1394e-13    -2.96681e-13    -0.000122724
0.000100371    5.94731e-05    -1.73896e-055.1394e-13    -2.96682e-13    -0.000120847
9.88366e-05    5.85637e-05    -1.71237e-055.13939e-13    -2.96682e-13    -0.000118999
9.7308e-05    5.7658e-05    -1.68589e-055.13939e-13    -2.96683e-13    -0.000117159
9.58149e-05    5.67733e-05    -1.66002e-055.13939e-13    -2.96683e-13    -0.000115361
9.43487e-05    5.59045e-05    -1.63461e-055.13939e-13    -2.96684e-13    -0.000113596
9.29032e-05    5.5048e-05    -1.60957e-055.13938e-13    -2.96684e-13    -0.000111855
9.14833e-05    5.42067e-05    -1.58497e-055.13938e-13    -2.96685e-13    -0.000110146
9.00843e-05    5.33777e-05    -1.56073e-055.13938e-13    -2.96685e-13    -0.000108461
8.87021e-05    5.25587e-05    -1.53679e-055.13938e-13    -2.96685e-13    -0.000106797
8.73443e-05    5.17542e-05    -1.51326e-055.13937e-13    -2.96686e-13    -0.000105162
8.60087e-05    5.09629e-05    -1.49012e-055.13937e-13    -2.96686e-13    -0.000103554
8.43981e-05    5.00085e-05    -1.46222e-055.13937e-13    -2.96687e-13    -0.000101615
8.3107e-05    4.92435e-05    -1.43985e-055.13937e-13    -2.96687e-13    -0.000100061
8.18363e-05    4.84906e-05    -1.41783e-055.13936e-13    -2.96688e-13    -9.85308e-05
8.05794e-05    4.77458e-05    -1.39606e-055.13936e-13    -2.96688e-13    -9.70175e-05
7.9345e-05    4.70144e-05    -1.37467e-055.13936e-13    -2.96688e-13    -9.55313e-05
7.81308e-05    4.62949e-05    -1.35363e-055.13936e-13    -2.96689e-13    -9.40694e-05
7.69332e-05    4.55853e-05    -1.33289e-055.13935e-13    -2.96689e-13    -9.26275e-05
7.57562e-05    4.48879e-05    -1.31249e-055.13935e-13    -2.96689e-13    -9.12104e-05
7.45967e-05    4.42009e-05    -1.29241e-055.13935e-13    -2.9669e-13    -8.98143e-05
7.34556e-05    4.35248e-05    -1.27264e-055.13935e-13    -2.9669e-13    -8.84405e-05
7.23336e-05    4.28599e-05    -1.2532e-055.13935e-13    -2.9669e-13    -8.70896e-05
7.12254e-05    4.22033e-05    -1.234e-055.13934e-13    -2.96691e-13    -8.57554e-05
7.01351e-05    4.15573e-05    -1.21511e-055.13934e-13    -2.96691e-13    -8.44426e-05
6.90611e-05    4.09209e-05    -1.1965e-055.13934e-13    -2.96691e-13    -8.31495e-05
6.80053e-05    4.02953e-05    -1.17821e-055.13934e-13    -2.96692e-13    -8.18783e-05
6.69655e-05    3.96792e-05    -1.16019e-055.13934e-13    -2.96692e-13    -8.06264e-05
6.59409e-05    3.90721e-05    -1.14244e-055.13933e-13    -2.96692e-13    -7.93927e-05
6.49328e-05    3.84748e-05    -1.12498e-055.13933e-13    -2.96693e-13    -7.8179e-05
6.39401e-05    3.78866e-05    -1.10778e-055.13933e-13    -2.96693e-13    -7.69839e-05
6.2962e-05    3.7307e-05    -1.09083e-055.13933e-13    -2.96693e-13    -7.58062e-05
6.19994e-05    3.67367e-05    -1.07416e-055.13933e-13    -2.96694e-13    -7.46473e-05
6.10503e-05    3.61742e-05    -1.05771e-055.13933e-13    -2.96694e-13    -7.35045e-05
6.01155e-05    3.56204e-05    -1.04152e-055.13932e-13    -2.96694e-13    -7.2379e-05
5.91948e-05    3.50748e-05    -1.02556e-055.13932e-13    -2.96695e-13    -7.12705e-05
5.82896e-05    3.45384e-05    -1.00988e-055.13932e-13    -2.96695e-13    -7.01806e-05
5.73957e-05    3.40088e-05    -9.94395e-065.13932e-13    -2.96695e-13    -6.91044e-05
5.65179e-05    3.34887e-05    -9.79186e-065.13932e-13    -2.96695e-13    -6.80475e-05
5.56536e-05    3.29765e-05    -9.64212e-065.13932e-13    -2.96696e-13    -6.70068e-05
5.48003e-05    3.2471e-05    -9.49429e-065.13931e-13    -2.96696e-13    -6.59795e-05
5.39621e-05    3.19743e-05    -9.34906e-065.13931e-13    -2.96696e-13    -6.49703e-05
5.31361e-05    3.14849e-05    -9.20596e-065.13931e-13    -2.96696e-13    -6.39759e-05
5.23209e-05    3.10018e-05    -9.06473e-065.13931e-13    -2.96697e-13    -6.29944e-05
5.152e-05    3.05273e-05    -8.92596e-065.13931e-13    -2.96697e-13    -6.203e-05
5.07325e-05    3.00607e-05    -8.78953e-065.13931e-13    -2.96697e-13    -6.10819e-05
4.99553e-05    2.96001e-05    -8.65487e-065.13931e-13    -2.96697e-13    -6.01461e-05
4.91902e-05    2.91468e-05    -8.52232e-065.1393e-13    -2.96698e-13    -5.92249e-05
4.84382e-05    2.87012e-05    -8.39203e-065.1393e-13    -2.96698e-13    -5.83195e-05
4.7696e-05    2.82614e-05    -8.26344e-065.1393e-13    -2.96698e-13    -5.74259e-05
4.69635e-05    2.78274e-05    -8.13653e-065.1393e-13    -2.96698e-13    -5.6544e-05
4.6245e-05    2.74017e-05    -8.01205e-065.1393e-13    -2.96699e-13    -5.56789e-05
4.5535e-05    2.6981e-05    -7.88904e-065.1393e-13    -2.96699e-13    -5.48241e-05
4.48373e-05    2.65676e-05    -7.76817e-065.1393e-13    -2.96699e-13    -5.39841e-05
4.41522e-05    2.61616e-05    -7.64947e-065.1393e-13    -2.96699e-13    -5.31592e-05
4.34753e-05    2.57605e-05    -7.5322e-065.13929e-13    -2.96699e-13    -5.23442e-05
4.28087e-05    2.53656e-05    -7.41672e-065.13929e-13    -2.967e-13    -5.15417e-05
4.21545e-05    2.49779e-05    -7.30336e-065.13929e-13    -2.967e-13    -5.07539e-05
4.15084e-05    2.45951e-05    -7.19143e-065.13929e-13    -2.967e-13    -4.99761e-05
4.08727e-05    2.42184e-05    -7.08129e-065.13929e-13    -2.967e-13    -4.92107e-05
4.02473e-05    2.38478e-05    -6.97294e-065.13929e-13    -2.967e-13    -4.84577e-05
3.963e-05    2.34821e-05    -6.86599e-065.13929e-13    -2.96701e-13    -4.77145e-05
3.90239e-05    2.31229e-05    -6.76098e-065.13929e-13    -2.96701e-13    -4.69847e-05
3.84256e-05    2.27684e-05    -6.65733e-065.13929e-13    -2.96701e-13    -4.62644e-05
