0.0418112    0.0247132    -0.007244885.21282e-13    -2.83713e-13    -0.0503475
0.0418112    0.0247132    -0.007244885.21282e-13    -2.83713e-13    -0.0503475
0.0418112    0.0247132    -0.007244885.21282e-13    -2.83713e-13    -0.0503475
0.0418112    0.0247132    -0.007244885.21282e-13    -2.83713e-13    -0.0503475
0.0418112    0.0247132    -0.007244885.21282e-13    -2.83713e-13    -0.0503475
0.0418112    0.0247132    -0.007244885.21282e-13    -2.83713e-13    -0.0503475
0.0418112    0.0247132    -0.007244885.21282e-13    -2.83713e-13    -0.0503475
0.0418112    0.0247132    -0.007244885.21282e-13    -2.83713e-13    -0.0503475
0.0418112    0.0247132    -0.007244885.21282e-13    -2.83713e-13    -0.0503475
0.0418112    0.0247132    -0.007244885.21282e-13    -2.83713e-13    -0.0503475
0.0418112    0.0247132    -0.007244885.21282e-13    -2.83713e-13    -0.0503475
0.0418112    0.0247132    -0.007244885.21282e-13    -2.83713e-13    -0.0503475
0.0418112    0.0247132    -0.007244885.21282e-13    -2.83713e-13    -0.0503475
0.0418112    0.0247132    -0.007244885.21282e-13    -2.83713e-13    -0.0503475
0.0418112    0.0247132    -0.007244885.21282e-13    -2.83713e-13    -0.0503475
0.0418112    0.0247132    -0.007244885.21282e-13    -2.83713e-13    -0.0503475
0.0418112    0.0247132    -0.007244885.21282e-13    -2.83713e-13    -0.0503475
0.0418112    0.0247132    -0.007244885.21282e-13    -2.83713e-13    -0.0503475
0.0418112    0.0247132    -0.007244885.21282e-13    -2.83713e-13    -0.0503475
0.0418112    0.0247132    -0.007244885.21282e-13    -2.83713e-13    -0.0503475
0.0418112    0.0247132    -0.007244885.21282e-13    -2.83713e-13    -0.0503475
0.0418112    0.0247132    -0.007244885.21282e-13    -2.83713e-13    -0.0503475
0.0418112    0.0247132    -0.007244885.21282e-13    -2.83713e-13    -0.0503475
0.0397076    0.0234797    -0.006880455.20917e-13    -2.8437e-13    -0.0478149
0.03771    0.0223073    -0.006534345.2057e-13    -2.84993e-13    -0.0454097
0.0358113    0.0211922    -0.006205375.2024e-13    -2.85586e-13    -0.0431235
0.0340099    0.0201333    -0.005893225.19926e-13    -2.86148e-13    -0.0409543
0.0322998    0.0191275    -0.005596895.19627e-13    -2.86681e-13    -0.038895
0.0306108    0.0181336    -0.005304215.19332e-13    -2.87207e-13    -0.036861
0.0290693    0.0172257    -0.005037065.19062e-13    -2.87688e-13    -0.0350045
0.0276059    0.0163633    -0.004783465.18806e-13    -2.88144e-13    -0.0332422
0.0262166    0.0155441    -0.004542695.18562e-13    -2.88576e-13    -0.0315689
0.0248976    0.0147659    -0.004314115.18331e-13    -2.88987e-13    -0.0299804
0.0236458    0.014027    -0.004097175.18111e-13    -2.89376e-13    -0.0284728
0.0224561    0.0133244    -0.003890985.17902e-13    -2.89747e-13    -0.02704
0.0213263    0.0126569    -0.003695185.17703e-13    -2.90098e-13    -0.0256792
0.0202529    0.0120224    -0.003509145.17514e-13    -2.90432e-13    -0.0243864
0.0192346    0.0114203    -0.003332685.17335e-13    -2.90748e-13    -0.0231601
0.0182673    0.010848    -0.003165035.17164e-13    -2.91049e-13    -0.021995
0.0173487    0.0103044    -0.003005845.17002e-13    -2.91334e-13    -0.0208888
0.0164759    0.00978769    -0.002854585.16848e-13    -2.91606e-13    -0.0198376
0.0156469    0.00929675    -0.002710925.16701e-13    -2.91863e-13    -0.0188392
0.0147612    0.00877226    -0.002557425.16545e-13    -2.92138e-13    -0.0177725
0.0140191    0.00833251    -0.002428835.16414e-13    -2.92369e-13    -0.0168789
0.0133142    0.00791464    -0.002306675.16289e-13    -2.92587e-13    -0.01603
0.0126446    0.00751759    -0.002190645.1617e-13    -2.92795e-13    -0.0152236
0.0120084    0.00714032    -0.002080415.16058e-13    -2.92993e-13    -0.0144576
0.0114046    0.00678208    -0.001975775.15951e-13    -2.9318e-13    -0.0137304
0.0108308    0.00644162    -0.001876355.15849e-13    -2.93358e-13    -0.0130395
0.010286    0.00611824    -0.001781945.15752e-13    -2.93527e-13    -0.0123834
0.00976841    0.00581099    -0.001692265.1566e-13    -2.93688e-13    -0.0117602
0.00927681    0.0055191    -0.001607085.15573e-13    -2.9384e-13    -0.0111682
0.00881029    0.00524205    -0.001526255.1549e-13    -2.93985e-13    -0.0106065
0.00836744    0.004979    -0.001449525.15412e-13    -2.94122e-13    -0.0100733
0.00794671    0.00472905    -0.001376625.15337e-13    -2.94252e-13    -0.00956666
0.00754724    0.00449169    -0.001307415.15266e-13    -2.94376e-13    -0.00908568
0.00716762    0.00426609    -0.001241635.15199e-13    -2.94494e-13    -0.0086286
0.00680679    0.00405162    -0.001179125.15134e-13    -2.94606e-13    -0.00819415
0.00646442    0.0038481    -0.00111985.15074e-13    -2.94712e-13    -0.00778194
0.0061394    0.00365486    -0.001063495.15016e-13    -2.94812e-13    -0.00739061
0.00583073    0.00347133    -0.001010025.14961e-13    -2.94908e-13    -0.00701899
0.00553746    0.00329692    -0.0009592065.14909e-13    -2.94999e-13    -0.0066659
0.00525892    0.00313126    -0.0009109515.14859e-13    -2.95085e-13    -0.00633056
0.00498605    0.00296896    -0.000863685.14811e-13    -2.9517e-13    -0.00600205
0.0047353    0.00281979    -0.0008202395.14766e-13    -2.95247e-13    -0.00570016
0.00449694    0.00267798    -0.0007789465.14724e-13    -2.95321e-13    -0.0054132
0.00427055    0.00254328    -0.0007397285.14683e-13    -2.95391e-13    -0.00514066
0.00405571    0.00241544    -0.000702515.14645e-13    -2.95458e-13    -0.00488202
0.00385171    0.00229404    -0.0006671715.14609e-13    -2.95521e-13    -0.00463643
0.00365802    0.00217877    -0.0006336185.14574e-13    -2.95581e-13    -0.00440326
0.00347384    0.00206915    -0.0006017125.14541e-13    -2.95638e-13    -0.00418153
0.00329903    0.00196509    -0.000571435.1451e-13    -2.95692e-13    -0.00397109
0.00313305    0.00186629    -0.0005426795.14481e-13    -2.95743e-13    -0.00377129
0.00297544    0.00177246    -0.0005153765.14452e-13    -2.95792e-13    -0.00358155
0.0028258    0.00168337    -0.0004894555.14426e-13    -2.95839e-13    -0.00340142
0.0026835    0.00159865    -0.0004648065.144e-13    -2.95883e-13    -0.00323012
0.00254851    0.00151827    -0.0004414225.14376e-13    -2.95924e-13    -0.00306761
0.00242033    0.00144195    -0.0004192195.14354e-13    -2.95964e-13    -0.00291332
0.00229857    0.00136944    -0.0003981275.14332e-13    -2.96002e-13    -0.00276674
0.00218277    0.00130048    -0.000378075.14311e-13    -2.96038e-13    -0.00262736
0.00207293    0.00123507    -0.0003590435.14292e-13    -2.96072e-13    -0.00249513
0.00196869    0.00117299    -0.0003409885.14273e-13    -2.96104e-13    -0.00236966
0.0018697    0.00111403    -0.0003238415.14255e-13    -2.96134e-13    -0.0022505
0.00177559    0.00105798    -0.000307545.14239e-13    -2.96164e-13    -0.00213722
0.00168628    0.00100478    -0.000292075.14223e-13    -2.96191e-13    -0.00202971
0.00160148    0.000954263    -0.0002773815.14208e-13    -2.96217e-13    -0.00192763
0.00152092    0.000906278    -0.0002634285.14193e-13    -2.96242e-13    -0.00183066
0.00144438    0.000860684    -0.0002501715.14179e-13    -2.96266e-13    -0.00173853
0.00137169    0.00081738    -0.000237585.14167e-13    -2.96289e-13    -0.00165104
0.0013026    0.000776222    -0.0002256135.14154e-13    -2.9631e-13    -0.00156788
0.0012371    0.0007372    -0.0002142685.14142e-13    -2.9633e-13    -0.00148903
0.00117475    0.000700052    -0.0002034685.14131e-13    -2.96349e-13    -0.00141398
0.00111566    0.000664849    -0.0001932335.14121e-13    -2.96368e-13    -0.00134286
0.0010595    0.000631388    -0.0001835065.14111e-13    -2.96385e-13    -0.00127525
0.00100437    0.000598545    -0.0001739585.14101e-13    -2.96402e-13    -0.0012089
0.000953857    0.000568445    -0.0001652085.14092e-13    -2.96418e-13    -0.0011481
0.000905892    0.000539866    -0.00015695.14083e-13    -2.96433e-13    -0.00109036
0.000860328    0.000512717    -0.0001490085.14075e-13    -2.96447e-13    -0.00103552
0.000817063    0.000486937    -0.0001415155.14068e-13    -2.9646e-13    -0.000983443
0.000775921    0.000462422    -0.0001343895.1406e-13    -2.96473e-13    -0.000933921
0.000736894    0.000439167    -0.0001276295.14053e-13    -2.96485e-13    -0.000886946
0.000699831    0.000417081    -0.000121215.14047e-13    -2.96496e-13    -0.000842335
0.0006646    0.000396087    -0.0001151085.1404e-13    -2.96507e-13    -0.000799929
0.000631137    0.000376147    -0.0001093125.14034e-13    -2.96518e-13    -0.000759651
0.00059938    0.000357223    -0.0001038125.14029e-13    -2.96527e-13    -0.000721428
0.000569211    0.000339244    -9.85862e-055.14023e-13    -2.96537e-13    -0.000685114
0.00054057    0.000322177    -9.36257e-055.14018e-13    -2.96546e-13    -0.000650642
0.000513363    0.000305963    -8.89134e-055.14013e-13    -2.96554e-13    -0.000617894
0.000487534    0.00029057    -8.44397e-055.14009e-13    -2.96562e-13    -0.000586805
0.000463009    0.000275955    -8.0192e-055.14004e-13    -2.9657e-13    -0.000557286
0.000439724    0.000262078    -7.6159e-055.14e-13    -2.96577e-13    -0.000529259
0.000417575    0.000248878    -7.23228e-055.13996e-13    -2.96584e-13    -0.0005026
0.000396511    0.000236325    -6.86746e-055.13992e-13    -2.9659e-13    -0.000477247
0.000376569    0.00022444    -6.52206e-055.13989e-13    -2.96596e-13    -0.000453244
0.000357629    0.000213153    -6.19403e-055.13986e-13    -2.96602e-13    -0.000430448
0.000339634    0.000202428    -5.88236e-055.13982e-13    -2.96608e-13    -0.000408788
0.00032254    0.000192241    -5.58629e-055.13979e-13    -2.96613e-13    -0.000388214
0.000306314    0.00018257    -5.30526e-055.13976e-13    -2.96618e-13    -0.000368683
0.000290904    0.000173386    -5.03836e-055.13974e-13    -2.96623e-13    -0.000350135
0.000276268    0.000164663    -4.78487e-055.13971e-13    -2.96627e-13    -0.000332519
0.000262359    0.000156373    -4.54396e-055.13969e-13    -2.96632e-13    -0.000315778
0.000249161    0.000148507    -4.31537e-055.13966e-13    -2.96636e-13    -0.000299892
0.000236621    0.000141034    -4.0982e-055.13964e-13    -2.9664e-13    -0.0002848
0.000224722    0.000133942    -3.89211e-055.13962e-13    -2.96643e-13    -0.000270478
0.000213406    0.000127197    -3.69611e-055.1396e-13    -2.96647e-13    -0.000256857
0.000202665    0.000120796    -3.51009e-055.13958e-13    -2.9665e-13    -0.00024393
0.000192473    0.000114721    -3.33356e-055.13956e-13    -2.96653e-13    -0.000231662
0.000182792    0.000108951    -3.16588e-055.13954e-13    -2.96656e-13    -0.000220009
0.000173593    0.000103468    -3.00657e-055.13953e-13    -2.96659e-13    -0.000208938
0.00016486    9.82629e-05    -2.8553e-055.13951e-13    -2.96662e-13    -0.000198426
0.000156565    9.33195e-05    -2.71165e-055.1395e-13    -2.96664e-13    -0.000188443
0.000148689    8.86248e-05    -2.57523e-055.13948e-13    -2.96667e-13    -0.000178963
0.000141208    8.4166e-05    -2.44566e-055.13947e-13    -2.96669e-13    -0.000169959
0.000134099    7.9929e-05    -2.32254e-055.13946e-13    -2.96671e-13    -0.000161403
0.000127353    7.59079e-05    -2.2057e-055.13944e-13    -2.96673e-13    -0.000153282
0.000120949    7.2091e-05    -2.09478e-055.13943e-13    -2.96675e-13    -0.000145575
0.000114865    6.84648e-05    -1.98941e-055.13942e-13    -2.96677e-13    -0.000138252
0.000109085    6.50199e-05    -1.88931e-055.13941e-13    -2.96679e-13    -0.000131296
0.0001036    6.17503e-05    -1.7943e-055.1394e-13    -2.96681e-13    -0.000124693
9.83855e-05    5.86425e-05    -1.70399e-055.13939e-13    -2.96682e-13    -0.000118417
9.34332e-05    5.56907e-05    -1.61822e-055.13938e-13    -2.96684e-13    -0.000112457
8.83332e-05    5.26509e-05    -1.52989e-055.13937e-13    -2.96686e-13    -0.000106318
8.38893e-05    5.00022e-05    -1.45293e-055.13937e-13    -2.96687e-13    -0.00010097
7.9671e-05    4.74879e-05    -1.37987e-055.13936e-13    -2.96688e-13    -9.58923e-05
7.56602e-05    4.50974e-05    -1.3104e-055.13935e-13    -2.96689e-13    -9.10649e-05
7.18512e-05    4.2827e-05    -1.24443e-055.13935e-13    -2.96691e-13    -8.64804e-05
6.82382e-05    4.06735e-05    -1.18186e-055.13934e-13    -2.96692e-13    -8.21318e-05
6.48061e-05    3.86279e-05    -1.12241e-055.13933e-13    -2.96693e-13    -7.80009e-05
6.15438e-05    3.66833e-05    -1.06591e-055.13933e-13    -2.96694e-13    -7.40743e-05
5.84478e-05    3.4838e-05    -1.01229e-055.13932e-13    -2.96695e-13    -7.03479e-05
5.55081e-05    3.30858e-05    -9.61375e-065.13932e-13    -2.96696e-13    -6.68097e-05
5.27162e-05    3.14217e-05    -9.13021e-065.13931e-13    -2.96697e-13    -6.34494e-05
5.00645e-05    2.98412e-05    -8.67095e-065.13931e-13    -2.96697e-13    -6.02578e-05
4.75449e-05    2.83393e-05    -8.23456e-065.1393e-13    -2.96698e-13    -5.72252e-05
4.51515e-05    2.69127e-05    -7.82002e-065.1393e-13    -2.96699e-13    -5.43444e-05
4.28807e-05    2.55593e-05    -7.42674e-065.13929e-13    -2.967e-13    -5.16113e-05
4.07234e-05    2.42734e-05    -7.0531e-065.13929e-13    -2.967e-13    -4.90148e-05
3.86743e-05    2.3052e-05    -6.6982e-065.13929e-13    -2.96701e-13    -4.65484e-05
3.67295e-05    2.18929e-05    -6.36139e-065.13928e-13    -2.96701e-13    -4.42078e-05
3.48829e-05    2.07922e-05    -6.04156e-065.13928e-13    -2.96702e-13    -4.19851e-05
3.31278e-05    1.9746e-05    -5.73758e-065.13928e-13    -2.96703e-13    -3.98727e-05
3.14618e-05    1.8753e-05    -5.44903e-065.13927e-13    -2.96703e-13    -3.78675e-05
2.98796e-05    1.78099e-05    -5.175e-065.13927e-13    -2.96704e-13    -3.59631e-05
2.83768e-05    1.69142e-05    -4.91472e-065.13927e-13    -2.96704e-13    -3.41544e-05
2.69495e-05    1.60634e-05    -4.66752e-065.13926e-13    -2.96704e-13    -3.24364e-05
2.55932e-05    1.5255e-05    -4.43262e-065.13926e-13    -2.96705e-13    -3.0804e-05
2.43061e-05    1.44878e-05    -4.2097e-065.13926e-13    -2.96705e-13    -2.92549e-05
2.30839e-05    1.37593e-05    -3.99801e-065.13926e-13    -2.96706e-13    -2.77838e-05
2.19229e-05    1.30673e-05    -3.79695e-065.13926e-13    -2.96706e-13    -2.63865e-05
2.08193e-05    1.24095e-05    -3.6058e-065.13925e-13    -2.96706e-13    -2.50581e-05
1.97718e-05    1.17851e-05    -3.42438e-065.13925e-13    -2.96707e-13    -2.37974e-05
1.87776e-05    1.11926e-05    -3.25219e-065.13925e-13    -2.96707e-13    -2.26008e-05
1.78335e-05    1.06298e-05    -3.08867e-065.13925e-13    -2.96707e-13    -2.14644e-05
1.69358e-05    1.00947e-05    -2.9332e-065.13925e-13    -2.96708e-13    -2.0384e-05
1.60841e-05    9.58707e-06    -2.78569e-065.13925e-13    -2.96708e-13    -1.93589e-05
1.52753e-05    9.10497e-06    -2.64561e-065.13924e-13    -2.96708e-13    -1.83854e-05
1.45069e-05    8.64698e-06    -2.51253e-065.13924e-13    -2.96708e-13    -1.74606e-05
1.37774e-05    8.21216e-06    -2.38619e-065.13924e-13    -2.96709e-13    -1.65826e-05
1.30844e-05    7.79909e-06    -2.26616e-065.13924e-13    -2.96709e-13    -1.57484e-05
1.24264e-05    7.40684e-06    -2.15219e-065.13924e-13    -2.96709e-13    -1.49564e-05
1.18012e-05    7.03421e-06    -2.04391e-065.13924e-13    -2.96709e-13    -1.42039e-05
1.12077e-05    6.68047e-06    -1.94113e-065.13924e-13    -2.96709e-13    -1.34896e-05
1.06437e-05    6.34426e-06    -1.84343e-065.13924e-13    -2.9671e-13    -1.28107e-05
1.01079e-05    6.0249e-06    -1.75064e-065.13923e-13    -2.9671e-13    -1.21659e-05
