0.0418112    0.0247132    -0.00724488    5.21282e-13    -2.83713e-13    -0.0503475
0.0418112    0.0247132    -0.00724488    5.21282e-13    -2.83713e-13    -0.0503475
0.0418112    0.0247132    -0.00724488    5.21282e-13    -2.83713e-13    -0.0503475
0.0418112    0.0247132    -0.00724488    5.21282e-13    -2.83713e-13    -0.0503475
0.0418112    0.0247132    -0.00724488    5.21282e-13    -2.83713e-13    -0.0503475
0.0418112    0.0247132    -0.00724488    5.21282e-13    -2.83713e-13    -0.0503475
0.0418112    0.0247132    -0.00724488    5.21282e-13    -2.83713e-13    -0.0503475
0.0418112    0.0247132    -0.00724488    5.21282e-13    -2.83713e-13    -0.0503475
0.0418112    0.0247132    -0.00724488    5.21282e-13    -2.83713e-13    -0.0503475
0.0418112    0.0247132    -0.00724488    5.21282e-13    -2.83713e-13    -0.0503475
0.0418112    0.0247132    -0.00724488    5.21282e-13    -2.83713e-13    -0.0503475
0.0418112    0.0247132    -0.00724488    5.21282e-13    -2.83713e-13    -0.0503475
0.0418112    0.0247132    -0.00724488    5.21282e-13    -2.83713e-13    -0.0503475
0.0418112    0.0247132    -0.00724488    5.21282e-13    -2.83713e-13    -0.0503475
0.0418112    0.0247132    -0.00724488    5.21282e-13    -2.83713e-13    -0.0503475
0.0418112    0.0247132    -0.00724488    5.21282e-13    -2.83713e-13    -0.0503475
0.0418112    0.0247132    -0.00724488    5.21282e-13    -2.83713e-13    -0.0503475
0.0418112    0.0247132    -0.00724488    5.21282e-13    -2.83713e-13    -0.0503475
0.0418112    0.0247132    -0.00724488    5.21282e-13    -2.83713e-13    -0.0503475
0.0418112    0.0247132    -0.00724488    5.21282e-13    -2.83713e-13    -0.0503475
0.0418112    0.0247132    -0.00724488    5.21282e-13    -2.83713e-13    -0.0503475
0.0418112    0.0247132    -0.00724488    5.21282e-13    -2.83713e-13    -0.0503475
0.0418112    0.0247132    -0.00724488    5.21282e-13    -2.83713e-13    -0.0503475
0.0418112    0.0247132    -0.00724488    5.21282e-13    -2.83713e-13    -0.0503475
0.0418112    0.0247132    -0.00724488    5.21282e-13    -2.83713e-13    -0.0503475
0.0418112    0.0247132    -0.00724488    5.21282e-13    -2.83713e-13    -0.0503475
0.0418112    0.0247132    -0.00724488    5.21282e-13    -2.83713e-13    -0.0503475
0.0418112    0.0247132    -0.00724488    5.21282e-13    -2.83713e-13    -0.0503475
0.0418112    0.0247132    -0.00724488    5.21282e-13    -2.83713e-13    -0.0503475
0.0418112    0.0247132    -0.00724488    5.21282e-13    -2.83713e-13    -0.0503475
0.0418112    0.0247132    -0.00724488    5.21282e-13    -2.83713e-13    -0.0503475
0.0418112    0.0247132    -0.00724488    5.21282e-13    -2.83713e-13    -0.0503475
0.0418112    0.0247132    -0.00724488    5.21282e-13    -2.83713e-13    -0.0503475
0.0418112    0.0247132    -0.00724488    5.21282e-13    -2.83713e-13    -0.0503475
0.0418112    0.0247132    -0.00724488    5.21282e-13    -2.83713e-13    -0.0503475
0.0418112    0.0247132    -0.00724488    5.21282e-13    -2.83713e-13    -0.0503475
0.0418112    0.0247132    -0.00724488    5.21282e-13    -2.83713e-13    -0.0503475
0.0418112    0.0247132    -0.00724488    5.21282e-13    -2.83713e-13    -0.0503475
0.0418112    0.0247132    -0.00724488    5.21282e-13    -2.83713e-13    -0.0503475
0.0418112    0.0247132    -0.00724488    5.21282e-13    -2.83713e-13    -0.0503475
0.0418112    0.0247132    -0.00724488    5.21282e-13    -2.83713e-13    -0.0503475
0.0418112    0.0247132    -0.00724488    5.21282e-13    -2.83713e-13    -0.0503475
0.0418112    0.0247132    -0.00724488    5.21282e-13    -2.83713e-13    -0.0503475
0.0418112    0.0247132    -0.00724488    5.21282e-13    -2.83713e-13    -0.0503475
0.0418112    0.0247132    -0.00724488    5.21282e-13    -2.83713e-13    -0.0503475
0.0418112    0.0247132    -0.00724488    5.21282e-13    -2.83713e-13    -0.0503475
0.0418112    0.0247132    -0.00724488    5.21282e-13    -2.83713e-13    -0.0503475
0.0418112    0.0247132    -0.00724488    5.21282e-13    -2.83713e-13    -0.0503475
0.0418112    0.0247132    -0.00724488    5.21282e-13    -2.83713e-13    -0.0503475
0.0418112    0.0247132    -0.00724488    5.21282e-13    -2.83713e-13    -0.0503475
0.0418112    0.0247132    -0.00724488    5.21282e-13    -2.83713e-13    -0.0503475
0.0418112    0.0247132    -0.00724488    5.21282e-13    -2.83713e-13    -0.0503475
0.0418112    0.0247132    -0.00724488    5.21282e-13    -2.83713e-13    -0.0503475
0.0418112    0.0247132    -0.00724488    5.21282e-13    -2.83713e-13    -0.0503475
0.0418112    0.0247132    -0.00724488    5.21282e-13    -2.83713e-13    -0.0503475
0.0418112    0.0247132    -0.00724488    5.21282e-13    -2.83713e-13    -0.0503475
0.0418112    0.0247132    -0.00724488    5.21282e-13    -2.83713e-13    -0.0503475
0.0412675    0.0243925    -0.00715068    5.21188e-13    -2.83883e-13    -0.0496929
0.0409032    0.0241775    -0.00708755    5.21125e-13    -2.83996e-13    -0.0492542
0.0405704    0.023981    -0.00702988    5.21067e-13    -2.841e-13    -0.0488534
0.0399741    0.0236294    -0.00692658    5.20964e-13    -2.84287e-13    -0.0481355
0.0396239    0.0234226    -0.00686589    5.20903e-13    -2.84396e-13    -0.0477138
0.0391728    0.0231564    -0.00678773    5.20824e-13    -2.84537e-13    -0.0471706
0.0381962    0.0225812    -0.00661851    5.20655e-13    -2.84842e-13    -0.0459946
0.0373812    0.0221009    -0.0064773    5.20513e-13    -2.85096e-13    -0.0450133
0.036612    0.0216474    -0.00634402    5.20379e-13    -2.85336e-13    -0.0440871
0.0361792    0.0213919    -0.00626902    5.20304e-13    -2.85471e-13    -0.0435659
0.0356049    0.0210531    -0.00616952    5.20204e-13    -2.8565e-13    -0.0428744
0.035126    0.0207705    -0.00608653    5.2012e-13    -2.858e-13    -0.0422977
0.0344496    0.0203715    -0.00596933    5.20002e-13    -2.86011e-13    -0.0414832
0.0339146    0.0200558    -0.00587662    5.19909e-13    -2.86178e-13    -0.040839
0.0333106    0.0196994    -0.00577196    5.19804e-13    -2.86366e-13    -0.0401116
0.0327857    0.0193896    -0.00568101    5.19712e-13    -2.8653e-13    -0.0394796
0.0325107    0.0192271    -0.00563336    5.19664e-13    -2.86615e-13    -0.0391484
0.0320439    0.0189515    -0.00555248    5.19582e-13    -2.86761e-13    -0.0385863
0.0313465    0.0185402    -0.00543163    5.19461e-13    -2.86978e-13    -0.0377465
0.0306645    0.0181378    -0.00531345    5.19341e-13    -2.87191e-13    -0.0369253
0.0300922    0.0178    -0.00521428    5.19241e-13    -2.87369e-13    -0.0362361
0.0297295    0.0175858    -0.00515142    5.19178e-13    -2.87482e-13    -0.0357993
0.0291689    0.0172549    -0.00505428    5.1908e-13    -2.87657e-13    -0.0351242
0.0286613    0.0169552    -0.00496633    5.18991e-13    -2.87815e-13    -0.034513
0.0282862    0.0167336    -0.00490132    5.18925e-13    -2.87932e-13    -0.0340612
0.0277736    0.0164309    -0.0048125    5.18835e-13    -2.88091e-13    -0.033444
0.0274866    0.0162613    -0.00476278    5.18785e-13    -2.88181e-13    -0.0330984
0.0270911    0.0160277    -0.00469424    5.18716e-13    -2.88304e-13    -0.0326221
0.0265225    0.015692    -0.0045957    5.18616e-13    -2.88481e-13    -0.0319374
0.0259859    0.0153752    -0.00450272    5.18522e-13    -2.88648e-13    -0.0312912
0.0256543    0.0151792    -0.00444525    5.18464e-13    -2.88751e-13    -0.0308918
0.0253663    0.015009    -0.00439536    5.18413e-13    -2.88841e-13    -0.0305451
0.0248283    0.0146913    -0.00430213    5.18319e-13    -2.89008e-13    -0.0298972
0.0245044    0.0144999    -0.004246    5.18262e-13    -2.89109e-13    -0.0295072
0.0240614    0.0142382    -0.00416924    5.18184e-13    -2.89247e-13    -0.0289737
0.0235286    0.0139236    -0.00407691    5.18091e-13    -2.89413e-13    -0.0283321
0.0231378    0.0136926    -0.00400919    5.18022e-13    -2.89534e-13    -0.0278614
0.0226615    0.0134113    -0.00392665    5.17938e-13    -2.89683e-13    -0.0272878
0.0221919    0.0131338    -0.00384528    5.17856e-13    -2.89829e-13    -0.0267223
0.0218728    0.0129452    -0.00378999    5.17799e-13    -2.89928e-13    -0.0263381
0.0213984    0.0126649    -0.00370777    5.17716e-13    -2.90075e-13    -0.0257668
0.0211028    0.0124902    -0.00365655    5.17664e-13    -2.90167e-13    -0.0254108
0.0206801    0.0122404    -0.00358329    5.17589e-13    -2.90299e-13    -0.0249017
0.0203065    0.0120196    -0.00351857    5.17524e-13    -2.90415e-13    -0.0244519
0.0198705    0.0117619    -0.003443    5.17447e-13    -2.9055e-13    -0.0239267
0.0195711    0.0115849    -0.00339113    5.17394e-13    -2.90643e-13    -0.0235663
0.0193548    0.011457    -0.00335365    5.17356e-13    -2.90711e-13    -0.0233058
0.0189279    0.0112047    -0.00327967    5.17281e-13    -2.90843e-13    -0.0227917
0.0185188    0.0109629    -0.00320877    5.17209e-13    -2.90971e-13    -0.022299
0.0183007    0.0108339    -0.00317098    5.1717e-13    -2.91038e-13    -0.0220364
0.0179157    0.0106063    -0.00310426    5.17102e-13    -2.91158e-13    -0.0215727
0.0176032    0.0104215    -0.00305011    5.17047e-13    -2.91255e-13    -0.0211964
0.017352    0.0102729    -0.00300658    5.17003e-13    -2.91333e-13    -0.0208939
0.017055    0.0100973    -0.00295512    5.1695e-13    -2.91425e-13    -0.0205363
0.0168502    0.00997612    -0.00291963    5.16914e-13    -2.91489e-13    -0.0202896
0.0165198    0.00978077    -0.00286238    5.16856e-13    -2.91592e-13    -0.0198918
0.0163149    0.00965954    -0.00282687    5.1682e-13    -2.91655e-13    -0.019645
0.0160772    0.00951895    -0.00278569    5.16778e-13    -2.91729e-13    -0.0193588
0.0158968    0.00941223    -0.00275444    5.16746e-13    -2.91785e-13    -0.0191417
0.0157279    0.00931225    -0.00272516    5.16716e-13    -2.91838e-13    -0.0189382
0.0155399    0.00920105    -0.00269259    5.16683e-13    -2.91896e-13    -0.0187119
0.0152891    0.00905265    -0.00264912    5.16638e-13    -2.91974e-13    -0.0184097
0.0150739    0.00892534    -0.00261183    5.166e-13    -2.92041e-13    -0.0181506
0.0149176    0.00883288    -0.00258476    5.16573e-13    -2.92089e-13    -0.0179625
0.014598    0.00864386    -0.00252937    5.16516e-13    -2.92188e-13    -0.0175776
0.0144617    0.00856321    -0.00250576    5.16492e-13    -2.92231e-13    -0.0174135
0.0143213    0.00848011    -0.00248143    5.16467e-13    -2.92274e-13    -0.0172444
0.0141026    0.00835069    -0.00244352    5.16429e-13    -2.92342e-13    -0.016981
0.0138321    0.00819068    -0.00239665    5.16381e-13    -2.92426e-13    -0.0166553
0.0135201    0.00800619    -0.0023426    5.16326e-13    -2.92523e-13    -0.0162796
0.0132252    0.00783174    -0.00229149    5.16273e-13    -2.92615e-13    -0.0159245
0.0129861    0.00769026    -0.00225005    5.16231e-13    -2.92689e-13    -0.0156365
0.0128094    0.00758568    -0.00221943    5.162e-13    -2.92744e-13    -0.0154237
0.0125654    0.00744136    -0.00217716    5.16157e-13    -2.92819e-13    -0.01513
0.0123981    0.00734231    -0.00214816    5.16127e-13    -2.92871e-13    -0.0149284
0.012246    0.00725229    -0.00212181    5.161e-13    -2.92918e-13    -0.0147453
0.0121078    0.0071705    -0.00209787    5.16075e-13    -2.92961e-13    -0.0145789
0.0119069    0.00705161    -0.00206306    5.1604e-13    -2.93024e-13    -0.014337
0.0117702    0.0069707    -0.00203937    5.16016e-13    -2.93066e-13    -0.0141724
0.0116513    0.00690033    -0.00201877    5.15995e-13    -2.93103e-13    -0.0140293
0.0114326    0.00677088    -0.00198086    5.15956e-13    -2.93171e-13    -0.0137658
0.0113214    0.00670507    -0.0019616    5.15936e-13    -2.93205e-13    -0.0136319
0.0110981    0.00657294    -0.00192291    5.15897e-13    -2.93275e-13    -0.0133631
0.0109843    0.00650555    -0.00190319    5.15876e-13    -2.9331e-13    -0.013226
0.010742    0.00636222    -0.00186121    5.15833e-13    -2.93385e-13    -0.0129343
0.0106463    0.00630553    -0.00184462    5.15816e-13    -2.93415e-13    -0.012819
0.0104115    0.00616657    -0.00180393    5.15775e-13    -2.93488e-13    -0.0125362
0.0103219    0.00611357    -0.00178842    5.15759e-13    -2.93515e-13    -0.0124284
0.0101608    0.00601816    -0.00176049    5.1573e-13    -2.93565e-13    -0.0122344
0.0100541    0.00595498    -0.001742    5.15711e-13    -2.93598e-13    -0.0121059
0.00993907    0.00588691    -0.00172208    5.15691e-13    -2.93634e-13    -0.0119674
0.00974276    0.00577072    -0.00168806    5.15656e-13    -2.93695e-13    -0.011731
0.00955951    0.00566226    -0.00165631    5.15624e-13    -2.93752e-13    -0.0115104
0.00939088    0.00556244    -0.00162709    5.15594e-13    -2.93804e-13    -0.0113073
0.00918143    0.00543848    -0.0015908    5.15557e-13    -2.93869e-13    -0.0110551
0.00902181    0.00534399    -0.00156314    5.15528e-13    -2.93919e-13    -0.0108629
0.00884862    0.00524147    -0.00153313    5.15497e-13    -2.93972e-13    -0.0106543
0.00876736    0.00519335    -0.00151905    5.15483e-13    -2.93997e-13    -0.0105565
0.00868119    0.00514232    -0.00150412    5.15468e-13    -2.94024e-13    -0.0104527
0.00854542    0.00506194    -0.0014806    5.15444e-13    -2.94066e-13    -0.0102893
0.00846864    0.00501647    -0.00146729    5.1543e-13    -2.9409e-13    -0.0101968
0.00839386    0.00497219    -0.00145434    5.15417e-13    -2.94113e-13    -0.0101068
0.00830252    0.0049181    -0.00143851    5.154e-13    -2.94142e-13    -0.00999677
0.00818015    0.00484565    -0.00141731    5.15379e-13    -2.9418e-13    -0.00984943
0.00801566    0.00474827    -0.00138881    5.1535e-13    -2.94231e-13    -0.00965135
0.00788424    0.00467046    -0.00136603    5.15326e-13    -2.94271e-13    -0.00949311
0.00773322    0.00458105    -0.00133987    5.15299e-13    -2.94318e-13    -0.00931126
0.00766676    0.00454169    -0.00132835    5.15288e-13    -2.94339e-13    -0.00923123
0.00758856    0.00449538    -0.0013148    5.15274e-13    -2.94363e-13    -0.00913707
0.00741505    0.00439267    -0.00128474    5.15243e-13    -2.94417e-13    -0.00892815
0.00733445    0.00434493    -0.00127077    5.15228e-13    -2.94442e-13    -0.00883109
0.00717944    0.00425316    -0.00124391    5.15201e-13    -2.9449e-13    -0.00864444
0.00710991    0.00421198    -0.00123187    5.15189e-13    -2.94511e-13    -0.00856071
0.00694812    0.00411619    -0.00120383    5.1516e-13    -2.94561e-13    -0.0083659
0.00688815    0.00408068    -0.00119344    5.15149e-13    -2.9458e-13    -0.0082937
0.00674402    0.00399534    -0.00116847    5.15124e-13    -2.94625e-13    -0.00812014
0.00668413    0.00395986    -0.00115809    5.15113e-13    -2.94643e-13    -0.00804803
0.00663154    0.00392871    -0.00114898    5.15104e-13    -2.94659e-13    -0.00798471
0.00648799    0.00384372    -0.00112411    5.15078e-13    -2.94704e-13    -0.00781185
0.00637963    0.00377954    -0.00110533    5.15059e-13    -2.94738e-13    -0.00768137
0.00631256    0.00373982    -0.00109371    5.15047e-13    -2.94758e-13    -0.00760062
0.00624773    0.00370142    -0.00108248    5.15035e-13    -2.94778e-13    -0.00752255
0.00616225    0.0036508    -0.00106767    5.1502e-13    -2.94805e-13    -0.00741963
0.00602979    0.00357236    -0.00104472    5.14997e-13    -2.94846e-13    -0.00726014
0.00590863    0.00350061    -0.00102372    5.14975e-13    -2.94883e-13    -0.00711424
0.00583078    0.00345451    -0.00101023    5.14961e-13    -2.94908e-13    -0.00702051
0.00573683    0.00339887    -0.000993955    5.14944e-13    -2.94937e-13    -0.00690738
0.00564217    0.0033428    -0.000977554    5.14928e-13    -2.94966e-13    -0.00679341
0.00555983    0.00329403    -0.000963286    5.14913e-13    -2.94992e-13    -0.00669425
0.00545905    0.00323435    -0.000945825    5.14895e-13    -2.95023e-13    -0.00657291
0.00540824    0.00320425    -0.000937021    5.14886e-13    -2.95039e-13    -0.00651173
0.00532299    0.00315376    -0.00092225    5.14871e-13    -2.95065e-13    -0.00640908
0.0052208    0.00309324    -0.000904545    5.14853e-13    -2.95097e-13    -0.00628604
0.00515621    0.00305498    -0.000893354    5.14841e-13    -2.95117e-13    -0.00620827
0.00503924    0.0029857    -0.000873086    5.1482e-13    -2.95153e-13    -0.00606742
0.00495632    0.00293659    -0.00085872    5.14805e-13    -2.95179e-13    -0.00596758
0.00485245    0.00287508    -0.000840723    5.14787e-13    -2.95211e-13    -0.00584251
0.00475988    0.00282025    -0.000824683    5.14771e-13    -2.95239e-13    -0.00573105
0.00467779    0.00277163    -0.000810461    5.14756e-13    -2.95265e-13    -0.00563221
0.00463882    0.00274854    -0.000803708    5.14749e-13    -2.95277e-13    -0.00558528
0.00455017    0.00269603    -0.000788347    5.14733e-13    -2.95304e-13    -0.00547854
0.00445786    0.00264135    -0.000772354    5.14717e-13    -2.95333e-13    -0.00536739
0.00436126    0.00258414    -0.000755617    5.147e-13    -2.95363e-13    -0.00525108
0.00427008    0.00253013    -0.000739819    5.14683e-13    -2.95391e-13    -0.00514129
0.00418353    0.00247887    -0.000724823    5.14668e-13    -2.95418e-13    -0.00503708
0.00408949    0.00242317    -0.000708529    5.14651e-13    -2.95447e-13    -0.00492385
0.00401195    0.00237723    -0.000695094    5.14637e-13    -2.95471e-13    -0.00483048
0.00392627    0.00232648    -0.000680248    5.14622e-13    -2.95498e-13    -0.00472731
0.00383777    0.00227406    -0.000664916    5.14606e-13    -2.95525e-13    -0.00462076
0.00376952    0.00223362    -0.000653089    5.14594e-13    -2.95546e-13    -0.00453857
0.00371182    0.00219945    -0.000643094    5.14584e-13    -2.95564e-13    -0.00446911
0.00367379    0.00217691    -0.000636504    5.14577e-13    -2.95576e-13    -0.00442332
0.00359935    0.00213282    -0.000623607    5.14564e-13    -2.95599e-13    -0.00433369
0.00352322    0.00208772    -0.000610415    5.1455e-13    -2.95622e-13    -0.00424202
0.00348403    0.0020645    -0.000603625    5.14543e-13    -2.95634e-13    -0.00419483
0.00342291    0.00202829    -0.000593036    5.14532e-13    -2.95653e-13    -0.00412124
0.00338344    0.00200491    -0.000586197    5.14525e-13    -2.95666e-13    -0.00407372
0.00332507    0.00197033    -0.000576084    5.14515e-13    -2.95684e-13    -0.00400343
0.00328759    0.00194812    -0.00056959    5.14508e-13    -2.95695e-13    -0.0039583
0.00322723    0.00191236    -0.000559133    5.14497e-13    -2.95714e-13    -0.00388563
0.00318668    0.00188833    -0.000552106    5.1449e-13    -2.95727e-13    -0.0038368
0.00314601    0.00186424    -0.000545061    5.14483e-13    -2.95739e-13    -0.00378785
0.00311056    0.00184323    -0.000538918    5.14477e-13    -2.9575e-13    -0.00374515
0.0030828    0.00182679    -0.00053411    5.14472e-13    -2.95759e-13    -0.00371174
0.00302953    0.00179523    -0.00052488    5.14462e-13    -2.95775e-13    -0.00364759
0.0029956    0.00177513    -0.000519002    5.14456e-13    -2.95786e-13    -0.00360675
0.00294299    0.00174396    -0.000509886    5.14447e-13    -2.95802e-13    -0.0035434
0.00289743    0.00171696    -0.000501992    5.14439e-13    -2.95816e-13    -0.00348854
0.00283263    0.00167857    -0.000490765    5.14427e-13    -2.95836e-13    -0.00341052
0.00279849    0.00165834    -0.00048485    5.14421e-13    -2.95847e-13    -0.00336941
0.00275368    0.0016318    -0.000477087    5.14413e-13    -2.95861e-13    -0.00331546
0.00270254    0.0016015    -0.000468226    5.14404e-13    -2.95876e-13    -0.00325389
0.00267682    0.00158626    -0.000463769    5.14399e-13    -2.95884e-13    -0.00322291
0.00263702    0.00156267    -0.000456874    5.14392e-13    -2.95897e-13    -0.00317499
0.002593    0.00153659    -0.000449247    5.14384e-13    -2.9591e-13    -0.003122
0.00253603    0.00150284    -0.000439376    5.14374e-13    -2.95928e-13    -0.0030534
0.00249908    0.00148095    -0.000432975    5.14368e-13    -2.95939e-13    -0.00300891
0.00246694    0.0014619    -0.000427406    5.14362e-13    -2.95949e-13    -0.00297021
0.00241633    0.00143192    -0.000418637    5.14353e-13    -2.95965e-13    -0.00290927
0.00238161    0.00141135    -0.000412622    5.14347e-13    -2.95976e-13    -0.00286748
0.00236295    0.00140029    -0.000409389    5.14343e-13    -2.95982e-13    -0.002845
0.00233228    0.00138212    -0.000404076    5.14338e-13    -2.95991e-13    -0.00280808
0.00229304    0.00135887    -0.000397277    5.14331e-13    -2.96003e-13    -0.00276083
0.0022465    0.00133129    -0.000389214    5.14323e-13    -2.96018e-13    -0.0027048
0.00222108    0.00131623    -0.00038481    5.14318e-13    -2.96025e-13    -0.0026742
0.0021812    0.0012926    -0.000377899    5.14311e-13    -2.96038e-13    -0.00262617
0.00214836    0.00127314    -0.00037221    5.14305e-13    -2.96048e-13    -0.00258663
0.002116    0.00125396    -0.000366603    5.14299e-13    -2.96058e-13    -0.00254767
0.00208977    0.00123842    -0.000362058    5.14295e-13    -2.96066e-13    -0.00251608
0.00205116    0.00121555    -0.00035537    5.14288e-13    -2.96078e-13    -0.00246961
0.00202951    0.00120272    -0.000351619    5.14284e-13    -2.96085e-13    -0.00244354
0.00199472    0.0011821    -0.00034559    5.14278e-13    -2.96096e-13    -0.00240164
0.0019778    0.00117208    -0.00034266    5.14275e-13    -2.96101e-13    -0.00238128
0.00195009    0.00115566    -0.000337859    5.1427e-13    -2.96109e-13    -0.00234791
0.00191444    0.00113453    -0.000331682    5.14263e-13    -2.9612e-13    -0.00230499
0.00188006    0.00111416    -0.000325725    5.14257e-13    -2.96131e-13    -0.00226359
0.00184738    0.0010948    -0.000320064    5.14251e-13    -2.96141e-13    -0.00222425
0.00182338    0.00108057    -0.000315905    5.14247e-13    -2.96149e-13    -0.00219535
0.00180404    0.00106911    -0.000312555    5.14244e-13    -2.96155e-13    -0.00217207
0.00177348    0.00105101    -0.00030726    5.14238e-13    -2.96164e-13    -0.00213527
0.00174294    0.00103291    -0.000301969    5.14233e-13    -2.96173e-13    -0.0020985
0.00171024    0.00101353    -0.000296303    5.14227e-13    -2.96184e-13    -0.00205913
0.00168846    0.00100063    -0.00029253    5.14223e-13    -2.9619e-13    -0.00203291
0.00165653    0.000981707    -0.000286998    5.14217e-13    -2.962e-13    -0.00199446
0.00163845    0.000970994    -0.000283866    5.14214e-13    -2.96206e-13    -0.00197269
0.00160298    0.000949978    -0.000277721    5.14208e-13    -2.96217e-13    -0.00192999
0.00157397    0.000932786    -0.000272694    5.14203e-13    -2.96226e-13    -0.00189506
0.00154624    0.000916356    -0.00026789    5.14198e-13    -2.96234e-13    -0.00186167
0.00152821    0.000905666    -0.000264765    5.14195e-13    -2.9624e-13    -0.00183996
0.0015041    0.00089138    -0.000260588    5.1419e-13    -2.96247e-13    -0.00181093
0.00149037    0.000883244    -0.00025821    5.14188e-13    -2.96252e-13    -0.0017944
0.00147286    0.000872871    -0.000255177    5.14185e-13    -2.96257e-13    -0.00177332
0.00144199    0.000854574    -0.000249827    5.14179e-13    -2.96267e-13    -0.00173615
0.0014159    0.000839114    -0.000245307    5.14174e-13    -2.96275e-13    -0.00170474
0.00140287    0.000831391    -0.000243049    5.14172e-13    -2.96279e-13    -0.00168904
0.00138953    0.00082349    -0.000240739    5.1417e-13    -2.96283e-13    -0.00167299
0.00137118    0.000812612    -0.000237559    5.14166e-13    -2.96289e-13    -0.00165089
0.00134861    0.00079924    -0.000233649    5.14162e-13    -2.96296e-13    -0.00162372
0.00132602    0.000785853    -0.000229735    5.14158e-13    -2.96303e-13    -0.00159652
0.0013024    0.000771857    -0.000225643    5.14154e-13    -2.9631e-13    -0.00156809
0.00128656    0.000762472    -0.000222899    5.14151e-13    -2.96315e-13    -0.00154902
0.00126158    0.000747668    -0.000218571    5.14147e-13    -2.96322e-13    -0.00151894
0.00124626    0.00073859    -0.000215917    5.14144e-13    -2.96327e-13    -0.00150049
0.00123038    0.000729179    -0.000213166    5.14141e-13    -2.96332e-13    -0.00148137
0.00121729    0.000721419    -0.000210897    5.14139e-13    -2.96336e-13    -0.00146561
0.00118981    0.000705136    -0.000206137    5.14134e-13    -2.96345e-13    -0.00143252
0.00118047    0.000699598    -0.000204518    5.14132e-13    -2.96348e-13    -0.00142127
0.00115651    0.000685402    -0.000200367    5.14128e-13    -2.96355e-13    -0.00139243
0.0011417    0.000676624    -0.000197801    5.14126e-13    -2.9636e-13    -0.0013746
0.0011295    0.000669398    -0.000195688    5.14123e-13    -2.96363e-13    -0.00135991
0.00111325    0.000659765    -0.000192872    5.1412e-13    -2.96368e-13    -0.00134034
0.00108856    0.000645134    -0.000188594    5.14116e-13    -2.96376e-13    -0.00131062
0.00106508    0.000631218    -0.000184526    5.14112e-13    -2.96383e-13    -0.00128234
0.00104455    0.000619057    -0.000180971    5.14108e-13    -2.9639e-13    -0.00125764
0.00102547    0.000607746    -0.000177664    5.14105e-13    -2.96396e-13    -0.00123465
0.00101562    0.000601912    -0.000175958    5.14103e-13    -2.96399e-13    -0.0012228
0.000997258    0.000591029    -0.000172776    5.141e-13    -2.96404e-13    -0.00120069
0.000983706    0.000582998    -0.000170428    5.14097e-13    -2.96408e-13    -0.00118437
0.000964612    0.000571682    -0.00016712    5.14094e-13    -2.96414e-13    -0.00116138
0.000943457    0.000559146    -0.000163455    5.1409e-13    -2.96421e-13    -0.00113591
0.000923136    0.000547103    -0.000159934    5.14087e-13    -2.96427e-13    -0.00111145
0.000903991    0.000535758    -0.000156618    5.14083e-13    -2.96433e-13    -0.0010884
0.000894174    0.00052994    -0.000154917    5.14081e-13    -2.96436e-13    -0.00107658
0.000876528    0.000519482    -0.000151859    5.14078e-13    -2.96442e-13    -0.00105533
0.000862467    0.000511149    -0.000149423    5.14076e-13    -2.96446e-13    -0.0010384
0.000851861    0.000504864    -0.000147586    5.14074e-13    -2.96449e-13    -0.00102563
0.0008336    0.000494042    -0.000144422    5.14071e-13    -2.96455e-13    -0.00100365
0.000815715    0.000483443    -0.000141323    5.14067e-13    -2.9646e-13    -0.000982112
0.000798647    0.000473328    -0.000138366    5.14064e-13    -2.96466e-13    -0.000961562
0.000786439    0.000466093    -0.000136251    5.14062e-13    -2.96469e-13    -0.000946864
0.000773506    0.000458429    -0.000134011    5.1406e-13    -2.96473e-13    -0.000931293
0.00076559    0.000453738    -0.000132639    5.14058e-13    -2.96476e-13    -0.000921762
0.000756475    0.000448335    -0.00013106    5.14057e-13    -2.96479e-13    -0.000910787
0.000740752    0.000439017    -0.000128336    5.14054e-13    -2.96484e-13    -0.000891856
0.000729515    0.000432358    -0.000126389    5.14052e-13    -2.96487e-13    -0.000878328
0.000718747    0.000425977    -0.000124524    5.1405e-13    -2.9649e-13    -0.000865363
0.000703988    0.00041723    -0.000121966    5.14047e-13    -2.96495e-13    -0.000847593
0.000693262    0.000410874    -0.000120108    5.14045e-13    -2.96498e-13    -0.00083468
0.000684824    0.000405872    -0.000118646    5.14044e-13    -2.96501e-13    -0.00082452
0.000675652    0.000400437    -0.000117057    5.14042e-13    -2.96504e-13    -0.000813477
0.000663449    0.000393205    -0.000114943    5.1404e-13    -2.96508e-13    -0.000798785
0.000651011    0.000385833    -0.000112788    5.14038e-13    -2.96511e-13    -0.000783809
0.000644556    0.000382008    -0.00011167    5.14037e-13    -2.96513e-13    -0.000776038
0.000633688    0.000375567    -0.000109787    5.14035e-13    -2.96517e-13    -0.000762953
0.00062406    0.000369861    -0.000108119    5.14033e-13    -2.9652e-13    -0.00075136
0.000611346    0.000362326    -0.000105916    5.14031e-13    -2.96524e-13    -0.000736052
0.000599923    0.000355556    -0.000103937    5.14029e-13    -2.96527e-13    -0.000722299
0.0005936    0.000351809    -0.000102842    5.14028e-13    -2.96529e-13    -0.000714686
0.000586989    0.000347891    -0.000101696    5.14027e-13    -2.96531e-13    -0.000706727
0.000578018    0.000342574    -0.000100142    5.14025e-13    -2.96534e-13    -0.000695926
0.000572445    0.000339271    -9.91764e-05    5.14024e-13    -2.96536e-13    -0.000689216
0.000566786    0.000335918    -9.8196e-05    5.14023e-13    -2.96537e-13    -0.000682403
0.000559302    0.000331482    -9.68994e-05    5.14022e-13    -2.9654e-13    -0.000673392
0.00055222    0.000327285    -9.56725e-05    5.1402e-13    -2.96542e-13    -0.000664866
0.000540191    0.000320156    -9.35884e-05    5.14018e-13    -2.96546e-13    -0.000650383
0.000528608    0.000313292    -9.15816e-05    5.14016e-13    -2.96549e-13    -0.000636437
0.000519538    0.000307916    -9.00103e-05    5.14014e-13    -2.96552e-13    -0.000625517
0.000508962    0.000301648    -8.81779e-05    5.14013e-13    -2.96555e-13    -0.000612783
0.000498739    0.00029559    -8.64068e-05    5.14011e-13    -2.96559e-13    -0.000600475
0.000491144    0.000291089    -8.5091e-05    5.14009e-13    -2.96561e-13    -0.00059133
0.000484838    0.000287351    -8.39985e-05    5.14008e-13    -2.96563e-13    -0.000583738
0.000478184    0.000283408    -8.28457e-05    5.14007e-13    -2.96565e-13    -0.000575727
0.000469728    0.000278396    -8.13807e-05    5.14006e-13    -2.96567e-13    -0.000565546
0.000461752    0.000273669    -7.99988e-05    5.14004e-13    -2.9657e-13    -0.000555943
0.000456341    0.000270462    -7.90612e-05    5.14003e-13    -2.96572e-13    -0.000549427
0.00045173    0.00026773    -7.82625e-05    5.14002e-13    -2.96573e-13    -0.000543877
0.000447716    0.00026535    -7.75669e-05    5.14002e-13    -2.96574e-13    -0.000539043
0.000443494    0.000262848    -7.68355e-05    5.14001e-13    -2.96576e-13    -0.00053396
0.000435729    0.000258246    -7.54902e-05    5.14e-13    -2.96578e-13    -0.000524611
0.000429924    0.000254806    -7.44845e-05    5.13998e-13    -2.9658e-13    -0.000517622
0.000424713    0.000251718    -7.35817e-05    5.13998e-13    -2.96581e-13    -0.000511348
0.000419284    0.0002485    -7.26411e-05    5.13997e-13    -2.96583e-13    -0.000504811
0.000415443    0.000246223    -7.19756e-05    5.13996e-13    -2.96584e-13    -0.000500187
0.000409542    0.000242726    -7.09533e-05    5.13995e-13    -2.96586e-13    -0.000493082
0.000400596    0.000237424    -6.94034e-05    5.13993e-13    -2.96589e-13    -0.000482312
0.000393966    0.000233495    -6.82547e-05    5.13992e-13    -2.96591e-13    -0.000474329
0.000389329    0.000230747    -6.74515e-05    5.13991e-13    -2.96592e-13    -0.000468747
0.000382428    0.000226656    -6.62557e-05    5.1399e-13    -2.96595e-13    -0.000460437
0.000375068    0.000222295    -6.49807e-05    5.13989e-13    -2.96597e-13    -0.000451576
0.000369401    0.000218936    -6.39989e-05    5.13988e-13    -2.96599e-13    -0.000444753
0.00036563    0.000216701    -6.33455e-05    5.13987e-13    -2.966e-13    -0.000440212
0.000357942    0.000212145    -6.20136e-05    5.13986e-13    -2.96602e-13    -0.000430957
0.00035179    0.000208498    -6.09476e-05    5.13985e-13    -2.96604e-13    -0.000423549
0.000346318    0.000205255    -5.99996e-05    5.13984e-13    -2.96606e-13    -0.000416961
0.000342537    0.000203015    -5.93446e-05    5.13983e-13    -2.96607e-13    -0.000412409
0.000337007    0.000199738    -5.83866e-05    5.13982e-13    -2.96609e-13    -0.000405752
0.000332221    0.000196901    -5.75574e-05    5.13981e-13    -2.9661e-13    -0.000399989
0.000325477    0.000192904    -5.6389e-05    5.1398e-13    -2.96612e-13    -0.000391869
0.000321012    0.000190258    -5.56154e-05    5.13979e-13    -2.96614e-13    -0.000386493
0.000317328    0.000188074    -5.49772e-05    5.13978e-13    -2.96615e-13    -0.000382058
0.000313291    0.000185682    -5.42778e-05    5.13978e-13    -2.96616e-13    -0.000377198
0.000307419    0.000182201    -5.32604e-05    5.13977e-13    -2.96618e-13    -0.000370127
0.000302067    0.00017903    -5.23332e-05    5.13976e-13    -2.96619e-13    -0.000363684
0.00029523    0.000174978    -5.11487e-05    5.13974e-13    -2.96621e-13    -0.000355453
0.000291434    0.000172728    -5.04911e-05    5.13974e-13    -2.96623e-13    -0.000350882
0.000285237    0.000169055    -4.94173e-05    5.13973e-13    -2.96625e-13    -0.00034342
0.000282422    0.000167387    -4.89297e-05    5.13972e-13    -2.96625e-13    -0.000340032
0.000278474    0.000165047    -4.82457e-05    5.13971e-13    -2.96627e-13    -0.000335278
0.000276271    0.000163741    -4.7864e-05    5.13971e-13    -2.96627e-13    -0.000332626
0.000270875    0.000160543    -4.69291e-05    5.1397e-13    -2.96629e-13    -0.000326129
0.000265608    0.000157421    -4.60165e-05    5.13969e-13    -2.96631e-13    -0.000319787
0.000262364    0.000155499    -4.54546e-05    5.13969e-13    -2.96632e-13    -0.000315882
0.000259864    0.000154017    -4.50215e-05    5.13968e-13    -2.96632e-13    -0.000312872
0.000254461    0.000150815    -4.40855e-05    5.13967e-13    -2.96634e-13    -0.000306367
0.000249723    0.000148006    -4.32645e-05    5.13966e-13    -2.96636e-13    -0.000300662
0.000247583    0.000146739    -4.28939e-05    5.13966e-13    -2.96636e-13    -0.000298086
0.000243981    0.000144604    -4.22698e-05    5.13965e-13    -2.96637e-13    -0.000293749
0.000238468    0.000141336    -4.13146e-05    5.13964e-13    -2.96639e-13    -0.000287112
0.000234059    0.000138723    -4.05508e-05    5.13963e-13    -2.9664e-13    -0.000281804
0.00023149    0.0001372    -4.01056e-05    5.13963e-13    -2.96641e-13    -0.00027871
0.000228041    0.000135156    -3.95081e-05    5.13962e-13    -2.96642e-13    -0.000274558
0.000223306    0.00013235    -3.86878e-05    5.13962e-13    -2.96644e-13    -0.000268857
0.000221249    0.000131131    -3.83314e-05    5.13961e-13    -2.96644e-13    -0.00026638
0.000219184    0.000129907    -3.79737e-05    5.13961e-13    -2.96645e-13    -0.000263894
0.000216203    0.00012814    -3.74572e-05    5.1396e-13    -2.96646e-13    -0.000260305
0.000213535    0.000126559    -3.6995e-05    5.1396e-13    -2.96647e-13    -0.000257093
0.000209759    0.000124321    -3.63407e-05    5.13959e-13    -2.96648e-13    -0.000252546
0.000205574    0.00012184    -3.56156e-05    5.13958e-13    -2.96649e-13    -0.000247507
0.000203567    0.000120651    -3.5268e-05    5.13958e-13    -2.9665e-13    -0.000245091
0.000201818    0.000119615    -3.49651e-05    5.13958e-13    -2.9665e-13    -0.000242986
0.000200077    0.000118582    -3.46633e-05    5.13957e-13    -2.96651e-13    -0.000240889
0.000197142    0.000116843    -3.41549e-05    5.13957e-13    -2.96652e-13    -0.000237356
0.000193296    0.000114564    -3.34885e-05    5.13956e-13    -2.96653e-13    -0.000232725
0.000189779    0.000112479    -3.28793e-05    5.13956e-13    -2.96654e-13    -0.000228491
0.000187033    0.000110852    -3.24035e-05    5.13955e-13    -2.96655e-13    -0.000225185
0.000185236    0.000109787    -3.20921e-05    5.13955e-13    -2.96656e-13    -0.000223021
0.000182146    0.000107956    -3.15569e-05    5.13954e-13    -2.96656e-13    -0.000219301
0.000179147    0.000106178    -3.10372e-05    5.13954e-13    -2.96657e-13    -0.00021569
0.000176325    0.000104505    -3.05483e-05    5.13953e-13    -2.96658e-13    -0.000212292
0.000173375    0.000102757    -3.00372e-05    5.13953e-13    -2.96659e-13    -0.00020874
0.000171084    0.000101399    -2.96404e-05    5.13952e-13    -2.9666e-13    -0.000205983
0.00016897    0.000100146    -2.92741e-05    5.13952e-13    -2.96661e-13    -0.000203437
0.000165393    9.80263e-05    -2.86544e-05    5.13951e-13    -2.96662e-13    -0.00019913
0.000162915    9.65578e-05    -2.82251e-05    5.13951e-13    -2.96662e-13    -0.000196147
0.000161226    9.55566e-05    -2.79324e-05    5.1395e-13    -2.96663e-13    -0.000194114
0.000158488    9.39337e-05    -2.7458e-05    5.1395e-13    -2.96664e-13    -0.000190817
0.000155998    9.24577e-05    -2.70266e-05    5.1395e-13    -2.96665e-13    -0.000187818
0.000153333    9.08784e-05    -2.65649e-05    5.13949e-13    -2.96665e-13    -0.00018461
0.000150762    8.93549e-05    -2.61196e-05    5.13949e-13    -2.96666e-13    -0.000181515
0.000149059    8.83451e-05    -2.58244e-05    5.13948e-13    -2.96667e-13    -0.000179464
0.000146042    8.65575e-05    -2.53018e-05    5.13948e-13    -2.96668e-13    -0.000175832
0.000144749    8.57906e-05    -2.50777e-05    5.13948e-13    -2.96668e-13    -0.000174275
0.000143406    8.49949e-05    -2.48451e-05    5.13947e-13    -2.96668e-13    -0.000172658
0.000140302    8.3155e-05    -2.43072e-05    5.13947e-13    -2.96669e-13    -0.000168921
0.000138839    8.22883e-05    -2.40539e-05    5.13946e-13    -2.9667e-13    -0.00016716
0.000136744    8.10462e-05    -2.36908e-05    5.13946e-13    -2.96671e-13    -0.000164637
0.000135205    8.01344e-05    -2.34243e-05    5.13946e-13    -2.96671e-13    -0.000162784
0.000132472    7.85143e-05    -2.29507e-05    5.13945e-13    -2.96672e-13    -0.000159493
0.000130861    7.75595e-05    -2.26716e-05    5.13945e-13    -2.96672e-13    -0.000157554
0.00012913    7.65339e-05    -2.23718e-05    5.13945e-13    -2.96673e-13    -0.00015547
0.00012642    7.49277e-05    -2.19023e-05    5.13944e-13    -2.96674e-13    -0.000152208
0.000124781    7.39563e-05    -2.16183e-05    5.13944e-13    -2.96674e-13    -0.000150234
0.000122282    7.24754e-05    -2.11854e-05    5.13944e-13    -2.96675e-13    -0.000147226
0.000120114    7.119e-05    -2.08097e-05    5.13943e-13    -2.96676e-13    -0.000144615
0.000119112    7.05962e-05    -2.06361e-05    5.13943e-13    -2.96676e-13    -0.000143408
0.000117716    6.97689e-05    -2.03943e-05    5.13943e-13    -2.96676e-13    -0.000141728
0.000115424    6.84104e-05    -1.99972e-05    5.13942e-13    -2.96677e-13    -0.000138968
0.000113437    6.72328e-05    -1.96529e-05    5.13942e-13    -2.96678e-13    -0.000136576
0.000111131    6.58659e-05    -1.92534e-05    5.13942e-13    -2.96678e-13    -0.000133799
0.000109748    6.50465e-05    -1.90139e-05    5.13941e-13    -2.96679e-13    -0.000132135
0.000108526    6.43223e-05    -1.88022e-05    5.13941e-13    -2.96679e-13    -0.000130664
0.00010736    6.36309e-05    -1.86001e-05    5.13941e-13    -2.9668e-13    -0.000129259
0.000105537    6.25509e-05    -1.82844e-05    5.13941e-13    -2.9668e-13    -0.000127065
0.000104539    6.19588e-05    -1.81113e-05    5.1394e-13    -2.9668e-13    -0.000125862
0.000102665    6.08486e-05    -1.77868e-05    5.1394e-13    -2.96681e-13    -0.000123607
0.00010066    5.96602e-05    -1.74394e-05    5.1394e-13    -2.96682e-13    -0.000121193
9.87898e-05    5.85516e-05    -1.71153e-05    5.13939e-13    -2.96682e-13    -0.000118941
9.77183e-05    5.79166e-05    -1.69297e-05    5.13939e-13    -2.96683e-13    -0.000117651
9.63643e-05    5.71141e-05    -1.66951e-05    5.13939e-13    -2.96683e-13    -0.000116021
9.5153e-05    5.63962e-05    -1.64852e-05    5.13939e-13    -2.96683e-13    -0.000114562
9.37917e-05    5.55893e-05    -1.62494e-05    5.13938e-13    -2.96684e-13    -0.000112923
9.27341e-05    5.49625e-05    -1.60662e-05    5.13938e-13    -2.96684e-13    -0.00011165
9.14718e-05    5.42144e-05    -1.58475e-05    5.13938e-13    -2.96685e-13    -0.00011013
9.00228e-05    5.33556e-05    -1.55964e-05    5.13938e-13    -2.96685e-13    -0.000108386
8.91055e-05    5.28119e-05    -1.54375e-05    5.13938e-13    -2.96685e-13    -0.000107281
8.76678e-05    5.19598e-05    -1.51884e-05    5.13937e-13    -2.96686e-13    -0.00010555
8.6962e-05    5.15414e-05    -1.50661e-05    5.13937e-13    -2.96686e-13    -0.000104701
8.57871e-05    5.08451e-05    -1.48626e-05    5.13937e-13    -2.96686e-13    -0.000103286
8.46248e-05    5.01563e-05    -1.46612e-05    5.13937e-13    -2.96687e-13    -0.000101887
8.35765e-05    4.95349e-05    -1.44796e-05    5.13937e-13    -2.96687e-13    -0.000100625
8.20004e-05    4.86008e-05    -1.42066e-05    5.13936e-13    -2.96687e-13    -9.87269e-05
8.10393e-05    4.80312e-05    -1.404e-05    5.13936e-13    -2.96688e-13    -9.75698e-05
7.96146e-05    4.71868e-05    -1.37932e-05    5.13936e-13    -2.96688e-13    -9.58545e-05
7.83331e-05    4.64272e-05    -1.35712e-05    5.13936e-13    -2.96689e-13    -9.43116e-05
7.66423e-05    4.54251e-05    -1.32783e-05    5.13935e-13    -2.96689e-13    -9.22759e-05
7.66423e-05    4.54251e-05    -1.32783e-05    5.13935e-13    -2.96689e-13    -9.22759e-05
7.66423e-05    4.54251e-05    -1.32783e-05    5.13935e-13    -2.96689e-13    -9.22759e-05
7.66423e-05    4.54251e-05    -1.32783e-05    5.13935e-13    -2.96689e-13    -9.22759e-05
7.66423e-05    4.54251e-05    -1.32783e-05    5.13935e-13    -2.96689e-13    -9.22759e-05
7.66423e-05    4.54251e-05    -1.32783e-05    5.13935e-13    -2.96689e-13    -9.22759e-05
7.66423e-05    4.54251e-05    -1.32783e-05    5.13935e-13    -2.96689e-13    -9.22759e-05
7.66423e-05    4.54251e-05    -1.32783e-05    5.13935e-13    -2.96689e-13    -9.22759e-05
7.66423e-05    4.54251e-05    -1.32783e-05    5.13935e-13    -2.96689e-13    -9.22759e-05
7.66423e-05    4.54251e-05    -1.32783e-05    5.13935e-13    -2.96689e-13    -9.22759e-05
7.66423e-05    4.54251e-05    -1.32783e-05    5.13935e-13    -2.96689e-13    -9.22759e-05
7.66423e-05    4.54251e-05    -1.32783e-05    5.13935e-13    -2.96689e-13    -9.22759e-05
7.66423e-05    4.54251e-05    -1.32783e-05    5.13935e-13    -2.96689e-13    -9.22759e-05
7.66423e-05    4.54251e-05    -1.32783e-05    5.13935e-13    -2.96689e-13    -9.22759e-05
7.66423e-05    4.54251e-05    -1.32783e-05    5.13935e-13    -2.96689e-13    -9.22759e-05
7.66423e-05    4.54251e-05    -1.32783e-05    5.13935e-13    -2.96689e-13    -9.22759e-05
7.66423e-05    4.54251e-05    -1.32783e-05    5.13935e-13    -2.96689e-13    -9.22759e-05
7.66423e-05    4.54251e-05    -1.32783e-05    5.13935e-13    -2.96689e-13    -9.22759e-05
7.66423e-05    4.54251e-05    -1.32783e-05    5.13935e-13    -2.96689e-13    -9.22759e-05
7.66423e-05    4.54251e-05    -1.32783e-05    5.13935e-13    -2.96689e-13    -9.22759e-05
7.66423e-05    4.54251e-05    -1.32783e-05    5.13935e-13    -2.96689e-13    -9.22759e-05
7.66423e-05    4.54251e-05    -1.32783e-05    5.13935e-13    -2.96689e-13    -9.22759e-05
7.66423e-05    4.54251e-05    -1.32783e-05    5.13935e-13    -2.96689e-13    -9.22759e-05
7.66423e-05    4.54251e-05    -1.32783e-05    5.13935e-13    -2.96689e-13    -9.22759e-05
7.66423e-05    4.54251e-05    -1.32783e-05    5.13935e-13    -2.96689e-13    -9.22759e-05
7.66423e-05    4.54251e-05    -1.32783e-05    5.13935e-13    -2.96689e-13    -9.22759e-05
7.66423e-05    4.54251e-05    -1.32783e-05    5.13935e-13    -2.96689e-13    -9.22759e-05
7.66423e-05    4.54251e-05    -1.32783e-05    5.13935e-13    -2.96689e-13    -9.22759e-05
7.66423e-05    4.54251e-05    -1.32783e-05    5.13935e-13    -2.96689e-13    -9.22759e-05
7.66423e-05    4.54251e-05    -1.32783e-05    5.13935e-13    -2.96689e-13    -9.22759e-05
7.66423e-05    4.54251e-05    -1.32783e-05    5.13935e-13    -2.96689e-13    -9.22759e-05
7.66423e-05    4.54251e-05    -1.32783e-05    5.13935e-13    -2.96689e-13    -9.22759e-05
7.66423e-05    4.54251e-05    -1.32783e-05    5.13935e-13    -2.96689e-13    -9.22759e-05
7.66423e-05    4.54251e-05    -1.32783e-05    5.13935e-13    -2.96689e-13    -9.22759e-05
7.66423e-05    4.54251e-05    -1.32783e-05    5.13935e-13    -2.96689e-13    -9.22759e-05
7.66423e-05    4.54251e-05    -1.32783e-05    5.13935e-13    -2.96689e-13    -9.22759e-05
7.66423e-05    4.54251e-05    -1.32783e-05    5.13935e-13    -2.96689e-13    -9.22759e-05
7.66423e-05    4.54251e-05    -1.32783e-05    5.13935e-13    -2.96689e-13    -9.22759e-05
7.66423e-05    4.54251e-05    -1.32783e-05    5.13935e-13    -2.96689e-13    -9.22759e-05
7.66423e-05    4.54251e-05    -1.32783e-05    5.13935e-13    -2.96689e-13    -9.22759e-05
7.66423e-05    4.54251e-05    -1.32783e-05    5.13935e-13    -2.96689e-13    -9.22759e-05
7.66423e-05    4.54251e-05    -1.32783e-05    5.13935e-13    -2.96689e-13    -9.22759e-05
7.66423e-05    4.54251e-05    -1.32783e-05    5.13935e-13    -2.96689e-13    -9.22759e-05
7.66423e-05    4.54251e-05    -1.32783e-05    5.13935e-13    -2.96689e-13    -9.22759e-05
7.66423e-05    4.54251e-05    -1.32783e-05    5.13935e-13    -2.96689e-13    -9.22759e-05
7.66423e-05    4.54251e-05    -1.32783e-05    5.13935e-13    -2.96689e-13    -9.22759e-05
7.66423e-05    4.54251e-05    -1.32783e-05    5.13935e-13    -2.96689e-13    -9.22759e-05
7.66423e-05    4.54251e-05    -1.32783e-05    5.13935e-13    -2.96689e-13    -9.22759e-05
7.66423e-05    4.54251e-05    -1.32783e-05    5.13935e-13    -2.96689e-13    -9.22759e-05
7.66423e-05    4.54251e-05    -1.32783e-05    5.13935e-13    -2.96689e-13    -9.22759e-05
7.66423e-05    4.54251e-05    -1.32783e-05    5.13935e-13    -2.96689e-13    -9.22759e-05
7.66423e-05    4.54251e-05    -1.32783e-05    5.13935e-13    -2.96689e-13    -9.22759e-05
7.66423e-05    4.54251e-05    -1.32783e-05    5.13935e-13    -2.96689e-13    -9.22759e-05
7.66423e-05    4.54251e-05    -1.32783e-05    5.13935e-13    -2.96689e-13    -9.22759e-05
7.66423e-05    4.54251e-05    -1.32783e-05    5.13935e-13    -2.96689e-13    -9.22759e-05
7.66423e-05    4.54251e-05    -1.32783e-05    5.13935e-13    -2.96689e-13    -9.22759e-05
7.66423e-05    4.54251e-05    -1.32783e-05    5.13935e-13    -2.96689e-13    -9.22759e-05
7.66423e-05    4.54251e-05    -1.32783e-05    5.13935e-13    -2.96689e-13    -9.22759e-05
7.66423e-05    4.54251e-05    -1.32783e-05    5.13935e-13    -2.96689e-13    -9.22759e-05
7.66423e-05    4.54251e-05    -1.32783e-05    5.13935e-13    -2.96689e-13    -9.22759e-05
7.66423e-05    4.54251e-05    -1.32783e-05    5.13935e-13    -2.96689e-13    -9.22759e-05
7.66423e-05    4.54251e-05    -1.32783e-05    5.13935e-13    -2.96689e-13    -9.22759e-05
7.66423e-05    4.54251e-05    -1.32783e-05    5.13935e-13    -2.96689e-13    -9.22759e-05
7.66423e-05    4.54251e-05    -1.32783e-05    5.13935e-13    -2.96689e-13    -9.22759e-05
7.66423e-05    4.54251e-05    -1.32783e-05    5.13935e-13    -2.96689e-13    -9.22759e-05
7.66423e-05    4.54251e-05    -1.32783e-05    5.13935e-13    -2.96689e-13    -9.22759e-05
7.66423e-05    4.54251e-05    -1.32783e-05    5.13935e-13    -2.96689e-13    -9.22759e-05
7.66423e-05    4.54251e-05    -1.32783e-05    5.13935e-13    -2.96689e-13    -9.22759e-05
7.66423e-05    4.54251e-05    -1.32783e-05    5.13935e-13    -2.96689e-13    -9.22759e-05
7.66423e-05    4.54251e-05    -1.32783e-05    5.13935e-13    -2.96689e-13    -9.22759e-05
7.66423e-05    4.54251e-05    -1.32783e-05    5.13935e-13    -2.96689e-13    -9.22759e-05
7.66423e-05    4.54251e-05    -1.32783e-05    5.13935e-13    -2.96689e-13    -9.22759e-05
7.66423e-05    4.54251e-05    -1.32783e-05    5.13935e-13    -2.96689e-13    -9.22759e-05
7.66423e-05    4.54251e-05    -1.32783e-05    5.13935e-13    -2.96689e-13    -9.22759e-05
7.66423e-05    4.54251e-05    -1.32783e-05    5.13935e-13    -2.96689e-13    -9.22759e-05
7.66423e-05    4.54251e-05    -1.32783e-05    5.13935e-13    -2.96689e-13    -9.22759e-05
7.66423e-05    4.54251e-05    -1.32783e-05    5.13935e-13    -2.96689e-13    -9.22759e-05
7.66423e-05    4.54251e-05    -1.32783e-05    5.13935e-13    -2.96689e-13    -9.22759e-05
7.66423e-05    4.54251e-05    -1.32783e-05    5.13935e-13    -2.96689e-13    -9.22759e-05
7.66423e-05    4.54251e-05    -1.32783e-05    5.13935e-13    -2.96689e-13    -9.22759e-05
7.66423e-05    4.54251e-05    -1.32783e-05    5.13935e-13    -2.96689e-13    -9.22759e-05
7.66423e-05    4.54251e-05    -1.32783e-05    5.13935e-13    -2.96689e-13    -9.22759e-05
7.66423e-05    4.54251e-05    -1.32783e-05    5.13935e-13    -2.96689e-13    -9.22759e-05
7.66423e-05    4.54251e-05    -1.32783e-05    5.13935e-13    -2.96689e-13    -9.22759e-05
