0.0418112    0.0247132    -0.00724488    5.21282e-13    -2.83713e-13    -0.0503475
0.0418112    0.0247132    -0.00724488    5.21282e-13    -2.83713e-13    -0.0503475
0.0418112    0.0247132    -0.00724488    5.21282e-13    -2.83713e-13    -0.0503475
0.0418112    0.0247132    -0.00724488    5.21282e-13    -2.83713e-13    -0.0503475
0.0418112    0.0247132    -0.00724488    5.21282e-13    -2.83713e-13    -0.0503475
0.0418112    0.0247132    -0.00724488    5.21282e-13    -2.83713e-13    -0.0503475
0.0418112    0.0247132    -0.00724488    5.21282e-13    -2.83713e-13    -0.0503475
0.0418112    0.0247132    -0.00724488    5.21282e-13    -2.83713e-13    -0.0503475
0.0418112    0.0247132    -0.00724488    5.21282e-13    -2.83713e-13    -0.0503475
0.0418112    0.0247132    -0.00724488    5.21282e-13    -2.83713e-13    -0.0503475
0.0418112    0.0247132    -0.00724488    5.21282e-13    -2.83713e-13    -0.0503475
0.0418112    0.0247132    -0.00724488    5.21282e-13    -2.83713e-13    -0.0503475
0.0418112    0.0247132    -0.00724488    5.21282e-13    -2.83713e-13    -0.0503475
0.0418112    0.0247132    -0.00724488    5.21282e-13    -2.83713e-13    -0.0503475
0.0418112    0.0247132    -0.00724488    5.21282e-13    -2.83713e-13    -0.0503475
0.0418112    0.0247132    -0.00724488    5.21282e-13    -2.83713e-13    -0.0503475
0.0418112    0.0247132    -0.00724488    5.21282e-13    -2.83713e-13    -0.0503475
0.0418112    0.0247132    -0.00724488    5.21282e-13    -2.83713e-13    -0.0503475
0.0418112    0.0247132    -0.00724488    5.21282e-13    -2.83713e-13    -0.0503475
0.0418112    0.0247132    -0.00724488    5.21282e-13    -2.83713e-13    -0.0503475
0.0418112    0.0247132    -0.00724488    5.21282e-13    -2.83713e-13    -0.0503475
0.0418112    0.0247132    -0.00724488    5.21282e-13    -2.83713e-13    -0.0503475
0.0399178    0.0236021    -0.00691686    5.20954e-13    -2.84304e-13    -0.048068
0.0381097    0.0225403    -0.0066036    5.2064e-13    -2.84869e-13    -0.045891
0.0363832    0.0215257    -0.00630444    5.20339e-13    -2.85407e-13    -0.043812
0.0347348    0.0205565    -0.00601882    5.20052e-13    -2.85922e-13    -0.0418271
0.0331617    0.019631    -0.00574623    5.19778e-13    -2.86412e-13    -0.0399328
0.0316603    0.0187472    -0.00548606    5.19515e-13    -2.8688e-13    -0.0381248
0.030131    0.0178469    -0.00522105    5.19248e-13    -2.87357e-13    -0.0362831
0.0287655    0.0170422    -0.00498441    5.19009e-13    -2.87782e-13    -0.0346386
0.0274626    0.016274    -0.00475862    5.18781e-13    -2.88188e-13    -0.0330695
0.0262185    0.0155402    -0.00454302    5.18563e-13    -2.88576e-13    -0.0315712
0.0250306    0.0148393    -0.00433716    5.18354e-13    -2.88945e-13    -0.0301406
0.0238969    0.01417    -0.00414068    5.18155e-13    -2.89298e-13    -0.0287752
0.0228144    0.0135308    -0.00395309    5.17965e-13    -2.89635e-13    -0.0274716
0.0217812    0.0129204    -0.00377402    5.17783e-13    -2.89956e-13    -0.0262271
0.0207942    0.0123371    -0.00360297    5.17609e-13    -2.90263e-13    -0.0250384
0.019852    0.0117801    -0.0034397    5.17444e-13    -2.90556e-13    -0.0239038
0.018953    0.0112484    -0.0032839    5.17285e-13    -2.90836e-13    -0.0228211
0.0180948    0.0107407    -0.00313516    5.17134e-13    -2.91103e-13    -0.0217875
0.0172752    0.0102558    -0.00299314    5.16989e-13    -2.91357e-13    -0.0208005
0.016493    0.00979274    -0.00285758    5.16851e-13    -2.916e-13    -0.0198584
0.0157169    0.0093333    -0.00272309    5.16714e-13    -2.91841e-13    -0.0189238
0.015005    0.00891169    -0.00259972    5.16588e-13    -2.92062e-13    -0.0180665
0.0143251    0.00850888    -0.00248189    5.16468e-13    -2.92274e-13    -0.0172476
0.0136762    0.0081244    -0.00236944    5.16353e-13    -2.92475e-13    -0.0164662
0.0130567    0.00775729    -0.0022621    5.16243e-13    -2.92667e-13    -0.0157202
0.0124645    0.00740624    -0.00215948    5.16138e-13    -2.92851e-13    -0.0150071
0.0119    0.0070715    -0.00206165    5.16038e-13    -2.93026e-13    -0.0143272
0.0113608    0.00675173    -0.00196821    5.15943e-13    -2.93194e-13    -0.0136779
0.0108461    0.00644648    -0.00187904    5.15852e-13    -2.93353e-13    -0.0130582
0.0103549    0.00615505    -0.00179392    5.15765e-13    -2.93506e-13    -0.0124666
0.00988588    0.00587677    -0.00171265    5.15681e-13    -2.93651e-13    -0.0119019
0.00943788    0.00561091    -0.00163503    5.15602e-13    -2.9379e-13    -0.0113624
0.00901052    0.00535725    -0.00156098    5.15526e-13    -2.93922e-13    -0.0108479
0.00860252    0.00511505    -0.00149029    5.15454e-13    -2.94049e-13    -0.0103566
0.00821287    0.00488371    -0.00142277    5.15384e-13    -2.9417e-13    -0.00988741
0.007841    0.00466289    -0.00135834    5.15318e-13    -2.94285e-13    -0.00943964
0.00748593    0.00445203    -0.00129682    5.15255e-13    -2.94395e-13    -0.00901211
0.00714693    0.00425068    -0.00123809    5.15195e-13    -2.945e-13    -0.00860395
0.00682328    0.00405842    -0.00118201    5.15137e-13    -2.946e-13    -0.00821426
0.00651426    0.00387484    -0.00112847    5.15082e-13    -2.94696e-13    -0.00784219
0.00621931    0.00369959    -0.00107737    5.1503e-13    -2.94788e-13    -0.00748707
0.00592014    0.00352183    -0.00102554    5.14977e-13    -2.9488e-13    -0.00712687
0.005652    0.00336249    -0.000979083    5.14929e-13    -2.94963e-13    -0.00680403
0.00539592    0.00321029    -0.000934717    5.14884e-13    -2.95043e-13    -0.00649572
0.00515143    0.00306496    -0.00089236    5.1484e-13    -2.95118e-13    -0.00620136
0.00491809    0.00292626    -0.000851935    5.14799e-13    -2.95191e-13    -0.00592043
0.00469512    0.00279371    -0.000813308    5.14759e-13    -2.9526e-13    -0.005652
0.00448254    0.00266732    -0.00077648    5.14721e-13    -2.95326e-13    -0.00539606
0.0042795    0.0025466    -0.000741305    5.14685e-13    -2.95388e-13    -0.00515162
0.0040856    0.00243129    -0.000707713    5.1465e-13    -2.95448e-13    -0.00491818
0.00390049    0.00232122    -0.000675646    5.14617e-13    -2.95506e-13    -0.00469533
0.00372385    0.00221617    -0.000645046    5.14586e-13    -2.9556e-13    -0.00448268
0.00355517    0.00211585    -0.000615824    5.14556e-13    -2.95613e-13    -0.0042796
0.00339411    0.00202005    -0.000587923    5.14527e-13    -2.95663e-13    -0.00408571
0.00324041    0.00192863    -0.000561298    5.145e-13    -2.9571e-13    -0.00390068
0.0030936    0.0018413    -0.000535866    5.14474e-13    -2.95756e-13    -0.00372394
0.00295352    0.00175797    -0.000511599    5.14449e-13    -2.95799e-13    -0.0035553
0.00281971    0.00167837    -0.00048842    5.14425e-13    -2.9584e-13    -0.00339422
0.00269189    0.00160232    -0.000466278    5.14402e-13    -2.9588e-13    -0.00324035
0.00256991    0.00152975    -0.000445148    5.1438e-13    -2.95918e-13    -0.00309351
0.00245351    0.00146049    -0.000424984    5.14359e-13    -2.95954e-13    -0.00295338
0.0023424    0.00139438    -0.000405736    5.1434e-13    -2.95988e-13    -0.00281962
0.00223629    0.00133124    -0.000387356    5.14321e-13    -2.96021e-13    -0.00269189
0.00213498    0.00127096    -0.000369808    5.14303e-13    -2.96052e-13    -0.00256994
0.00203828    0.00121341    -0.000353057    5.14285e-13    -2.96082e-13    -0.00245353
0.00194596    0.00115847    -0.000337064    5.14269e-13    -2.96111e-13    -0.00234239
0.00185783    0.00110603    -0.000321799    5.14253e-13    -2.96138e-13    -0.00223631
0.00177367    0.00105594    -0.00030722    5.14238e-13    -2.96164e-13    -0.00213499
0.00169326    0.00100808    -0.000293292    5.14224e-13    -2.96189e-13    -0.0020382
0.00161658    0.000962445    -0.00028001    5.1421e-13    -2.96213e-13    -0.0019459
0.00154334    0.000918854    -0.000267324    5.14197e-13    -2.96235e-13    -0.00185774
0.00147341    0.000877232    -0.000255211    5.14185e-13    -2.96257e-13    -0.00177356
0.00139855    0.000832674    -0.000242243    5.14171e-13    -2.9628e-13    -0.00168344
0.00133515    0.000794934    -0.000231261    5.1416e-13    -2.963e-13    -0.00160712
0.00127465    0.000758921    -0.000220781    5.14149e-13    -2.96319e-13    -0.00153429
0.00121692    0.000724561    -0.000210783    5.14139e-13    -2.96336e-13    -0.00146481
0.00116179    0.000691743    -0.000201233    5.14129e-13    -2.96353e-13    -0.00139845
0.00110919    0.000660425    -0.000192121    5.1412e-13    -2.9637e-13    -0.00133512
0.00105895    0.000630519    -0.000183419    5.14111e-13    -2.96385e-13    -0.00127465
0.00101097    0.000601959    -0.000175109    5.14102e-13    -2.964e-13    -0.0012169
0.000965193    0.000574705    -0.000167179    5.14094e-13    -2.96414e-13    -0.00116179
0.000921482    0.000548683    -0.000159608    5.14086e-13    -2.96428e-13    -0.00110918
0.000879758    0.000523843    -0.000152381    5.14079e-13    -2.96441e-13    -0.00105895
0.000839916    0.000500123    -0.00014548    5.14072e-13    -2.96453e-13    -0.001011
0.000801871    0.000477473    -0.00013889    5.14065e-13    -2.96465e-13    -0.000965201
0.000765549    0.000455848    -0.000132599    5.14058e-13    -2.96476e-13    -0.00092148
0.00073087    0.000435201    -0.000126592    5.14052e-13    -2.96487e-13    -0.000879736
0.000697757    0.000415486    -0.000120856    5.14046e-13    -2.96497e-13    -0.000839878
0.000666148    0.000396666    -0.000115381    5.14041e-13    -2.96507e-13    -0.00080183
0.000635963    0.000378694    -0.000110153    5.14035e-13    -2.96516e-13    -0.000765496
0.000607155    0.000361542    -0.000105163    5.1403e-13    -2.96525e-13    -0.000730821
0.000579665    0.000345175    -0.000100402    5.14025e-13    -2.96534e-13    -0.000697731
0.000553407    0.00032954    -9.58536e-05    5.1402e-13    -2.96542e-13    -0.000666124
0.000528346    0.000314619    -9.15128e-05    5.14016e-13    -2.96549e-13    -0.000635959
0.000504413    0.000300368    -8.73673e-05    5.14012e-13    -2.96557e-13    -0.00060715
0.000481567    0.000286765    -8.34103e-05    5.14008e-13    -2.96564e-13    -0.000579651
0.000459751    0.000273775    -7.96315e-05    5.14004e-13    -2.96571e-13    -0.00055339
0.000438924    0.000261374    -7.60242e-05    5.14e-13    -2.96577e-13    -0.000528322
0.000419037    0.000249532    -7.25796e-05    5.13997e-13    -2.96583e-13    -0.000504384
0.000400062    0.000238234    -6.92929e-05    5.13993e-13    -2.96589e-13    -0.000481544
0.000381929    0.000227436    -6.61522e-05    5.1399e-13    -2.96595e-13    -0.000459718
0.00036463    0.000217136    -6.31559e-05    5.13987e-13    -2.966e-13    -0.000438895
0.000348111    0.000207299    -6.02947e-05    5.13984e-13    -2.96605e-13    -0.000419011
0.000332344    0.00019791    -5.75637e-05    5.13981e-13    -2.9661e-13    -0.000400032
0.000317288    0.000188946    -5.4956e-05    5.13978e-13    -2.96615e-13    -0.000381911
0.000302923    0.000180392    -5.24679e-05    5.13976e-13    -2.96619e-13    -0.00036462
0.000289198    0.000172218    -5.00905e-05    5.13973e-13    -2.96623e-13    -0.000348098
0.000276098    0.000164418    -4.78216e-05    5.13971e-13    -2.96627e-13    -0.000332331
0.00026359    0.00015697    -4.56552e-05    5.13969e-13    -2.96631e-13    -0.000317276
0.000251645    0.000149857    -4.35862e-05    5.13967e-13    -2.96635e-13    -0.000302897
0.000240237    0.000143064    -4.16103e-05    5.13965e-13    -2.96639e-13    -0.000289166
0.000229356    0.000136584    -3.97256e-05    5.13963e-13    -2.96642e-13    -0.000276068
0.00021897    0.000130399    -3.79266e-05    5.13961e-13    -2.96645e-13    -0.000263567
0.00020905    0.000124492    -3.62084e-05    5.13959e-13    -2.96648e-13    -0.000251626
0.000199582    0.000118854    -3.45686e-05    5.13957e-13    -2.96651e-13    -0.000240231
0.000190539    0.000113469    -3.30023e-05    5.13956e-13    -2.96654e-13    -0.000229346
0.000181907    0.000108328    -3.15071e-05    5.13954e-13    -2.96657e-13    -0.000218955
0.000173667    0.000103422    -3.00799e-05    5.13953e-13    -2.96659e-13    -0.000209037
0.000165802    9.87383e-05    -2.87177e-05    5.13951e-13    -2.96662e-13    -0.000199571
0.000157649    9.38826e-05    -2.73054e-05    5.1395e-13    -2.96664e-13    -0.000189756
0.000150509    8.9631e-05    -2.60688e-05    5.13949e-13    -2.96666e-13    -0.000181162
0.00014369    8.55704e-05    -2.48877e-05    5.13947e-13    -2.96668e-13    -0.000172955
0.000137179    8.16931e-05    -2.376e-05    5.13946e-13    -2.9667e-13    -0.000165118
0.000130966    7.79931e-05    -2.26839e-05    5.13945e-13    -2.96672e-13    -0.000157639
0.00012503    7.44582e-05    -2.16557e-05    5.13944e-13    -2.96674e-13    -0.000150494
0.000119366    7.1085e-05    -2.06747e-05    5.13943e-13    -2.96676e-13    -0.000143676
0.000113958    6.78644e-05    -1.97379e-05    5.13942e-13    -2.96678e-13    -0.000137167
0.000108796    6.47904e-05    -1.88439e-05    5.13941e-13    -2.96679e-13    -0.000130953
0.000103868    6.1856e-05    -1.79904e-05    5.1394e-13    -2.96681e-13    -0.000125022
9.91624e-05    5.90537e-05    -1.71753e-05    5.13939e-13    -2.96682e-13    -0.000119358
9.4667e-05    5.63766e-05    -1.63967e-05    5.13939e-13    -2.96684e-13    -0.000113947
9.03791e-05    5.38231e-05    -1.5654e-05    5.13938e-13    -2.96685e-13    -0.000108786
8.62857e-05    5.13855e-05    -1.4945e-05    5.13937e-13    -2.96686e-13    -0.000103859
8.23755e-05    4.90568e-05    -1.42678e-05    5.13936e-13    -2.96687e-13    -9.91523e-05
7.86449e-05    4.68352e-05    -1.36216e-05    5.13936e-13    -2.96688e-13    -9.46619e-05
7.50833e-05    4.47142e-05    -1.30047e-05    5.13935e-13    -2.9669e-13    -9.0375e-05
7.16825e-05    4.26889e-05    -1.24157e-05    5.13934e-13    -2.96691e-13    -8.62815e-05
6.84361e-05    4.07557e-05    -1.18534e-05    5.13934e-13    -2.96692e-13    -8.2374e-05
6.53349e-05    3.89089e-05    -1.13163e-05    5.13933e-13    -2.96693e-13    -7.86412e-05
6.23757e-05    3.71465e-05    -1.08037e-05    5.13933e-13    -2.96694e-13    -7.50792e-05
5.95492e-05    3.54633e-05    -1.03142e-05    5.13932e-13    -2.96694e-13    -7.16771e-05
5.68517e-05    3.38569e-05    -9.84694e-06    5.13932e-13    -2.96695e-13    -6.84303e-05
5.42746e-05    3.23221e-05    -9.40057e-06    5.13931e-13    -2.96696e-13    -6.53283e-05
5.18164e-05    3.08583e-05    -8.97481e-06    5.13931e-13    -2.96697e-13    -6.23695e-05
4.94693e-05    2.94605e-05    -8.56828e-06    5.13931e-13    -2.96698e-13    -5.95443e-05
4.7227e-05    2.81251e-05    -8.1799e-06    5.1393e-13    -2.96698e-13    -5.68454e-05
4.50886e-05    2.68517e-05    -7.80952e-06    5.1393e-13    -2.96699e-13    -5.42714e-05
4.3046e-05    2.56352e-05    -7.45573e-06    5.13929e-13    -2.967e-13    -5.18128e-05
4.10961e-05    2.4474e-05    -7.11801e-06    5.13929e-13    -2.967e-13    -4.94658e-05
3.92353e-05    2.33659e-05    -6.7957e-06    5.13929e-13    -2.96701e-13    -4.7226e-05
3.74575e-05    2.23072e-05    -6.48779e-06    5.13928e-13    -2.96701e-13    -4.50862e-05
3.57606e-05    2.12966e-05    -6.19387e-06    5.13928e-13    -2.96702e-13    -4.30437e-05
3.41404e-05    2.03317e-05    -5.91325e-06    5.13928e-13    -2.96702e-13    -4.10935e-05
3.25942e-05    1.94109e-05    -5.64545e-06    5.13928e-13    -2.96703e-13    -3.92324e-05
3.11174e-05    1.85314e-05    -5.38965e-06    5.13927e-13    -2.96703e-13    -3.74548e-05
2.97083e-05    1.76922e-05    -5.14558e-06    5.13927e-13    -2.96704e-13    -3.57587e-05
2.83629e-05    1.6891e-05    -4.91256e-06    5.13927e-13    -2.96704e-13    -3.41393e-05
2.70785e-05    1.61261e-05    -4.6901e-06    5.13927e-13    -2.96704e-13    -3.25933e-05
2.5852e-05    1.53957e-05    -4.47766e-06    5.13926e-13    -2.96705e-13    -3.1117e-05
2.46811e-05    1.46984e-05    -4.27486e-06    5.13926e-13    -2.96705e-13    -2.97077e-05
2.35633e-05    1.40327e-05    -4.08126e-06    5.13926e-13    -2.96706e-13    -2.83623e-05
2.24956e-05    1.33969e-05    -3.89632e-06    5.13926e-13    -2.96706e-13    -2.7077e-05
2.14757e-05    1.27895e-05    -3.71968e-06    5.13926e-13    -2.96706e-13    -2.58495e-05
2.05031e-05    1.22103e-05    -3.55122e-06    5.13925e-13    -2.96706e-13    -2.46788e-05
1.95744e-05    1.16572e-05    -3.39036e-06    5.13925e-13    -2.96707e-13    -2.3561e-05
1.8688e-05    1.11293e-05    -3.23682e-06    5.13925e-13    -2.96707e-13    -2.2494e-05
1.78416e-05    1.06253e-05    -3.09023e-06    5.13925e-13    -2.96707e-13    -2.14752e-05
1.70335e-05    1.0144e-05    -2.95027e-06    5.13925e-13    -2.96708e-13    -2.05026e-05
1.62618e-05    9.68449e-06    -2.81661e-06    5.13925e-13    -2.96708e-13    -1.95737e-05
1.55252e-05    9.2458e-06    -2.68903e-06    5.13924e-13    -2.96708e-13    -1.86871e-05
1.48215e-05    8.82669e-06    -2.56713e-06    5.13924e-13    -2.96708e-13    -1.784e-05
1.41504e-05    8.42708e-06    -2.45091e-06    5.13924e-13    -2.96708e-13    -1.70323e-05
1.35093e-05    8.04527e-06    -2.33987e-06    5.13924e-13    -2.96709e-13    -1.62607e-05
1.28974e-05    7.68084e-06    -2.23388e-06    5.13924e-13    -2.96709e-13    -1.55241e-05
1.2313e-05    7.33283e-06    -2.13266e-06    5.13924e-13    -2.96709e-13    -1.48207e-05
1.1755e-05    7.00052e-06    -2.03601e-06    5.13924e-13    -2.96709e-13    -1.4149e-05
1.12225e-05    6.6834e-06    -1.94378e-06    5.13924e-13    -2.96709e-13    -1.35081e-05
1.0714e-05    6.38058e-06    -1.85571e-06    5.13924e-13    -2.9671e-13    -1.28961e-05
1.02288e-05    6.09163e-06    -1.77167e-06    5.13924e-13    -2.9671e-13    -1.23121e-05
9.76534e-06    5.8156e-06    -1.69139e-06    5.13923e-13    -2.9671e-13    -1.17542e-05
9.32319e-06    5.55228e-06    -1.61481e-06    5.13923e-13    -2.9671e-13    -1.1222e-05
8.90105e-06    5.30089e-06    -1.5417e-06    5.13923e-13    -2.9671e-13    -1.07138e-05
8.49806e-06    5.06089e-06    -1.4719e-06    5.13923e-13    -2.9671e-13    -1.02288e-05
8.11314e-06    4.83166e-06    -1.40523e-06    5.13923e-13    -2.9671e-13    -9.76546e-06
7.74581e-06    4.6129e-06    -1.3416e-06    5.13923e-13    -2.9671e-13    -9.32332e-06
7.39508e-06    4.40403e-06    -1.28086e-06    5.13923e-13    -2.96711e-13    -8.90117e-06
7.06026e-06    4.20463e-06    -1.22286e-06    5.13923e-13    -2.96711e-13    -8.49815e-06
6.74046e-06    4.01418e-06    -1.16747e-06    5.13923e-13    -2.96711e-13    -8.11322e-06
6.43509e-06    3.83233e-06    -1.11458e-06    5.13923e-13    -2.96711e-13    -7.74567e-06
6.11723e-06    3.64303e-06    -1.05953e-06    5.13923e-13    -2.96711e-13    -7.36306e-06
5.8401e-06    3.47798e-06    -1.01153e-06    5.13923e-13    -2.96711e-13    -7.02949e-06
5.57553e-06    3.32043e-06    -9.65703e-07    5.13923e-13    -2.96711e-13    -6.71105e-06
5.32288e-06    3.16996e-06    -9.21943e-07    5.13923e-13    -2.96711e-13    -6.40694e-06
5.08189e-06    3.02645e-06    -8.80203e-07    5.13923e-13    -2.96711e-13    -6.11688e-06
4.85172e-06    2.88937e-06    -8.40336e-07    5.13923e-13    -2.96711e-13    -5.83983e-06
4.63191e-06    2.75847e-06    -8.02264e-07    5.13923e-13    -2.96711e-13    -5.57525e-06
4.42207e-06    2.6335e-06    -7.65919e-07    5.13922e-13    -2.96711e-13    -5.32267e-06
4.22181e-06    2.51424e-06    -7.31233e-07    5.13922e-13    -2.96712e-13    -5.08162e-06
4.03051e-06    2.40031e-06    -6.98099e-07    5.13922e-13    -2.96712e-13    -4.85136e-06
3.8479e-06    2.29156e-06    -6.6647e-07    5.13922e-13    -2.96712e-13    -4.63156e-06
3.67357e-06    2.18774e-06    -6.36276e-07    5.13922e-13    -2.96712e-13    -4.42173e-06
3.50713e-06    2.08862e-06    -6.07448e-07    5.13922e-13    -2.96712e-13    -4.22139e-06
3.34828e-06    1.99402e-06    -5.79934e-07    5.13922e-13    -2.96712e-13    -4.03019e-06
3.19662e-06    1.9037e-06    -5.53666e-07    5.13922e-13    -2.96712e-13    -3.84764e-06
3.05172e-06    1.81741e-06    -5.28568e-07    5.13922e-13    -2.96712e-13    -3.67323e-06
2.91341e-06    1.73504e-06    -5.04613e-07    5.13922e-13    -2.96712e-13    -3.50675e-06
2.78143e-06    1.65644e-06    -4.81755e-07    5.13922e-13    -2.96712e-13    -3.3479e-06
2.65539e-06    1.58138e-06    -4.59924e-07    5.13922e-13    -2.96712e-13    -3.19619e-06
2.53509e-06    1.50974e-06    -4.39088e-07    5.13922e-13    -2.96712e-13    -3.05139e-06
