0.0418112    0.0247132    -0.00724488    5.21282e-13    -2.83713e-13    -0.0503475
0.0418112    0.0247132    -0.00724488    5.21282e-13    -2.83713e-13    -0.0503475
0.0418112    0.0247132    -0.00724488    5.21282e-13    -2.83713e-13    -0.0503475
0.0418112    0.0247132    -0.00724488    5.21282e-13    -2.83713e-13    -0.0503475
0.0418112    0.0247132    -0.00724488    5.21282e-13    -2.83713e-13    -0.0503475
0.0418112    0.0247132    -0.00724488    5.21282e-13    -2.83713e-13    -0.0503475
0.0418112    0.0247132    -0.00724488    5.21282e-13    -2.83713e-13    -0.0503475
0.0418112    0.0247132    -0.00724488    5.21282e-13    -2.83713e-13    -0.0503475
0.0418112    0.0247132    -0.00724488    5.21282e-13    -2.83713e-13    -0.0503475
0.0418112    0.0247132    -0.00724488    5.21282e-13    -2.83713e-13    -0.0503475
0.0418112    0.0247132    -0.00724488    5.21282e-13    -2.83713e-13    -0.0503475
0.0418112    0.0247132    -0.00724488    5.21282e-13    -2.83713e-13    -0.0503475
0.0418112    0.0247132    -0.00724488    5.21282e-13    -2.83713e-13    -0.0503475
0.0418112    0.0247132    -0.00724488    5.21282e-13    -2.83713e-13    -0.0503475
0.0418112    0.0247132    -0.00724488    5.21282e-13    -2.83713e-13    -0.0503475
0.0418112    0.0247132    -0.00724488    5.21282e-13    -2.83713e-13    -0.0503475
0.0418112    0.0247132    -0.00724488    5.21282e-13    -2.83713e-13    -0.0503475
0.0418112    0.0247132    -0.00724488    5.21282e-13    -2.83713e-13    -0.0503475
0.0418112    0.0247132    -0.00724488    5.21282e-13    -2.83713e-13    -0.0503475
0.0418112    0.0247132    -0.00724488    5.21282e-13    -2.83713e-13    -0.0503475
0.0418112    0.0247132    -0.00724488    5.21282e-13    -2.83713e-13    -0.0503475
0.0418112    0.0247132    -0.00724488    5.21282e-13    -2.83713e-13    -0.0503475
0.0418112    0.0247132    -0.00724488    5.21282e-13    -2.83713e-13    -0.0503475
0.0418112    0.0247132    -0.00724488    5.21282e-13    -2.83713e-13    -0.0503475
0.0418112    0.0247132    -0.00724488    5.21282e-13    -2.83713e-13    -0.0503475
0.0418112    0.0247132    -0.00724488    5.21282e-13    -2.83713e-13    -0.0503475
0.0418112    0.0247132    -0.00724488    5.21282e-13    -2.83713e-13    -0.0503475
0.0418112    0.0247132    -0.00724488    5.21282e-13    -2.83713e-13    -0.0503475
0.0418112    0.0247132    -0.00724488    5.21282e-13    -2.83713e-13    -0.0503475
0.0418112    0.0247132    -0.00724488    5.21282e-13    -2.83713e-13    -0.0503475
0.0418112    0.0247132    -0.00724488    5.21282e-13    -2.83713e-13    -0.0503475
0.0418112    0.0247132    -0.00724488    5.21282e-13    -2.83713e-13    -0.0503475
0.0418112    0.0247132    -0.00724488    5.21282e-13    -2.83713e-13    -0.0503475
0.0418112    0.0247132    -0.00724488    5.21282e-13    -2.83713e-13    -0.0503475
0.0418112    0.0247132    -0.00724488    5.21282e-13    -2.83713e-13    -0.0503475
0.0418112    0.0247132    -0.00724488    5.21282e-13    -2.83713e-13    -0.0503475
0.0418112    0.0247132    -0.00724488    5.21282e-13    -2.83713e-13    -0.0503475
0.0418112    0.0247132    -0.00724488    5.21282e-13    -2.83713e-13    -0.0503475
0.0418112    0.0247132    -0.00724488    5.21282e-13    -2.83713e-13    -0.0503475
0.0418112    0.0247132    -0.00724488    5.21282e-13    -2.83713e-13    -0.0503475
0.0418112    0.0247132    -0.00724488    5.21282e-13    -2.83713e-13    -0.0503475
0.0418112    0.0247132    -0.00724488    5.21282e-13    -2.83713e-13    -0.0503475
0.0418112    0.0247132    -0.00724488    5.21282e-13    -2.83713e-13    -0.0503475
0.0418112    0.0247132    -0.00724488    5.21282e-13    -2.83713e-13    -0.0503475
0.0418112    0.0247132    -0.00724488    5.21282e-13    -2.83713e-13    -0.0503475
0.0418112    0.0247132    -0.00724488    5.21282e-13    -2.83713e-13    -0.0503475
0.0418112    0.0247132    -0.00724488    5.21282e-13    -2.83713e-13    -0.0503475
0.0418112    0.0247132    -0.00724488    5.21282e-13    -2.83713e-13    -0.0503475
0.0418112    0.0247132    -0.00724488    5.21282e-13    -2.83713e-13    -0.0503475
0.0418112    0.0247132    -0.00724488    5.21282e-13    -2.83713e-13    -0.0503475
0.0418112    0.0247132    -0.00724488    5.21282e-13    -2.83713e-13    -0.0503475
0.0418112    0.0247132    -0.00724488    5.21282e-13    -2.83713e-13    -0.0503475
0.0418112    0.0247132    -0.00724488    5.21282e-13    -2.83713e-13    -0.0503475
0.0415167    0.0245394    -0.00719386    5.21231e-13    -2.83805e-13    -0.049993
0.0411338    0.0243134    -0.00712752    5.21165e-13    -2.83924e-13    -0.0495319
0.0403688    0.0238625    -0.00699496    5.21032e-13    -2.84163e-13    -0.0486107
0.0394339    0.0233118    -0.00683298    5.2087e-13    -2.84455e-13    -0.0474851
0.0389496    0.023026    -0.00674907    5.20786e-13    -2.84606e-13    -0.0469019
0.0386936    0.0228749    -0.00670471    5.20741e-13    -2.84686e-13    -0.0465937
0.0384723    0.0227441    -0.00666637    5.20703e-13    -2.84755e-13    -0.0463272
0.0379155    0.0224156    -0.00656988    5.20606e-13    -2.84929e-13    -0.0456567
0.0376645    0.0222674    -0.0065264    5.20562e-13    -2.85008e-13    -0.0453545
0.037285    0.0220434    -0.00646063    5.20496e-13    -2.85126e-13    -0.0448975
0.0362488    0.0214331    -0.00628108    5.20316e-13    -2.85449e-13    -0.0436497
0.0354024    0.0209342    -0.00613442    5.20168e-13    -2.85714e-13    -0.0426305
0.0346127    0.0204687    -0.00599759    5.20031e-13    -2.8596e-13    -0.0416796
0.0342433    0.0202505    -0.00593359    5.19966e-13    -2.86075e-13    -0.0412348
0.0336904    0.0199242    -0.00583778    5.1987e-13    -2.86247e-13    -0.040569
0.0332594    0.0196698    -0.0057631    5.19795e-13    -2.86382e-13    -0.04005
0.0325756    0.0192664    -0.00564461    5.19675e-13    -2.86595e-13    -0.0392266
0.0320682    0.0189668    -0.00555668    5.19587e-13    -2.86753e-13    -0.0386155
0.0314696    0.0186136    -0.00545295    5.19482e-13    -2.8694e-13    -0.0378947
0.0309673    0.0183171    -0.00536591    5.19394e-13    -2.87096e-13    -0.0372898
0.0307785    0.0182055    -0.00533321    5.19361e-13    -2.87155e-13    -0.0370626
0.0303453    0.0179497    -0.00525814    5.19286e-13    -2.8729e-13    -0.0365409
0.0296186    0.017521    -0.00513221    5.19158e-13    -2.87517e-13    -0.0356657
0.0289102    0.017103    -0.00500946    5.19034e-13    -2.87737e-13    -0.0348127
0.0283399    0.0167664    -0.00491064    5.18935e-13    -2.87915e-13    -0.0341259
0.0280286    0.0165824    -0.00485669    5.1888e-13    -2.88012e-13    -0.033751
0.0274657    0.0162501    -0.00475915    5.18781e-13    -2.88187e-13    -0.0330732
0.0269688    0.0159567    -0.00467304    5.18694e-13    -2.88342e-13    -0.0324748
0.0266344    0.0157591    -0.0046151    5.18636e-13    -2.88446e-13    -0.0320721
0.0261255    0.0154585    -0.00452692    5.18546e-13    -2.88605e-13    -0.0314593
0.0258999    0.0153251    -0.00448781    5.18507e-13    -2.88675e-13    -0.0311876
0.0255331    0.0151084    -0.00442425    5.18443e-13    -2.88789e-13    -0.0307459
0.0249485    0.0147632    -0.00432295    5.1834e-13    -2.88971e-13    -0.0300419
0.0244028    0.014441    -0.0042284    5.18244e-13    -2.89141e-13    -0.0293848
0.0241125    0.0142694    -0.00417809    5.18193e-13    -2.89231e-13    -0.0290352
0.0238743    0.0141285    -0.00413681    5.18151e-13    -2.89305e-13    -0.0287483
0.0233215    0.0138021    -0.00404101    5.18054e-13    -2.89477e-13    -0.0280826
0.0230343    0.0136323    -0.00399125    5.18004e-13    -2.89567e-13    -0.0277368
0.022595    0.0133727    -0.00391512    5.17926e-13    -2.89703e-13    -0.0272077
0.0220408    0.0130455    -0.00381909    5.17829e-13    -2.89876e-13    -0.0265404
0.0216644    0.012823    -0.00375386    5.17763e-13    -2.89993e-13    -0.0260871
0.0211954    0.0125459    -0.00367259    5.1768e-13    -2.90138e-13    -0.0255223
0.0207191    0.0122645    -0.00359006    5.17596e-13    -2.90287e-13    -0.0249487
0.0204235    0.0120896    -0.00353882    5.17544e-13    -2.90379e-13    -0.0245927
0.0199376    0.0118026    -0.00345463    5.17459e-13    -2.9053e-13    -0.0240076
0.0196723    0.0116457    -0.00340866    5.17412e-13    -2.90612e-13    -0.0236881
0.0192474    0.0113946    -0.00333503    5.17337e-13    -2.90744e-13    -0.0231765
0.0188816    0.0111783    -0.00327165    5.17273e-13    -2.90858e-13    -0.0227359
0.0184376    0.0109158    -0.00319469    5.17194e-13    -2.90996e-13    -0.0222012
0.018161    0.0107523    -0.00314677    5.17145e-13    -2.91082e-13    -0.0218682
0.0179863    0.0106489    -0.0031165    5.17115e-13    -2.91136e-13    -0.0216578
0.0175489    0.0103904    -0.00304071    5.17037e-13    -2.91272e-13    -0.0211311
0.0171332    0.0101446    -0.00296866    5.16964e-13    -2.91401e-13    -0.0206304
0.0169917    0.0100609    -0.00294415    5.16939e-13    -2.91445e-13    -0.0204601
0.0166015    0.00983017    -0.00287652    5.1687e-13    -2.91566e-13    -0.0199901
0.0163002    0.009652    -0.00282432    5.16817e-13    -2.9166e-13    -0.0196273
0.0160725    0.00951727    -0.00278486    5.16777e-13    -2.91731e-13    -0.0193531
0.0157884    0.00934923    -0.00273563    5.16727e-13    -2.91819e-13    -0.019011
0.0156158    0.00924706    -0.00270572    5.16696e-13    -2.91872e-13    -0.0188031
0.0152871    0.00905266    -0.00264876    5.16638e-13    -2.91975e-13    -0.0184073
0.0151114    0.00894869    -0.00261831    5.16607e-13    -2.92029e-13    -0.0181957
0.0148963    0.00882144    -0.00258105    5.16569e-13    -2.92096e-13    -0.0179367
0.0147503    0.00873502    -0.00255575    5.16543e-13    -2.92141e-13    -0.0177609
0.0146165    0.00865586    -0.00253257    5.16519e-13    -2.92183e-13    -0.0175999
0.0144582    0.00856216    -0.00250514    5.16491e-13    -2.92232e-13    -0.0174092
0.0142207    0.00842164    -0.00246399    5.16449e-13    -2.92306e-13    -0.0171232
0.0140268    0.00830686    -0.00243038    5.16415e-13    -2.92366e-13    -0.0168897
0.0139045    0.00823449    -0.00240919    5.16394e-13    -2.92404e-13    -0.0167424
0.013578    0.00804138    -0.00235262    5.16336e-13    -2.92505e-13    -0.0163493
0.0134772    0.00798172    -0.00233516    5.16318e-13    -2.92536e-13    -0.0162279
0.0133719    0.00791934    -0.0023169    5.16299e-13    -2.92569e-13    -0.0161011
0.0131683    0.00779887    -0.00228163    5.16263e-13    -2.92632e-13    -0.0158559
0.0128978    0.00763885    -0.00223476    5.16215e-13    -2.92716e-13    -0.0155302
0.0125754    0.00744815    -0.00217889    5.16158e-13    -2.92816e-13    -0.015142
0.0122734    0.00726947    -0.00212656    5.16105e-13    -2.9291e-13    -0.0147783
0.0120401    0.00713137    -0.00208612    5.16063e-13    -2.92982e-13    -0.0144973
0.011884    0.007039    -0.00205908    5.16036e-13    -2.93031e-13    -0.0143094
0.0116427    0.0068962    -0.00201727    5.15993e-13    -2.93106e-13    -0.0140188
0.0114943    0.00680834    -0.00199155    5.15967e-13    -2.93152e-13    -0.0138401
0.011366    0.00673237    -0.00196931    5.15944e-13    -2.93192e-13    -0.0136855
0.0112525    0.00666517    -0.00194965    5.15924e-13    -2.93227e-13    -0.0135489
0.0110613    0.00655204    -0.00191653    5.1589e-13    -2.93286e-13    -0.0133187
0.0109482    0.00648505    -0.00189693    5.1587e-13    -2.93321e-13    -0.0131825
0.0108564    0.00643072    -0.00188103    5.15854e-13    -2.9335e-13    -0.013072
0.0106397    0.00630246    -0.00184348    5.15815e-13    -2.93417e-13    -0.0128111
0.0105567    0.0062533    -0.00182909    5.15801e-13    -2.93443e-13    -0.0127111
0.0103331    0.00612095    -0.00179035    5.15761e-13    -2.93512e-13    -0.0124418
0.0102445    0.00606847    -0.00177499    5.15745e-13    -2.93539e-13    -0.0123351
0.00999725    0.00592217    -0.00173215    5.15701e-13    -2.93616e-13    -0.0120374
0.00992922    0.00588188    -0.00172036    5.15689e-13    -2.93637e-13    -0.0119555
0.00968764    0.00573891    -0.0016785    5.15646e-13    -2.93712e-13    -0.0116646
0.00962629    0.00570257    -0.00166787    5.15635e-13    -2.93731e-13    -0.0115907
0.00947466    0.00561279    -0.0016416    5.15609e-13    -2.93778e-13    -0.0114081
0.0093907    0.00556307    -0.00162705    5.15594e-13    -2.93804e-13    -0.011307
0.0092959    0.00550693    -0.00161063    5.15577e-13    -2.93834e-13    -0.0111929
0.00909826    0.00538994    -0.00157638    5.15542e-13    -2.93895e-13    -0.0109549
0.00891629    0.00528222    -0.00154485    5.15509e-13    -2.93951e-13    -0.0107358
0.00875205    0.00518497    -0.00151639    5.1548e-13    -2.94002e-13    -0.010538
0.00853596    0.00505707    -0.00147895    5.15442e-13    -2.94069e-13    -0.0102778
0.00838143    0.00496557    -0.00145217    5.15414e-13    -2.94117e-13    -0.0100917
0.00820955    0.0048638    -0.00142239    5.15384e-13    -2.9417e-13    -0.00988475
0.00815072    0.00482896    -0.0014122    5.15374e-13    -2.94189e-13    -0.00981392
0.00808527    0.00479019    -0.00140086    5.15362e-13    -2.94209e-13    -0.00973511
0.0079582    0.00471495    -0.00137884    5.15339e-13    -2.94248e-13    -0.00958211
0.00790367    0.00468264    -0.00136939    5.1533e-13    -2.94265e-13    -0.00951645
0.0078505    0.00465115    -0.00136018    5.1532e-13    -2.94282e-13    -0.00945242
0.00777667    0.00460742    -0.00134739    5.15307e-13    -2.94305e-13    -0.00936352
0.00766358    0.00454045    -0.00132779    5.15287e-13    -2.9434e-13    -0.00922735
0.00749726    0.00444197    -0.00129897    5.15257e-13    -2.94391e-13    -0.00902708
0.00737142    0.00436745    -0.00127717    5.15235e-13    -2.9443e-13    -0.00887555
0.00722086    0.00427829    -0.00125108    5.15208e-13    -2.94477e-13    -0.00869426
0.007175    0.00425113    -0.00124314    5.152e-13    -2.94491e-13    -0.00863904
0.00711421    0.00421512    -0.0012326    5.15189e-13    -2.9451e-13    -0.00856585
0.00693424    0.00410856    -0.00120142    5.15157e-13    -2.94566e-13    -0.00834913
0.00686919    0.00407003    -0.00119015    5.15146e-13    -2.94586e-13    -0.00827081
0.00671051    0.00397607    -0.00116265    5.15118e-13    -2.94635e-13    -0.00807975
0.00665798    0.00394495    -0.00115355    5.15108e-13    -2.94651e-13    -0.00801649
0.00648959    0.00384524    -0.00112438    5.15078e-13    -2.94703e-13    -0.00781373
0.0064481    0.00382066    -0.00111719    5.15071e-13    -2.94716e-13    -0.00776377
0.00630175    0.00373399    -0.00109183    5.15045e-13    -2.94762e-13    -0.00758754
0.00625932    0.00370886    -0.00108448    5.15037e-13    -2.94775e-13    -0.00753646
0.0062255    0.00368882    -0.00107862    5.15031e-13    -2.94785e-13    -0.00749573
0.00607707    0.00360092    -0.0010529    5.15005e-13    -2.94831e-13    -0.00731701
0.00597261    0.00353905    -0.0010348    5.14986e-13    -2.94864e-13    -0.00719123
0.0059193    0.00350746    -0.00102556    5.14977e-13    -2.9488e-13    -0.00712704
0.0058686    0.00347743    -0.00101678    5.14968e-13    -2.94896e-13    -0.007066
0.00579133    0.00343166    -0.00100339    5.14954e-13    -2.9492e-13    -0.00697296
0.00565468    0.00335073    -0.000979714    5.1493e-13    -2.94962e-13    -0.00680841
0.00553182    0.00327796    -0.000958426    5.14908e-13    -2.95e-13    -0.00666048
0.00546275    0.00323704    -0.000946459    5.14896e-13    -2.95022e-13    -0.00657732
0.00537344    0.00318414    -0.000930985    5.1488e-13    -2.95049e-13    -0.00646978
0.00528245    0.00313024    -0.00091522    5.14864e-13    -2.95077e-13    -0.00636022
0.00520659    0.0030853    -0.000902076    5.1485e-13    -2.95101e-13    -0.00626888
0.00510748    0.00302659    -0.000884904    5.14832e-13    -2.95132e-13    -0.00614954
0.00507024    0.00300453    -0.000878452    5.14826e-13    -2.95143e-13    -0.0061047
0.0049896    0.00295676    -0.00086448    5.14811e-13    -2.95168e-13    -0.00600761
0.00488742    0.00289623    -0.000846775    5.14793e-13    -2.952e-13    -0.00588457
0.00483182    0.00286329    -0.000837143    5.14783e-13    -2.95217e-13    -0.00581763
0.00470997    0.00279112    -0.00081603    5.14762e-13    -2.95255e-13    -0.00567091
0.00463066    0.00274413    -0.000802288    5.14748e-13    -2.95279e-13    -0.00557541
0.00452484    0.00268145    -0.000783954    5.14729e-13    -2.95312e-13    -0.00544801
0.0044332    0.00262716    -0.000768076    5.14712e-13    -2.95341e-13    -0.00533766
0.00435396    0.00258022    -0.000754346    5.14698e-13    -2.95365e-13    -0.00524225
0.00432782    0.00256473    -0.000749817    5.14694e-13    -2.95373e-13    -0.00521077
0.00424012    0.00251277    -0.000734623    5.14678e-13    -2.954e-13    -0.00510518
0.00414704    0.00245763    -0.000718494    5.14661e-13    -2.95429e-13    -0.0049931
0.00404831    0.00239915    -0.000701389    5.14644e-13    -2.9546e-13    -0.00487423
0.00395616    0.00234455    -0.000685423    5.14627e-13    -2.95488e-13    -0.00476327
0.00386932    0.00229311    -0.000670377    5.14612e-13    -2.95515e-13    -0.00465871
0.00377307    0.00223609    -0.0006537    5.14595e-13    -2.95545e-13    -0.00454282
0.00369696    0.00219099    -0.000640512    5.14581e-13    -2.95569e-13    -0.00445117
0.00361057    0.00213981    -0.000625546    5.14566e-13    -2.95595e-13    -0.00434716
0.00352037    0.00208637    -0.000609917    5.1455e-13    -2.95623e-13    -0.00423855
0.00345472    0.00204748    -0.000598543    5.14538e-13    -2.95644e-13    -0.00415951
0.00340191    0.00201619    -0.000589393    5.14529e-13    -2.9566e-13    -0.00409593
0.0033726    0.00199881    -0.000584315    5.14523e-13    -2.95669e-13    -0.00406063
0.00329872    0.00195504    -0.000571514    5.1451e-13    -2.95692e-13    -0.00397167
0.00322237    0.00190981    -0.000558286    5.14497e-13    -2.95716e-13    -0.00387975
0.00318817    0.00188954    -0.000552361    5.14491e-13    -2.95726e-13    -0.00383857
0.00312985    0.00185498    -0.000542255    5.1448e-13    -2.95744e-13    -0.00376834
0.00309762    0.00183588    -0.000536672    5.14474e-13    -2.95754e-13    -0.00372955
0.00304224    0.00180306    -0.000527076    5.14465e-13    -2.95771e-13    -0.00366286
0.00301217    0.00178524    -0.000521867    5.14459e-13    -2.95781e-13    -0.00362666
0.00295388    0.00175071    -0.000511768    5.14449e-13    -2.95799e-13    -0.00355648
0.00291933    0.00173023    -0.000505782    5.14443e-13    -2.95809e-13    -0.00351488
0.00288464    0.00170967    -0.000499771    5.14436e-13    -2.9582e-13    -0.00347311
0.00285583    0.0016926    -0.00049478    5.14431e-13    -2.95829e-13    -0.00343842
0.0028364    0.00168109    -0.000491414    5.14428e-13    -2.95835e-13    -0.00341503
0.00278541    0.00165087    -0.000482579    5.14419e-13    -2.95851e-13    -0.00335363
0.00275819    0.00163474    -0.000477864    5.14414e-13    -2.95859e-13    -0.00332086
0.00270766    0.00160479    -0.000469108    5.14405e-13    -2.95875e-13    -0.00326001
0.00266555    0.00157984    -0.000461813    5.14397e-13    -2.95888e-13    -0.00320932
0.00259949    0.0015407    -0.000450368    5.14386e-13    -2.95908e-13    -0.00312978
0.00257112    0.00152389    -0.000445452    5.14381e-13    -2.95917e-13    -0.00309562
0.00252937    0.00149915    -0.000438219    5.14373e-13    -2.9593e-13    -0.00304536
0.00247947    0.00146957    -0.000429573    5.14364e-13    -2.95946e-13    -0.00298527
0.00246061    0.0014584    -0.000426306    5.14361e-13    -2.95951e-13    -0.00296257
0.00242439    0.00143694    -0.00042003    5.14354e-13    -2.95963e-13    -0.00291896
0.0023828    0.00141229    -0.000412825    5.14347e-13    -2.95975e-13    -0.00286889
0.00232516    0.00137814    -0.000402839    5.14337e-13    -2.95993e-13    -0.00279949
0.00229184    0.00135839    -0.000397066    5.14331e-13    -2.96004e-13    -0.00275937
0.00226429    0.00134206    -0.000392291    5.14326e-13    -2.96012e-13    -0.00272619
0.00221386    0.00131218    -0.000383556    5.14317e-13    -2.96028e-13    -0.00266548
0.0021829    0.00129383    -0.000378191    5.14311e-13    -2.96037e-13    -0.0026282
0.00217113    0.00128685    -0.000376152    5.14309e-13    -2.96041e-13    -0.00261403
0.00214465    0.00127116    -0.000371564    5.14304e-13    -2.96049e-13    -0.00258215
0.00210749    0.00124913    -0.000365125    5.14298e-13    -2.96061e-13    -0.0025374
0.00206118    0.00122169    -0.000357102    5.1429e-13    -2.96075e-13    -0.00248164
0.00204064    0.00120952    -0.000353544    5.14286e-13    -2.96081e-13    -0.00245691
0.00200224    0.00118676    -0.00034689    5.14279e-13    -2.96093e-13    -0.00241067
0.00197228    0.001169    -0.000341699    5.14274e-13    -2.96103e-13    -0.0023746
0.0019428    0.00115153    -0.000336593    5.14268e-13    -2.96112e-13    -0.00233911
0.00192063    0.00113839    -0.000332751    5.14265e-13    -2.96118e-13    -0.00231242
0.0018831    0.00111615    -0.000326249    5.14258e-13    -2.9613e-13    -0.00226723
0.00186619    0.00110613    -0.00032332    5.14255e-13    -2.96135e-13    -0.00224688
0.00183306    0.0010865    -0.000317579    5.14249e-13    -2.96146e-13    -0.00220698
0.00182181    0.00107983    -0.00031563    5.14247e-13    -2.96149e-13    -0.00219344
0.00179705    0.00106515    -0.00031134    5.14242e-13    -2.96157e-13    -0.00216363
0.0017625    0.00104468    -0.000305355    5.14236e-13    -2.96167e-13    -0.00212203
0.00172941    0.00102507    -0.000299622    5.1423e-13    -2.96178e-13    -0.00208219
0.00169815    0.00100654    -0.000294207    5.14225e-13    -2.96187e-13    -0.00204456
0.00167735    0.000994213    -0.000290602    5.14221e-13    -2.96194e-13    -0.00201951
0.00166221    0.000985242    -0.00028798    5.14218e-13    -2.96198e-13    -0.00200128
0.00163314    0.000968013    -0.000282943    5.14213e-13    -2.96207e-13    -0.00196628
0.00160399    0.000950735    -0.000277892    5.14208e-13    -2.96216e-13    -0.00193118
0.00157206    0.000931809    -0.00027236    5.14202e-13    -2.96226e-13    -0.00189273
0.00155339    0.000920744    -0.000269125    5.14199e-13    -2.96232e-13    -0.00187026
0.00152207    0.000902185    -0.0002637    5.14193e-13    -2.96242e-13    -0.00183255
0.00150785    0.000893756    -0.000261236    5.14191e-13    -2.96246e-13    -0.00181543
0.00147208    0.000872556    -0.000255038    5.14184e-13    -2.96257e-13    -0.00177236
0.00144404    0.000855937    -0.00025018    5.14179e-13    -2.96266e-13    -0.0017386
0.00141748    0.000840195    -0.000245578    5.14175e-13    -2.96274e-13    -0.00170662
0.00140263    0.000831395    -0.000243006    5.14172e-13    -2.96279e-13    -0.00168874
0.00138022    0.000818116    -0.000239124    5.14168e-13    -2.96286e-13    -0.00166177
0.00137044    0.000812317    -0.000237429    5.14166e-13    -2.96289e-13    -0.00164999
0.00135605    0.000803786    -0.000234936    5.14164e-13    -2.96293e-13    -0.00163266
0.00132505    0.000785417    -0.000229566    5.14158e-13    -2.96303e-13    -0.00159534
0.00129982    0.000770462    -0.000225194    5.14154e-13    -2.96311e-13    -0.00156496
0.00129043    0.000764897    -0.000223568    5.14152e-13    -2.96314e-13    -0.00155366
0.00128069    0.000759125    -0.00022188    5.1415e-13    -2.96317e-13    -0.00154193
0.00126465    0.000749616    -0.000219101    5.14147e-13    -2.96322e-13    -0.00152262
0.00124334    0.000736984    -0.000215409    5.14144e-13    -2.96328e-13    -0.00149696
0.00122201    0.000724344    -0.000211714    5.1414e-13    -2.96335e-13    -0.00147128
0.0011992    0.000710825    -0.000207762    5.14136e-13    -2.96342e-13    -0.00144382
0.00118592    0.000702953    -0.000205461    5.14133e-13    -2.96346e-13    -0.00142783
0.00116124    0.000688325    -0.000201185    5.14129e-13    -2.96354e-13    -0.00139811
0.00114836    0.000680688    -0.000198953    5.14127e-13    -2.96358e-13    -0.0013826
0.00113466    0.000672568    -0.000196579    5.14124e-13    -2.96362e-13    -0.00136611
0.00112434    0.000666455    -0.000194792    5.14122e-13    -2.96365e-13    -0.00135369
0.0010962    0.000649777    -0.000189917    5.14117e-13    -2.96374e-13    -0.00131981
0.00109028    0.000646263    -0.00018889    5.14116e-13    -2.96375e-13    -0.00131267
0.00106642    0.000632122    -0.000184757    5.14112e-13    -2.96383e-13    -0.00128395
0.00105369    0.000624577    -0.000182551    5.1411e-13    -2.96387e-13    -0.00126862
0.00104412    0.000618909    -0.000180894    5.14108e-13    -2.9639e-13    -0.00125711
0.00102943    0.000610197    -0.000178348    5.14105e-13    -2.96394e-13    -0.00123941
0.00100423    0.000595262    -0.000173982    5.14101e-13    -2.96402e-13    -0.00120907
0.000980456    0.000581173    -0.000169864    5.14097e-13    -2.96409e-13    -0.00118045
0.000960254    0.000569198    -0.000166364    5.14093e-13    -2.96416e-13    -0.00115613
0.000941734    0.000558221    -0.000163155    5.1409e-13    -2.96421e-13    -0.00113383
0.000934462    0.000553911    -0.000161895    5.14089e-13    -2.96424e-13    -0.00112507
0.000916664    0.000543362    -0.000158812    5.14085e-13    -2.96429e-13    -0.00110364
0.000904757    0.000536304    -0.000156749    5.14083e-13    -2.96433e-13    -0.00108931
0.000885952    0.000525158    -0.000153491    5.1408e-13    -2.96439e-13    -0.00106667
0.000864519    0.000512454    -0.000149777    5.14076e-13    -2.96445e-13    -0.00104086
0.000844093    0.000500347    -0.000146239    5.14072e-13    -2.96452e-13    -0.00101627
0.000825062    0.000489068    -0.000142941    5.14069e-13    -2.96458e-13    -0.000993356
0.000817314    0.000484475    -0.000141599    5.14068e-13    -2.9646e-13    -0.000984028
0.000800013    0.00047422    -0.000138602    5.14065e-13    -2.96465e-13    -0.000963197
0.000787009    0.000466512    -0.000136349    5.14062e-13    -2.96469e-13    -0.000947541
0.000778144    0.000461257    -0.000134813    5.14061e-13    -2.96472e-13    -0.000936867
0.000759878    0.000450431    -0.000131648    5.14057e-13    -2.96478e-13    -0.000914876
0.000741958    0.000439809    -0.000128544    5.14054e-13    -2.96483e-13    -0.0008933
0.000725031    0.000429776    -0.000125611    5.14051e-13    -2.96488e-13    -0.00087292
0.000713966    0.000423218    -0.000123694    5.14049e-13    -2.96492e-13    -0.000859599
0.00070195    0.000416095    -0.000121612    5.14047e-13    -2.96496e-13    -0.000845131
0.000695943    0.000412534    -0.000120572    5.14046e-13    -2.96497e-13    -0.000837899
0.000688445    0.00040809    -0.000119272    5.14045e-13    -2.965e-13    -0.000828871
0.000672878    0.000398863    -0.000116575    5.14042e-13    -2.96505e-13    -0.000810129
0.000662689    0.000392823    -0.00011481    5.1404e-13    -2.96508e-13    -0.000797861
0.000653037    0.000387102    -0.000113138    5.14038e-13    -2.96511e-13    -0.00078624
0.000638486    0.000378477    -0.000110617    5.14036e-13    -2.96515e-13    -0.000768721
0.000628762    0.000372713    -0.000108932    5.14034e-13    -2.96518e-13    -0.000757014
0.000621769    0.000368568    -0.000107721    5.14033e-13    -2.9652e-13    -0.000748594
0.00061409    0.000364016    -0.00010639    5.14031e-13    -2.96523e-13    -0.000739349
0.000602419    0.000357098    -0.000104368    5.14029e-13    -2.96526e-13    -0.000725297
0.000590462    0.000350011    -0.000102297    5.14027e-13    -2.9653e-13    -0.000710902
0.000585652    0.00034716    -0.000101464    5.14026e-13    -2.96532e-13    -0.00070511
0.00057543    0.000341101    -9.96926e-05    5.14024e-13    -2.96535e-13    -0.000692803
0.000566723    0.000335939    -9.81841e-05    5.14023e-13    -2.96537e-13    -0.00068232
0.000554219    0.000328528    -9.60178e-05    5.14021e-13    -2.96541e-13    -0.000667265
0.000543247    0.000322024    -9.4117e-05    5.14019e-13    -2.96545e-13    -0.000654056
0.000538432    0.00031917    -9.32827e-05    5.14018e-13    -2.96546e-13    -0.000648258
0.000533185    0.000316059    -9.23736e-05    5.14017e-13    -2.96548e-13    -0.00064194
0.000525047    0.000311236    -9.09638e-05    5.14015e-13    -2.9655e-13    -0.000632143
0.000520989    0.00030883    -9.02607e-05    5.14015e-13    -2.96552e-13    -0.000627257
0.000516772    0.000306331    -8.95302e-05    5.14014e-13    -2.96553e-13    -0.00062218
0.000510283    0.000302484    -8.84059e-05    5.14013e-13    -2.96555e-13    -0.000614367
0.000504267    0.000298918    -8.73637e-05    5.14012e-13    -2.96557e-13    -0.000607124
0.0004922    0.000291765    -8.5273e-05    5.1401e-13    -2.96561e-13    -0.000592596
0.000480639    0.000284913    -8.32702e-05    5.14008e-13    -2.96564e-13    -0.000578677
0.000472108    0.000279856    -8.17921e-05    5.14006e-13    -2.96567e-13    -0.000568406
0.000461696    0.000273684    -7.99883e-05    5.14004e-13    -2.9657e-13    -0.00055587
0.000451687    0.000267751    -7.82542e-05    5.14002e-13    -2.96573e-13    -0.000543819
0.000444782    0.000263658    -7.7058e-05    5.14001e-13    -2.96575e-13    -0.000535506
0.000439443    0.000260493    -7.61329e-05    5.14e-13    -2.96577e-13    -0.000529077
0.000433643    0.000257055    -7.5128e-05    5.13999e-13    -2.96579e-13    -0.000522094
0.000425608    0.000252292    -7.3736e-05    5.13998e-13    -2.96581e-13    -0.000512421
0.000418151    0.000247872    -7.24441e-05    5.13996e-13    -2.96583e-13    -0.000503443
0.000413753    0.000245265    -7.16822e-05    5.13996e-13    -2.96585e-13    -0.000498148
0.000410311    0.000243225    -7.10858e-05    5.13995e-13    -2.96586e-13    -0.000494003
0.000407543    0.000241584    -7.06063e-05    5.13994e-13    -2.96587e-13    -0.000490671
0.000404493    0.000239776    -7.00779e-05    5.13994e-13    -2.96588e-13    -0.000486999
0.000397102    0.000235395    -6.87973e-05    5.13993e-13    -2.9659e-13    -0.0004781
0.000392104    0.000232432    -6.79315e-05    5.13992e-13    -2.96592e-13    -0.000472083
0.000387757    0.000229855    -6.71783e-05    5.13991e-13    -2.96593e-13    -0.000466848
0.000383122    0.000227108    -6.63753e-05    5.1399e-13    -2.96594e-13    -0.000461268
0.000380397    0.000225493    -6.59032e-05    5.1399e-13    -2.96595e-13    -0.000457987
0.000375133    0.000222372    -6.49913e-05    5.13989e-13    -2.96597e-13    -0.00045165
0.000366122    0.000217031    -6.34302e-05    5.13987e-13    -2.966e-13    -0.000440801
0.000359913    0.00021335    -6.23543e-05    5.13986e-13    -2.96601e-13    -0.000433325
0.000356087    0.000211083    -6.16916e-05    5.13985e-13    -2.96603e-13    -0.000428719
0.000349506    0.000207181    -6.05513e-05    5.13984e-13    -2.96605e-13    -0.000420795
0.000342331    0.000202929    -5.93084e-05    5.13983e-13    -2.96607e-13    -0.000412157
0.00033717    0.000199869    -5.84142e-05    5.13982e-13    -2.96609e-13    -0.000405943
0.000334212    0.000198115    -5.79017e-05    5.13981e-13    -2.96609e-13    -0.000402381
0.000326532    0.000193563    -5.65713e-05    5.1398e-13    -2.96612e-13    -0.000393136
0.000320706    0.000190109    -5.55618e-05    5.13979e-13    -2.96614e-13    -0.000386121
0.00031567    0.000187125    -5.46894e-05    5.13978e-13    -2.96615e-13    -0.000380058
0.000312685    0.000185355    -5.41722e-05    5.13978e-13    -2.96616e-13    -0.000376464
0.000307537    0.000182303    -5.32802e-05    5.13977e-13    -2.96618e-13    -0.000370265
0.00030329    0.000179786    -5.25445e-05    5.13976e-13    -2.96619e-13    -0.000365152
0.000296652    0.000175851    -5.13945e-05    5.13975e-13    -2.96621e-13    -0.000357161
0.000292743    0.000173534    -5.07173e-05    5.13974e-13    -2.96622e-13    -0.000352454
0.000289762    0.000171767    -5.02008e-05    5.13973e-13    -2.96623e-13    -0.000348865
0.00028633    0.000169733    -4.96063e-05    5.13973e-13    -2.96624e-13    -0.000344734
0.00028063    0.000166354    -4.86187e-05    5.13972e-13    -2.96626e-13    -0.00033787
0.000275557    0.000163346    -4.77398e-05    5.13971e-13    -2.96628e-13    -0.000331762
0.000268658    0.000159257    -4.65446e-05    5.1397e-13    -2.9663e-13    -0.000323457
0.000265418    0.000157336    -4.59833e-05    5.13969e-13    -2.96631e-13    -0.000319556
0.000259244    0.000153677    -4.49136e-05    5.13968e-13    -2.96633e-13    -0.000312122
0.000257164    0.000152444    -4.45533e-05    5.13968e-13    -2.96633e-13    -0.000309618
0.000253689    0.000150384    -4.39512e-05    5.13967e-13    -2.96634e-13    -0.000305434
0.000252316    0.00014957    -4.37133e-05    5.13967e-13    -2.96635e-13    -0.000303781
0.000247027    0.000146435    -4.27971e-05    5.13966e-13    -2.96636e-13    -0.000297414
0.000241893    0.000143391    -4.19075e-05    5.13965e-13    -2.96638e-13    -0.000291232
0.000239175    0.00014178    -4.14367e-05    5.13964e-13    -2.96639e-13    -0.00028796
0.000237356    0.000140702    -4.11216e-05    5.13964e-13    -2.96639e-13    -0.00028577
0.000231993    0.000137523    -4.01924e-05    5.13963e-13    -2.96641e-13    -0.000279313
0.000227419    0.000134811    -3.94e-05    5.13962e-13    -2.96642e-13    -0.000273806
0.000225987    0.000133963    -3.91519e-05    5.13962e-13    -2.96643e-13    -0.000272082
0.000222754    0.000132046    -3.85918e-05    5.13961e-13    -2.96644e-13    -0.00026819
0.000217177    0.00012874    -3.76256e-05    5.1396e-13    -2.96646e-13    -0.000261475
0.000212944    0.000126231    -3.68922e-05    5.1396e-13    -2.96647e-13    -0.000256378
0.000210913    0.000125027    -3.65403e-05    5.13959e-13    -2.96648e-13    -0.000253933
0.000207794    0.000123178    -3.6e-05    5.13959e-13    -2.96649e-13    -0.000250178
0.000203089    0.000120389    -3.51848e-05    5.13958e-13    -2.9665e-13    -0.000244513
0.000201626    0.000119522    -3.49313e-05    5.13958e-13    -2.9665e-13    -0.000242751
0.000200151    0.000118647    -3.46758e-05    5.13957e-13    -2.96651e-13    -0.000240976
0.00019756    0.000117112    -3.4227e-05    5.13957e-13    -2.96652e-13    -0.000237857
0.000195313    0.00011578    -3.38377e-05    5.13957e-13    -2.96652e-13    -0.000235151
0.000191715    0.000113647    -3.32143e-05    5.13956e-13    -2.96654e-13    -0.000230819
0.000187599    0.000111207    -3.25013e-05    5.13955e-13    -2.96655e-13    -0.000225864
0.000186111    0.000110325    -3.22435e-05    5.13955e-13    -2.96655e-13    -0.000224072
0.000184933    0.000109627    -3.20394e-05    5.13955e-13    -2.96656e-13    -0.000222654
0.000183755    0.000108928    -3.18353e-05    5.13955e-13    -2.96656e-13    -0.000221236
0.000181091    0.000107349    -3.13737e-05    5.13954e-13    -2.96657e-13    -0.000218028
0.000177288    0.000105095    -3.07149e-05    5.13953e-13    -2.96658e-13    -0.00021345
0.000173891    0.000103081    -3.01263e-05    5.13953e-13    -2.96659e-13    -0.000209359
0.000171431    0.000101623    -2.97001e-05    5.13952e-13    -2.9666e-13    -0.000206398
0.000170114    0.000100842    -2.94719e-05    5.13952e-13    -2.9666e-13    -0.000204812
0.000167205    9.91179e-05    -2.89681e-05    5.13952e-13    -2.96661e-13    -0.00020131
0.000164383    9.74448e-05    -2.8479e-05    5.13951e-13    -2.96662e-13    -0.000197912
0.000161764    9.58924e-05    -2.80254e-05    5.13951e-13    -2.96663e-13    -0.000194759
0.00015898    9.42421e-05    -2.7543e-05    5.1395e-13    -2.96664e-13    -0.000191407
0.000156986    9.30599e-05    -2.71975e-05    5.1395e-13    -2.96664e-13    -0.000189006
0.000155198    9.19999e-05    -2.68877e-05    5.13949e-13    -2.96665e-13    -0.000186853
0.000151615    8.98761e-05    -2.6267e-05    5.13949e-13    -2.96666e-13    -0.00018254
0.000149366    8.8543e-05    -2.58774e-05    5.13948e-13    -2.96667e-13    -0.000179832
0.000148066    8.77723e-05    -2.56521e-05    5.13948e-13    -2.96667e-13    -0.000178267
0.000145476    8.62373e-05    -2.52035e-05    5.13948e-13    -2.96668e-13    -0.000175149
0.000143175    8.48728e-05    -2.48048e-05    5.13947e-13    -2.96669e-13    -0.000172378
0.000140643    8.33722e-05    -2.43662e-05    5.13947e-13    -2.96669e-13    -0.00016933
0.000138219    8.19351e-05    -2.39462e-05    5.13946e-13    -2.9667e-13    -0.000166411
0.000136842    8.11188e-05    -2.37076e-05    5.13946e-13    -2.9667e-13    -0.000164754
0.000133848    7.93443e-05    -2.3189e-05    5.13946e-13    -2.96671e-13    -0.000161149
0.000132947    7.881e-05    -2.30328e-05    5.13945e-13    -2.96672e-13    -0.000160064
0.00013198    7.82368e-05    -2.28653e-05    5.13945e-13    -2.96672e-13    -0.0001589
0.000128843    7.63774e-05    -2.23219e-05    5.13945e-13    -2.96673e-13    -0.000155123
0.000127722    7.57125e-05    -2.21276e-05    5.13944e-13    -2.96673e-13    -0.000153773
0.000125816    7.45831e-05    -2.17975e-05    5.13944e-13    -2.96674e-13    -0.000151479
0.000124584    7.38527e-05    -2.1584e-05    5.13944e-13    -2.96674e-13    -0.000149996
0.000121863    7.22398e-05    -2.11126e-05    5.13943e-13    -2.96675e-13    -0.00014672
0.00012051    7.14373e-05    -2.08781e-05    5.13943e-13    -2.96676e-13    -0.00014509
0.000119008    7.05473e-05    -2.0618e-05    5.13943e-13    -2.96676e-13    -0.000143282
0.000116288    6.89349e-05    -2.01467e-05    5.13942e-13    -2.96677e-13    -0.000140008
0.000114872    6.80954e-05    -1.99014e-05    5.13942e-13    -2.96677e-13    -0.000138302
0.000112391    6.66245e-05    -1.94715e-05    5.13942e-13    -2.96678e-13    -0.000135315
0.000110312    6.53924e-05    -1.91114e-05    5.13941e-13    -2.96679e-13    -0.000132813
0.000109646    6.49976e-05    -1.8996e-05    5.13941e-13    -2.96679e-13    -0.000132011
0.000108498    6.43169e-05    -1.87971e-05    5.13941e-13    -2.96679e-13    -0.000130628
0.000106235    6.29757e-05    -1.84051e-05    5.13941e-13    -2.9668e-13    -0.000127904
0.00010434    6.1852e-05    -1.80767e-05    5.1394e-13    -2.96681e-13    -0.000125622
0.000102041    6.04894e-05    -1.76784e-05    5.1394e-13    -2.96681e-13    -0.000122854
0.00010087    5.97953e-05    -1.74756e-05    5.1394e-13    -2.96682e-13    -0.000121445
9.98903e-05    5.92143e-05    -1.73058e-05    5.1394e-13    -2.96682e-13    -0.000120265
9.89661e-05    5.86665e-05    -1.71457e-05    5.13939e-13    -2.96682e-13    -0.000119152
9.72262e-05    5.76351e-05    -1.68443e-05    5.13939e-13    -2.96683e-13    -0.000117057
9.64914e-05    5.71995e-05    -1.6717e-05    5.13939e-13    -2.96683e-13    -0.000116173
9.46766e-05    5.61237e-05    -1.64025e-05    5.13939e-13    -2.96684e-13    -0.000113988
9.26925e-05    5.49475e-05    -1.60588e-05    5.13938e-13    -2.96684e-13    -0.000111599
9.0863e-05    5.38631e-05    -1.57419e-05    5.13938e-13    -2.96685e-13    -0.000109396
9.00186e-05    5.33625e-05    -1.55956e-05    5.13938e-13    -2.96685e-13    -0.00010838
8.88201e-05    5.2652e-05    -1.53879e-05    5.13938e-13    -2.96685e-13    -0.000106937
8.77861e-05    5.20391e-05    -1.52088e-05    5.13937e-13    -2.96686e-13    -0.000105692
8.65529e-05    5.1308e-05    -1.49951e-05    5.13937e-13    -2.96686e-13    -0.000104207
8.56923e-05    5.07979e-05    -1.4846e-05    5.13937e-13    -2.96686e-13    -0.000103171
8.45766e-05    5.01365e-05    -1.46527e-05    5.13937e-13    -2.96687e-13    -0.000101828
8.3226e-05    4.93359e-05    -1.44187e-05    5.13937e-13    -2.96687e-13    -0.000100201
8.25231e-05    4.89193e-05    -1.4297e-05    5.13936e-13    -2.96687e-13    -9.93553e-05
8.11687e-05    4.81164e-05    -1.40623e-05    5.13936e-13    -2.96688e-13    -9.77246e-05
8.07148e-05    4.78473e-05    -1.39837e-05    5.13936e-13    -2.96688e-13    -9.71781e-05
7.96723e-05    4.72293e-05    -1.38031e-05    5.13936e-13    -2.96688e-13    -9.5923e-05
7.86401e-05    4.66174e-05    -1.36242e-05    5.13936e-13    -2.96688e-13    -9.46802e-05
7.77398e-05    4.60838e-05    -1.34683e-05    5.13936e-13    -2.96689e-13    -9.35964e-05
7.61812e-05    4.51598e-05    -1.31982e-05    5.13935e-13    -2.96689e-13    -9.17198e-05
7.53807e-05    4.46853e-05    -1.30596e-05    5.13935e-13    -2.9669e-13    -9.0756e-05
7.40009e-05    4.38673e-05    -1.28205e-05    5.13935e-13    -2.9669e-13    -8.90947e-05
7.27915e-05    4.31504e-05    -1.2611e-05    5.13935e-13    -2.9669e-13    -8.76387e-05
7.10668e-05    4.21281e-05    -1.23122e-05    5.13934e-13    -2.96691e-13    -8.55623e-05
6.97135e-05    4.13258e-05    -1.20777e-05    5.13934e-13    -2.96691e-13    -8.39329e-05
6.82152e-05    4.04377e-05    -1.18182e-05    5.13934e-13    -2.96692e-13    -8.2129e-05
6.69011e-05    3.96586e-05    -1.15905e-05    5.13934e-13    -2.96692e-13    -8.05468e-05
6.61287e-05    3.92008e-05    -1.14567e-05    5.13933e-13    -2.96692e-13    -7.9617e-05
6.49216e-05    3.84852e-05    -1.12475e-05    5.13933e-13    -2.96693e-13    -7.81636e-05
6.45708e-05    3.82773e-05    -1.11868e-05    5.13933e-13    -2.96693e-13    -7.77413e-05
6.35409e-05    3.76667e-05    -1.10083e-05    5.13933e-13    -2.96693e-13    -7.65013e-05
6.21314e-05    3.68312e-05    -1.07642e-05    5.13933e-13    -2.96694e-13    -7.48043e-05
6.10313e-05    3.6179e-05    -1.05735e-05    5.13933e-13    -2.96694e-13    -7.34797e-05
5.99222e-05    3.55216e-05    -1.03814e-05    5.13932e-13    -2.96694e-13    -7.21445e-05
5.8983e-05    3.49649e-05    -1.02187e-05    5.13932e-13    -2.96695e-13    -7.10137e-05
5.81937e-05    3.44969e-05    -1.00819e-05    5.13932e-13    -2.96695e-13    -7.00633e-05
5.73174e-05    3.39775e-05    -9.93013e-06    5.13932e-13    -2.96695e-13    -6.90084e-05
5.6189e-05    3.33086e-05    -9.73463e-06    5.13932e-13    -2.96695e-13    -6.76497e-05
5.499e-05    3.25978e-05    -9.52691e-06    5.13932e-13    -2.96696e-13    -6.62063e-05
5.39538e-05    3.19836e-05    -9.34739e-06    5.13931e-13    -2.96696e-13    -6.49587e-05
5.35021e-05    3.17158e-05    -9.26914e-06    5.13931e-13    -2.96696e-13    -6.44149e-05
5.31834e-05    3.15269e-05    -9.21392e-06    5.13931e-13    -2.96696e-13    -6.40311e-05
5.28185e-05    3.13106e-05    -9.1507e-06    5.13931e-13    -2.96696e-13    -6.35918e-05
5.18132e-05    3.07146e-05    -8.97653e-06    5.13931e-13    -2.96697e-13    -6.23814e-05
5.13428e-05    3.04358e-05    -8.89505e-06    5.13931e-13    -2.96697e-13    -6.18152e-05
5.0433e-05    2.98965e-05    -8.73742e-06    5.13931e-13    -2.96697e-13    -6.07198e-05
4.94583e-05    2.93187e-05    -8.56856e-06    5.13931e-13    -2.96698e-13    -5.95463e-05
4.86346e-05    2.88304e-05    -8.42586e-06    5.1393e-13    -2.96698e-13    -5.85546e-05
4.83761e-05    2.86772e-05    -8.38107e-06    5.1393e-13    -2.96698e-13    -5.82433e-05
4.81144e-05    2.8522e-05    -8.33572e-06    5.1393e-13    -2.96698e-13    -5.79282e-05
4.75622e-05    2.81947e-05    -8.24006e-06    5.1393e-13    -2.96698e-13    -5.72634e-05
4.70597e-05    2.78968e-05    -8.15301e-06    5.1393e-13    -2.96698e-13    -5.66585e-05
4.61935e-05    2.73833e-05    -8.00294e-06    5.1393e-13    -2.96699e-13    -5.56155e-05
4.51568e-05    2.67687e-05    -7.82332e-06    5.1393e-13    -2.96699e-13    -5.43673e-05
4.47525e-05    2.65291e-05    -7.75329e-06    5.1393e-13    -2.96699e-13    -5.38807e-05
4.42099e-05    2.62075e-05    -7.65929e-06    5.1393e-13    -2.96699e-13    -5.32274e-05
4.33859e-05    2.5719e-05    -7.51653e-06    5.13929e-13    -2.96699e-13    -5.22353e-05
4.23933e-05    2.51306e-05    -7.34455e-06    5.13929e-13    -2.967e-13    -5.10402e-05
4.16144e-05    2.46688e-05    -7.20961e-06    5.13929e-13    -2.967e-13    -5.01024e-05
4.11327e-05    2.43833e-05    -7.12617e-06    5.13929e-13    -2.967e-13    -4.95225e-05
4.01866e-05    2.38224e-05    -6.96224e-06    5.13929e-13    -2.967e-13    -4.83833e-05
3.98242e-05    2.36076e-05    -6.89947e-06    5.13929e-13    -2.96701e-13    -4.79471e-05
3.94887e-05    2.34087e-05    -6.84134e-06    5.13929e-13    -2.96701e-13    -4.75431e-05
3.88814e-05    2.30487e-05    -6.73612e-06    5.13929e-13    -2.96701e-13    -4.68119e-05
3.80311e-05    2.25447e-05    -6.58881e-06    5.13928e-13    -2.96701e-13    -4.57882e-05
3.73156e-05    2.21205e-05    -6.46485e-06    5.13928e-13    -2.96701e-13    -4.49268e-05
3.64415e-05    2.16024e-05    -6.31342e-06    5.13928e-13    -2.96702e-13    -4.38744e-05
3.6108e-05    2.14047e-05    -6.25564e-06    5.13928e-13    -2.96702e-13    -4.34729e-05
3.56321e-05    2.11226e-05    -6.17319e-06    5.13928e-13    -2.96702e-13    -4.28999e-05
3.49396e-05    2.07121e-05    -6.05322e-06    5.13928e-13    -2.96702e-13    -4.20662e-05
3.41476e-05    2.02426e-05    -5.916e-06    5.13928e-13    -2.96702e-13    -4.11126e-05
3.3592e-05    1.99132e-05    -5.81975e-06    5.13928e-13    -2.96702e-13    -4.04437e-05
3.29161e-05    1.95126e-05    -5.70266e-06    5.13928e-13    -2.96703e-13    -3.963e-05
3.21272e-05    1.90449e-05    -5.56598e-06    5.13927e-13    -2.96703e-13    -3.86802e-05
3.18081e-05    1.88557e-05    -5.51068e-06    5.13927e-13    -2.96703e-13    -3.82959e-05
3.10493e-05    1.84059e-05    -5.37924e-06    5.13927e-13    -2.96703e-13    -3.73824e-05
3.05425e-05    1.81055e-05    -5.29143e-06    5.13927e-13    -2.96703e-13    -3.67722e-05
2.98107e-05    1.76717e-05    -5.16465e-06    5.13927e-13    -2.96704e-13    -3.58912e-05
2.93582e-05    1.74035e-05    -5.08626e-06    5.13927e-13    -2.96704e-13    -3.53464e-05
2.88777e-05    1.71186e-05    -5.003e-06    5.13927e-13    -2.96704e-13    -3.47678e-05
2.81818e-05    1.67061e-05    -4.88245e-06    5.13927e-13    -2.96704e-13    -3.393e-05
2.75806e-05    1.63497e-05    -4.77828e-06    5.13927e-13    -2.96704e-13    -3.32061e-05
2.69854e-05    1.59968e-05    -4.67516e-06    5.13927e-13    -2.96704e-13    -3.24895e-05
2.65214e-05    1.57218e-05    -4.59478e-06    5.13926e-13    -2.96705e-13    -3.19309e-05
2.60327e-05    1.54321e-05    -4.51011e-06    5.13926e-13    -2.96705e-13    -3.13425e-05
2.53762e-05    1.50429e-05    -4.39637e-06    5.13926e-13    -2.96705e-13    -3.05521e-05
2.47667e-05    1.46816e-05    -4.29078e-06    5.13926e-13    -2.96705e-13    -2.98183e-05
2.44749e-05    1.45087e-05    -4.24023e-06    5.13926e-13    -2.96705e-13    -2.9467e-05
2.39173e-05    1.41781e-05    -4.14362e-06    5.13926e-13    -2.96705e-13    -2.87956e-05
2.35081e-05    1.39355e-05    -4.07274e-06    5.13926e-13    -2.96706e-13    -2.8303e-05
2.30834e-05    1.36838e-05    -3.99915e-06    5.13926e-13    -2.96706e-13    -2.77917e-05
2.26103e-05    1.34033e-05    -3.91719e-06    5.13926e-13    -2.96706e-13    -2.72221e-05
2.21397e-05    1.31244e-05    -3.83567e-06    5.13926e-13    -2.96706e-13    -2.66556e-05
2.16705e-05    1.28462e-05    -3.75436e-06    5.13926e-13    -2.96706e-13    -2.60906e-05
2.14414e-05    1.27104e-05    -3.71468e-06    5.13926e-13    -2.96706e-13    -2.58148e-05
2.10676e-05    1.24888e-05    -3.64992e-06    5.13925e-13    -2.96706e-13    -2.53647e-05
2.07576e-05    1.2305e-05    -3.59621e-06    5.13925e-13    -2.96706e-13    -2.49915e-05
2.05784e-05    1.21988e-05    -3.56517e-06    5.13925e-13    -2.96706e-13    -2.47758e-05
2.01422e-05    1.19402e-05    -3.48959e-06    5.13925e-13    -2.96707e-13    -2.42505e-05
1.96868e-05    1.16703e-05    -3.41071e-06    5.13925e-13    -2.96707e-13    -2.37023e-05
1.92391e-05    1.14049e-05    -3.33313e-06    5.13925e-13    -2.96707e-13    -2.31632e-05
1.88818e-05    1.11931e-05    -3.27123e-06    5.13925e-13    -2.96707e-13    -2.27331e-05
1.86262e-05    1.10415e-05    -3.22695e-06    5.13925e-13    -2.96707e-13    -2.24253e-05
1.82991e-05    1.08477e-05    -3.17029e-06    5.13925e-13    -2.96707e-13    -2.20316e-05
1.79837e-05    1.06607e-05    -3.11564e-06    5.13925e-13    -2.96707e-13    -2.16518e-05
1.76562e-05    1.04665e-05    -3.0589e-06    5.13925e-13    -2.96707e-13    -2.12575e-05
1.73725e-05    1.02984e-05    -3.00975e-06    5.13925e-13    -2.96707e-13    -2.09159e-05
1.72289e-05    1.02132e-05    -2.98487e-06    5.13925e-13    -2.96707e-13    -2.0743e-05
1.69381e-05    1.00409e-05    -2.9345e-06    5.13925e-13    -2.96708e-13    -2.0393e-05
1.68374e-05    9.98114e-06    -2.91704e-06    5.13925e-13    -2.96708e-13    -2.02717e-05
1.65121e-05    9.78835e-06    -2.86069e-06    5.13925e-13    -2.96708e-13    -1.98801e-05
1.62535e-05    9.63501e-06    -2.81588e-06    5.13925e-13    -2.96708e-13    -1.95687e-05
1.5897e-05    9.4237e-06    -2.75412e-06    5.13925e-13    -2.96708e-13    -1.91395e-05
1.56485e-05    9.2764e-06    -2.71108e-06    5.13924e-13    -2.96708e-13    -1.88403e-05
1.553e-05    9.20613e-06    -2.69054e-06    5.13924e-13    -2.96708e-13    -1.86976e-05
1.52956e-05    9.06718e-06    -2.64993e-06    5.13924e-13    -2.96708e-13    -1.84154e-05
1.50585e-05    8.92661e-06    -2.60885e-06    5.13924e-13    -2.96708e-13    -1.81299e-05
1.4964e-05    8.87062e-06    -2.59248e-06    5.13924e-13    -2.96708e-13    -1.80162e-05
1.46412e-05    8.67925e-06    -2.53655e-06    5.13924e-13    -2.96708e-13    -1.76275e-05
1.44508e-05    8.56642e-06    -2.50358e-06    5.13924e-13    -2.96708e-13    -1.73984e-05
1.41898e-05    8.41169e-06    -2.45836e-06    5.13924e-13    -2.96708e-13    -1.70841e-05
1.39863e-05    8.29106e-06    -2.4231e-06    5.13924e-13    -2.96708e-13    -1.68391e-05
1.38717e-05    8.22311e-06    -2.40325e-06    5.13924e-13    -2.96709e-13    -1.67011e-05
1.36838e-05    8.11175e-06    -2.3707e-06    5.13924e-13    -2.96709e-13    -1.64749e-05
1.35427e-05    8.02806e-06    -2.34624e-06    5.13924e-13    -2.96709e-13    -1.6305e-05
1.336e-05    7.91979e-06    -2.3146e-06    5.13924e-13    -2.96709e-13    -1.60851e-05
1.32848e-05    7.87517e-06    -2.30156e-06    5.13924e-13    -2.96709e-13    -1.59944e-05
1.30235e-05    7.72027e-06    -2.25629e-06    5.13924e-13    -2.96709e-13    -1.56798e-05
1.28052e-05    7.59088e-06    -2.21847e-06    5.13924e-13    -2.96709e-13    -1.5417e-05
1.2529e-05    7.42715e-06    -2.17062e-06    5.13924e-13    -2.96709e-13    -1.50845e-05
1.23167e-05    7.30133e-06    -2.13385e-06    5.13924e-13    -2.96709e-13    -1.4829e-05
1.21415e-05    7.19742e-06    -2.10348e-06    5.13924e-13    -2.96709e-13    -1.46179e-05
1.19614e-05    7.09066e-06    -2.07228e-06    5.13924e-13    -2.96709e-13    -1.44011e-05
1.16599e-05    6.91197e-06    -2.02006e-06    5.13924e-13    -2.96709e-13    -1.40382e-05
1.15843e-05    6.86713e-06    -2.00695e-06    5.13924e-13    -2.96709e-13    -1.39471e-05
1.15057e-05    6.82057e-06    -1.99334e-06    5.13924e-13    -2.96709e-13    -1.38525e-05
1.1297e-05    6.69685e-06    -1.95719e-06    5.13924e-13    -2.96709e-13    -1.36013e-05
1.1102e-05    6.58123e-06    -1.9234e-06    5.13924e-13    -2.96709e-13    -1.33664e-05
1.09934e-05    6.51683e-06    -1.90458e-06    5.13924e-13    -2.96709e-13    -1.32357e-05
1.08869e-05    6.4537e-06    -1.88612e-06    5.13924e-13    -2.96709e-13    -1.31074e-05
1.06918e-05    6.33809e-06    -1.85234e-06    5.13924e-13    -2.9671e-13    -1.28726e-05
1.04378e-05    6.18748e-06    -1.80832e-06    5.13924e-13    -2.9671e-13    -1.25667e-05
1.0228e-05    6.06312e-06    -1.77198e-06    5.13924e-13    -2.9671e-13    -1.23142e-05
1.00785e-05    5.97449e-06    -1.74607e-06    5.13923e-13    -2.9671e-13    -1.21342e-05
9.93672e-06    5.89046e-06    -1.72152e-06    5.13923e-13    -2.9671e-13    -1.19635e-05
9.71492e-06    5.75898e-06    -1.68309e-06    5.13923e-13    -2.9671e-13    -1.16965e-05
9.47827e-06    5.6187e-06    -1.64209e-06    5.13923e-13    -2.9671e-13    -1.14115e-05
9.24813e-06    5.48227e-06    -1.60222e-06    5.13923e-13    -2.9671e-13    -1.11345e-05
9.03293e-06    5.3547e-06    -1.56494e-06    5.13923e-13    -2.9671e-13    -1.08754e-05
8.84642e-06    5.24414e-06    -1.53263e-06    5.13923e-13    -2.9671e-13    -1.06508e-05
8.74029e-06    5.18122e-06    -1.51424e-06    5.13923e-13    -2.9671e-13    -1.0523e-05
8.60008e-06    5.09811e-06    -1.48995e-06    5.13923e-13    -2.9671e-13    -1.03542e-05
8.51676e-06    5.04872e-06    -1.47551e-06    5.13923e-13    -2.9671e-13    -1.02539e-05
8.39e-06    4.97357e-06    -1.45355e-06    5.13923e-13    -2.9671e-13    -1.01013e-05
8.18621e-06    4.85276e-06    -1.41824e-06    5.13923e-13    -2.9671e-13    -9.85593e-06
8.06655e-06    4.78183e-06    -1.39751e-06    5.13923e-13    -2.9671e-13    -9.71186e-06
7.88123e-06    4.67197e-06    -1.36541e-06    5.13923e-13    -2.9671e-13    -9.48875e-06
7.6871e-06    4.5569e-06    -1.33178e-06    5.13923e-13    -2.9671e-13    -9.25503e-06
7.61771e-06    4.51576e-06    -1.31975e-06    5.13923e-13    -2.9671e-13    -9.17148e-06
7.50662e-06    4.4499e-06    -1.30051e-06    5.13923e-13    -2.96711e-13    -9.03773e-06
7.34968e-06    4.35687e-06    -1.27332e-06    5.13923e-13    -2.96711e-13    -8.84878e-06
7.19807e-06    4.267e-06    -1.24705e-06    5.13923e-13    -2.96711e-13    -8.66625e-06
7.02967e-06    4.16717e-06    -1.21788e-06    5.13923e-13    -2.96711e-13    -8.4635e-06
6.95614e-06    4.12358e-06    -1.20514e-06    5.13923e-13    -2.96711e-13    -8.37497e-06
6.81314e-06    4.03882e-06    -1.18036e-06    5.13923e-13    -2.96711e-13    -8.20281e-06
6.6455e-06    3.93944e-06    -1.15132e-06    5.13923e-13    -2.96711e-13    -8.00097e-06
6.56633e-06    3.8925e-06    -1.1376e-06    5.13923e-13    -2.96711e-13    -7.90565e-06
6.47863e-06    3.84052e-06    -1.12241e-06    5.13923e-13    -2.96711e-13    -7.80006e-06
6.37161e-06    3.77707e-06    -1.10387e-06    5.13923e-13    -2.96711e-13    -7.67121e-06
6.26719e-06    3.71517e-06    -1.08578e-06    5.13923e-13    -2.96711e-13    -7.54549e-06
6.15575e-06    3.64911e-06    -1.06647e-06    5.13923e-13    -2.96711e-13    -7.41132e-06
6.09962e-06    3.61584e-06    -1.05675e-06    5.13923e-13    -2.96711e-13    -7.34375e-06
6.00894e-06    3.56209e-06    -1.04104e-06    5.13923e-13    -2.96711e-13    -7.23458e-06
