0.0418112    0.0247132    -0.00724488    5.21282e-13    -2.83713e-13    -0.0503475
0.0418112    0.0247132    -0.00724488    5.21282e-13    -2.83713e-13    -0.0503475
0.0418112    0.0247132    -0.00724488    5.21282e-13    -2.83713e-13    -0.0503475
0.0418112    0.0247132    -0.00724488    5.21282e-13    -2.83713e-13    -0.0503475
0.0418112    0.0247132    -0.00724488    5.21282e-13    -2.83713e-13    -0.0503475
0.0418112    0.0247132    -0.00724488    5.21282e-13    -2.83713e-13    -0.0503475
0.0418112    0.0247132    -0.00724488    5.21282e-13    -2.83713e-13    -0.0503475
0.0418112    0.0247132    -0.00724488    5.21282e-13    -2.83713e-13    -0.0503475
0.0418112    0.0247132    -0.00724488    5.21282e-13    -2.83713e-13    -0.0503475
0.0418112    0.0247132    -0.00724488    5.21282e-13    -2.83713e-13    -0.0503475
0.0418112    0.0247132    -0.00724488    5.21282e-13    -2.83713e-13    -0.0503475
0.0418112    0.0247132    -0.00724488    5.21282e-13    -2.83713e-13    -0.0503475
0.0418112    0.0247132    -0.00724488    5.21282e-13    -2.83713e-13    -0.0503475
0.0418112    0.0247132    -0.00724488    5.21282e-13    -2.83713e-13    -0.0503475
0.0418112    0.0247132    -0.00724488    5.21282e-13    -2.83713e-13    -0.0503475
0.0418112    0.0247132    -0.00724488    5.21282e-13    -2.83713e-13    -0.0503475
0.0418112    0.0247132    -0.00724488    5.21282e-13    -2.83713e-13    -0.0503475
0.0418112    0.0247132    -0.00724488    5.21282e-13    -2.83713e-13    -0.0503475
0.0418112    0.0247132    -0.00724488    5.21282e-13    -2.83713e-13    -0.0503475
0.0418112    0.0247132    -0.00724488    5.21282e-13    -2.83713e-13    -0.0503475
0.0418112    0.0247132    -0.00724488    5.21282e-13    -2.83713e-13    -0.0503475
0.0418112    0.0247132    -0.00724488    5.21282e-13    -2.83713e-13    -0.0503475
0.0418112    0.0247132    -0.00724488    5.21282e-13    -2.83713e-13    -0.0503475
0.0418112    0.0247132    -0.00724488    5.21282e-13    -2.83713e-13    -0.0503475
0.0418112    0.0247132    -0.00724488    5.21282e-13    -2.83713e-13    -0.0503475
0.0418112    0.0247132    -0.00724488    5.21282e-13    -2.83713e-13    -0.0503475
0.0418112    0.0247132    -0.00724488    5.21282e-13    -2.83713e-13    -0.0503475
0.0418112    0.0247132    -0.00724488    5.21282e-13    -2.83713e-13    -0.0503475
0.0418112    0.0247132    -0.00724488    5.21282e-13    -2.83713e-13    -0.0503475
0.0418112    0.0247132    -0.00724488    5.21282e-13    -2.83713e-13    -0.0503475
0.0418112    0.0247132    -0.00724488    5.21282e-13    -2.83713e-13    -0.0503475
0.0418112    0.0247132    -0.00724488    5.21282e-13    -2.83713e-13    -0.0503475
0.0418112    0.0247132    -0.00724488    5.21282e-13    -2.83713e-13    -0.0503475
0.0418112    0.0247132    -0.00724488    5.21282e-13    -2.83713e-13    -0.0503475
0.0418112    0.0247132    -0.00724488    5.21282e-13    -2.83713e-13    -0.0503475
0.0418112    0.0247132    -0.00724488    5.21282e-13    -2.83713e-13    -0.0503475
0.0418112    0.0247132    -0.00724488    5.21282e-13    -2.83713e-13    -0.0503475
0.0418112    0.0247132    -0.00724488    5.21282e-13    -2.83713e-13    -0.0503475
0.0418112    0.0247132    -0.00724488    5.21282e-13    -2.83713e-13    -0.0503475
0.0418112    0.0247132    -0.00724488    5.21282e-13    -2.83713e-13    -0.0503475
0.0418112    0.0247132    -0.00724488    5.21282e-13    -2.83713e-13    -0.0503475
0.0418112    0.0247132    -0.00724488    5.21282e-13    -2.83713e-13    -0.0503475
0.0418112    0.0247132    -0.00724488    5.21282e-13    -2.83713e-13    -0.0503475
0.0418112    0.0247132    -0.00724488    5.21282e-13    -2.83713e-13    -0.0503475
0.0418112    0.0247132    -0.00724488    5.21282e-13    -2.83713e-13    -0.0503475
0.0418112    0.0247132    -0.00724488    5.21282e-13    -2.83713e-13    -0.0503475
0.0418112    0.0247132    -0.00724488    5.21282e-13    -2.83713e-13    -0.0503475
0.0418112    0.0247132    -0.00724488    5.21282e-13    -2.83713e-13    -0.0503475
0.0418112    0.0247132    -0.00724488    5.21282e-13    -2.83713e-13    -0.0503475
0.0410827    0.0242839    -0.00711867    5.21156e-13    -2.8394e-13    -0.0494704
0.0405422    0.023965    -0.007025    5.21062e-13    -2.84109e-13    -0.0488195
0.039829    0.0235445    -0.00690143    5.20938e-13    -2.84332e-13    -0.0479608
0.0392131    0.0231813    -0.00679472    5.20831e-13    -2.84524e-13    -0.0472192
0.0386942    0.0228751    -0.0067048    5.20741e-13    -2.84686e-13    -0.0465943
0.0381622    0.0225613    -0.00661262    5.20649e-13    -2.84852e-13    -0.0459537
0.0375474    0.0221986    -0.0065061    5.20542e-13    -2.85044e-13    -0.0452134
0.0368998    0.0218167    -0.00639389    5.20429e-13    -2.85246e-13    -0.0444336
0.0363635    0.0215003    -0.00630096    5.20336e-13    -2.85414e-13    -0.0437878
0.0358862    0.0212185    -0.00621825    5.20253e-13    -2.85563e-13    -0.0432131
0.0354206    0.0209437    -0.00613757    5.20172e-13    -2.85708e-13    -0.0426524
0.0348861    0.0206283    -0.00604497    5.20078e-13    -2.85875e-13    -0.0420089
0.0344284    0.0203582    -0.00596565    5.19999e-13    -2.86017e-13    -0.0414577
0.0339455    0.0200731    -0.00588198    5.19914e-13    -2.86168e-13    -0.0408762
0.0332682    0.0196737    -0.00576462    5.19796e-13    -2.86379e-13    -0.0400606
0.0326922    0.0193337    -0.0056648    5.19696e-13    -2.86559e-13    -0.0393669
0.0321353    0.0190051    -0.00556831    5.19598e-13    -2.86732e-13    -0.0386964
0.0316807    0.0187367    -0.00548954    5.19519e-13    -2.86874e-13    -0.038149
0.0311899    0.0184469    -0.00540448    5.19433e-13    -2.87027e-13    -0.0375579
0.0307318    0.0181765    -0.00532511    5.19353e-13    -2.8717e-13    -0.0370063
0.030222    0.0178755    -0.00523677    5.19264e-13    -2.87329e-13    -0.0363923
0.0297575    0.0176013    -0.00515628    5.19183e-13    -2.87473e-13    -0.035833
0.0292776    0.017318    -0.00507313    5.19099e-13    -2.87623e-13    -0.0352552
0.0288246    0.0170504    -0.00499462    5.19019e-13    -2.87764e-13    -0.0347096
0.0284495    0.0168289    -0.00492963    5.18954e-13    -2.87881e-13    -0.0342579
0.028023    0.016577    -0.00485573    5.18879e-13    -2.88014e-13    -0.0337444
0.0275337    0.0162881    -0.00477093    5.18793e-13    -2.88166e-13    -0.0331551
0.0270528    0.0160041    -0.0046876    5.18709e-13    -2.88316e-13    -0.032576
0.0266097    0.0157424    -0.00461082    5.18631e-13    -2.88454e-13    -0.0320424
0.0262309    0.0155186    -0.00454517    5.18565e-13    -2.88572e-13    -0.0315862
0.0257981    0.015263    -0.00447018    5.18489e-13    -2.88706e-13    -0.0310651
0.0253857    0.0150194    -0.00439872    5.18417e-13    -2.88835e-13    -0.0305684
0.0250159    0.0148009    -0.00433463    5.18352e-13    -2.8895e-13    -0.0301231
0.0246093    0.0145607    -0.00426419    5.1828e-13    -2.89076e-13    -0.0296335
0.0242739    0.0143625    -0.00420607    5.18221e-13    -2.89181e-13    -0.0292296
0.0239102    0.0141476    -0.00414304    5.18158e-13    -2.89294e-13    -0.0287916
0.0234985    0.0139044    -0.00407169    5.18085e-13    -2.89422e-13    -0.0282958
0.0230997    0.0136687    -0.00400258    5.18015e-13    -2.89546e-13    -0.0278155
0.0227659    0.0134715    -0.00394475    5.17956e-13    -2.8965e-13    -0.0274136
0.0224474    0.0132833    -0.00388956    5.179e-13    -2.89749e-13    -0.0270301
0.0220598    0.0130542    -0.00382239    5.17832e-13    -2.8987e-13    -0.0265633
0.0217392    0.0128647    -0.00376683    5.17776e-13    -2.89969e-13    -0.0261772
0.0213861    0.012656    -0.00370565    5.17714e-13    -2.90079e-13    -0.025752
0.0210101    0.0124338    -0.00364048    5.17648e-13    -2.90196e-13    -0.0252992
0.020679    0.0122381    -0.00358312    5.17589e-13    -2.90299e-13    -0.0249005
0.0202885    0.0120074    -0.00351545    5.17521e-13    -2.9042e-13    -0.0244302
0.0199417    0.0118024    -0.00345535    5.17459e-13    -2.90528e-13    -0.0240126
0.0196423    0.0116254    -0.00340347    5.17407e-13    -2.90621e-13    -0.023652
0.0193004    0.0114233    -0.00334422    5.17346e-13    -2.90728e-13    -0.0232403
0.0190147    0.0112544    -0.00329471    5.17296e-13    -2.90816e-13    -0.0228963
0.0186932    0.0110644    -0.00323902    5.17239e-13    -2.90916e-13    -0.0225092
0.0183896    0.0108848    -0.0031864    5.17186e-13    -2.91011e-13    -0.0221435
0.0180416    0.0106791    -0.0031261    5.17124e-13    -2.91119e-13    -0.0217245
0.0177671    0.0105168    -0.00307854    5.17076e-13    -2.91204e-13    -0.021394
0.0175206    0.010371    -0.00303581    5.17033e-13    -2.91281e-13    -0.0210971
0.0172123    0.0101888    -0.0029824    5.16978e-13    -2.91376e-13    -0.0207259
0.0169133    0.010012    -0.00293058    5.16925e-13    -2.91469e-13    -0.0203657
0.016684    0.00987637    -0.00289085    5.16885e-13    -2.91541e-13    -0.0200896
0.0163964    0.00970629    -0.00284101    5.16834e-13    -2.9163e-13    -0.0197433
0.0161333    0.00955073    -0.00279543    5.16788e-13    -2.91712e-13    -0.0194265
0.0158921    0.00940802    -0.00275362    5.16745e-13    -2.91787e-13    -0.019136
0.015639    0.00925838    -0.00270977    5.167e-13    -2.91865e-13    -0.0188313
0.0154167    0.00912686    -0.00267124    5.16661e-13    -2.91934e-13    -0.0185635
0.015159    0.00897446    -0.00262659    5.16615e-13    -2.92014e-13    -0.0182532
0.0149418    0.00884598    -0.00258896    5.16577e-13    -2.92082e-13    -0.0179917
0.0147168    0.00871289    -0.00254997    5.16537e-13    -2.92152e-13    -0.0177207
0.0145114    0.00859137    -0.00251438    5.16501e-13    -2.92215e-13    -0.0174734
0.0143124    0.00847362    -0.00247989    5.16466e-13    -2.92277e-13    -0.0172337
0.0141095    0.00835363    -0.00244474    5.1643e-13    -2.9234e-13    -0.0169895
0.013889    0.00822315    -0.00240652    5.16391e-13    -2.92409e-13    -0.0167239
0.0136823    0.0081009    -0.00237071    5.16354e-13    -2.92473e-13    -0.016475
0.0134954    0.00799032    -0.00233833    5.16321e-13    -2.92531e-13    -0.01625
0.0132615    0.00785196    -0.0022978    5.1628e-13    -2.92603e-13    -0.0159683
0.013085    0.0077475    -0.00226721    5.16249e-13    -2.92658e-13    -0.0157557
0.012909    0.00764336    -0.00223671    5.16217e-13    -2.92713e-13    -0.0155438
0.012712    0.00752684    -0.00220258    5.16182e-13    -2.92774e-13    -0.0153066
0.0125007    0.00740178    -0.00216595    5.16145e-13    -2.92839e-13    -0.0150521
0.0122758    0.00726877    -0.00212699    5.16105e-13    -2.92909e-13    -0.0147813
0.0120613    0.00714182    -0.00208982    5.16067e-13    -2.92976e-13    -0.0145229
0.0118659    0.00702622    -0.00205596    5.16033e-13    -2.93036e-13    -0.0142877
0.0116862    0.00691988    -0.00202482    5.16001e-13    -2.93092e-13    -0.0140713
0.0114929    0.00680553    -0.00199133    5.15967e-13    -2.93152e-13    -0.0138386
0.011325    0.00670615    -0.00196224    5.15937e-13    -2.93204e-13    -0.0136363
0.0111634    0.00661052    -0.00193423    5.15908e-13    -2.93254e-13    -0.0134417
0.0110075    0.00651829    -0.00190723    5.1588e-13    -2.93303e-13    -0.0132541
0.0108345    0.00641586    -0.00187724    5.1585e-13    -2.93356e-13    -0.0130457
0.0106827    0.00632603    -0.00185094    5.15823e-13    -2.93403e-13    -0.0128629
0.0105343    0.00623821    -0.00182523    5.15797e-13    -2.9345e-13    -0.0126842
0.0103606    0.00613543    -0.00179513    5.15766e-13    -2.93503e-13    -0.0124751
0.0102216    0.00605315    -0.00177104    5.15741e-13    -2.93546e-13    -0.0123077
0.0100499    0.00595156    -0.0017413    5.15711e-13    -2.936e-13    -0.012101
0.00991291    0.00587046    -0.00171756    5.15686e-13    -2.93642e-13    -0.011936
0.00973166    0.00576319    -0.00168615    5.15654e-13    -2.93698e-13    -0.0117177
0.0096033    0.00568722    -0.00166391    5.15631e-13    -2.93738e-13    -0.0115632
0.00943455    0.00558735    -0.00163467    5.15601e-13    -2.93791e-13    -0.01136
0.00931139    0.00551444    -0.00161333    5.1558e-13    -2.93829e-13    -0.0112117
0.00916807    0.00542961    -0.0015885    5.15554e-13    -2.93873e-13    -0.0110391
0.0090426    0.00535534    -0.00156675    5.15532e-13    -2.93912e-13    -0.010888
0.00891564    0.00528018    -0.00154476    5.15509e-13    -2.93951e-13    -0.0107351
0.00876611    0.00519168    -0.00151885    5.15483e-13    -2.93998e-13    -0.0105551
0.00862153    0.0051061    -0.0014938    5.15457e-13    -2.94043e-13    -0.010381
0.00848289    0.00502403    -0.00146977    5.15433e-13    -2.94086e-13    -0.010214
0.00833334    0.00493551    -0.00144386    5.15406e-13    -2.94132e-13    -0.0100339
0.00820004    0.0048566    -0.00142076    5.15382e-13    -2.94173e-13    -0.00987343
0.00806392    0.00477602    -0.00139718    5.15358e-13    -2.94216e-13    -0.00970952
0.00795703    0.00471274    -0.00137865    5.15339e-13    -2.94249e-13    -0.00958081
0.0078499    0.00464932    -0.00136009    5.1532e-13    -2.94282e-13    -0.00945182
0.00772874    0.00457759    -0.0013391    5.15299e-13    -2.94319e-13    -0.00930592
0.00762685    0.00451727    -0.00132144    5.1528e-13    -2.94351e-13    -0.00918323
0.00752649    0.00445785    -0.00130406    5.15263e-13    -2.94382e-13    -0.0090624
0.00742239    0.00439622    -0.00128602    5.15244e-13    -2.94414e-13    -0.00893704
0.00731002    0.00432969    -0.00126655    5.15224e-13    -2.94449e-13    -0.00880174
0.00718653    0.00425659    -0.00124515    5.15202e-13    -2.94487e-13    -0.00865304
0.00707387    0.00418988    -0.00122563    5.15182e-13    -2.94522e-13    -0.00851738
0.00695658    0.00412044    -0.00120531    5.15161e-13    -2.94559e-13    -0.00837615
0.00686583    0.00406671    -0.00118958    5.15145e-13    -2.94587e-13    -0.00826688
0.00677245    0.00401142    -0.0011734    5.15129e-13    -2.94616e-13    -0.00815443
0.00665196    0.00394008    -0.00115253    5.15107e-13    -2.94653e-13    -0.00800935
0.00656001    0.00388564    -0.00113659    5.15091e-13    -2.94682e-13    -0.00789863
0.00644673    0.00381857    -0.00111697    5.15071e-13    -2.94717e-13    -0.00776223
0.00636015    0.00376731    -0.00110196    5.15055e-13    -2.94744e-13    -0.00765798
0.00624708    0.00370036    -0.00108237    5.15035e-13    -2.94779e-13    -0.00752184
0.00616517    0.00365186    -0.00106818    5.15021e-13    -2.94804e-13    -0.00742321
0.0060595    0.00358929    -0.00104987    5.15002e-13    -2.94837e-13    -0.00729596
0.00597985    0.00354212    -0.00103607    5.14988e-13    -2.94861e-13    -0.00720005
0.00590311    0.00349668    -0.00102277    5.14974e-13    -2.94885e-13    -0.00710765
0.00580031    0.00343582    -0.00100496    5.14956e-13    -2.94917e-13    -0.00698388
0.00570892    0.0033817    -0.000989127    5.14939e-13    -2.94945e-13    -0.00687383
0.00563083    0.00333546    -0.000975597    5.14926e-13    -2.9497e-13    -0.00677981
0.00555386    0.00328987    -0.00096226    5.14912e-13    -2.94993e-13    -0.00668712
0.00547171    0.00324122    -0.000948026    5.14897e-13    -2.95019e-13    -0.0065882
0.00537677    0.00318501    -0.000931576    5.1488e-13    -2.95048e-13    -0.00647389
0.00528594    0.00313122    -0.000915839    5.14864e-13    -2.95076e-13    -0.00636452
0.0052088    0.00308554    -0.000902473    5.1485e-13    -2.951e-13    -0.00627164
0.0051278    0.00303757    -0.000888438    5.14836e-13    -2.95125e-13    -0.00617411
0.00504724    0.00298986    -0.000874479    5.14822e-13    -2.9515e-13    -0.0060771
0.00497124    0.00294486    -0.000861312    5.14808e-13    -2.95174e-13    -0.0059856
0.0048904    0.00289699    -0.000847305    5.14794e-13    -2.95199e-13    -0.00588825
0.00482532    0.00285845    -0.00083603    5.14782e-13    -2.95219e-13    -0.0058099
0.00475056    0.00281417    -0.000823076    5.14769e-13    -2.95242e-13    -0.00571988
0.00467177    0.00276751    -0.000809425    5.14755e-13    -2.95267e-13    -0.00562501
0.0046049    0.00272791    -0.000797838    5.14743e-13    -2.95287e-13    -0.00554449
0.00452304    0.00267943    -0.000783655    5.14728e-13    -2.95313e-13    -0.00544593
0.00445204    0.00263738    -0.000771353    5.14716e-13    -2.95335e-13    -0.00536044
0.00437556    0.00259209    -0.000758102    5.14702e-13    -2.95358e-13    -0.00526835
0.00430324    0.00254926    -0.000745571    5.14689e-13    -2.95381e-13    -0.00518126
0.0042344    0.00250849    -0.000733644    5.14677e-13    -2.95402e-13    -0.00509838
0.00417937    0.00247589    -0.000724109    5.14667e-13    -2.95419e-13    -0.00503212
0.00411015    0.0024349    -0.000712115    5.14655e-13    -2.95441e-13    -0.00494877
0.00404018    0.00239346    -0.000699993    5.14642e-13    -2.95462e-13    -0.00486453
0.00396968    0.00235171    -0.000687778    5.1463e-13    -2.95484e-13    -0.00477964
0.0039015    0.00231132    -0.000675964    5.14618e-13    -2.95505e-13    -0.00469754
0.00383541    0.00227218    -0.000664513    5.14606e-13    -2.95526e-13    -0.00461796
0.00376752    0.00223197    -0.000652751    5.14594e-13    -2.95547e-13    -0.00453622
0.00370529    0.00219511    -0.000641968    5.14583e-13    -2.95566e-13    -0.00446128
0.00364115    0.00215712    -0.000630854    5.14571e-13    -2.95586e-13    -0.00438406
0.00357663    0.00211891    -0.000619677    5.1456e-13    -2.95606e-13    -0.00430638
0.00351881    0.00208466    -0.000609658    5.14549e-13    -2.95624e-13    -0.00423675
0.00346496    0.00205277    -0.000600329    5.1454e-13    -2.9564e-13    -0.00417192
0.00341784    0.00202486    -0.000592164    5.14531e-13    -2.95655e-13    -0.00411518
0.00335964    0.00199039    -0.000582081    5.14521e-13    -2.95673e-13    -0.00404511
0.0033016    0.00195601    -0.000572024    5.14511e-13    -2.95691e-13    -0.00397522
0.00324875    0.0019247    -0.000562867    5.14501e-13    -2.95707e-13    -0.00391158
0.00319653    0.00189377    -0.000553819    5.14492e-13    -2.95723e-13    -0.00384871
0.00315165    0.00186719    -0.000546044    5.14484e-13    -2.95737e-13    -0.00379467
0.00310146    0.00183746    -0.000537348    5.14475e-13    -2.95753e-13    -0.00373424
0.00305819    0.00181183    -0.000529851    5.14467e-13    -2.95766e-13    -0.00368214
0.00300829    0.00178227    -0.000521205    5.14458e-13    -2.95782e-13    -0.00362206
0.00296505    0.00175666    -0.000513714    5.14451e-13    -2.95795e-13    -0.00357
0.00292211    0.00173122    -0.000506274    5.14443e-13    -2.95808e-13    -0.0035183
0.00288136    0.00170709    -0.000499214    5.14436e-13    -2.95821e-13    -0.00346923
0.00284342    0.00168461    -0.00049264    5.14429e-13    -2.95833e-13    -0.00342355
0.00279806    0.00165774    -0.000484781    5.14421e-13    -2.95847e-13    -0.00336893
0.00275916    0.00163469    -0.00047804    5.14414e-13    -2.95859e-13    -0.00332209
0.00271471    0.00160837    -0.00047034    5.14406e-13    -2.95873e-13    -0.00326858
0.00267308    0.0015837    -0.000463126    5.14399e-13    -2.95886e-13    -0.00321845
0.00262593    0.00155578    -0.000454958    5.1439e-13    -2.959e-13    -0.00316168
0.00258858    0.00153365    -0.000448486    5.14384e-13    -2.95912e-13    -0.00311671
0.00254837    0.00150983    -0.00044152    5.14376e-13    -2.95924e-13    -0.0030683
0.00250662    0.0014851    -0.000434287    5.14369e-13    -2.95937e-13    -0.00301803
0.00247305    0.00146521    -0.00042847    5.14363e-13    -2.95947e-13    -0.00297761
0.00243556    0.00144301    -0.000421975    5.14356e-13    -2.95959e-13    -0.00293247
0.00239717    0.00142026    -0.000415323    5.1435e-13    -2.95971e-13    -0.00288624
0.00235519    0.0013954    -0.00040805    5.14342e-13    -2.95984e-13    -0.0028357
0.00231972    0.00137438    -0.000401903    5.14336e-13    -2.95995e-13    -0.00279298
0.00228613    0.00135449    -0.000396085    5.1433e-13    -2.96005e-13    -0.00275255
0.00224719    0.00133142    -0.000389338    5.14323e-13    -2.96017e-13    -0.00270566
0.00221356    0.00131149    -0.00038351    5.14317e-13    -2.96028e-13    -0.00266516
0.0021852    0.00129469    -0.000378596    5.14312e-13    -2.96037e-13    -0.00263101
0.00215331    0.0012758    -0.000373071    5.14306e-13    -2.96046e-13    -0.00259262
0.00211927    0.00125563    -0.000367174    5.143e-13    -2.96057e-13    -0.00255164
0.00208331    0.00123433    -0.000360943    5.14294e-13    -2.96068e-13    -0.00250834
0.00205413    0.00121705    -0.000355889    5.14288e-13    -2.96077e-13    -0.00247321
0.00202068    0.00119723    -0.000350093    5.14282e-13    -2.96088e-13    -0.00243293
0.00198992    0.00117901    -0.000344763    5.14277e-13    -2.96097e-13    -0.0023959
0.00195963    0.00116107    -0.000339516    5.14271e-13    -2.96106e-13    -0.00235943
0.00193155    0.00114442    -0.000334649    5.14266e-13    -2.96115e-13    -0.00232561
0.00189995    0.0011257    -0.000329175    5.14261e-13    -2.96125e-13    -0.00228757
0.00187386    0.00111025    -0.000324656    5.14256e-13    -2.96133e-13    -0.00225616
0.00184398    0.00109255    -0.000319479    5.14251e-13    -2.96142e-13    -0.00222018
0.00181995    0.00107831    -0.000315315    5.14247e-13    -2.9615e-13    -0.00219125
0.0017929    0.00106229    -0.000310629    5.14242e-13    -2.96158e-13    -0.00215868
0.00176372    0.001045    -0.000305573    5.14237e-13    -2.96167e-13    -0.00212355
0.00173516    0.00102808    -0.000300625    5.14231e-13    -2.96176e-13    -0.00208916
0.00170734    0.0010116    -0.000295804    5.14226e-13    -2.96184e-13    -0.00205566
0.00168252    0.000996894    -0.000291504    5.14222e-13    -2.96192e-13    -0.00202578
0.00165942    0.000983209    -0.000287502    5.14218e-13    -2.96199e-13    -0.00199797
0.00163309    0.000967607    -0.000282939    5.14213e-13    -2.96207e-13    -0.00196626
0.00160706    0.00095219    -0.000278431    5.14209e-13    -2.96216e-13    -0.00193492
0.00158061    0.000936517    -0.000273847    5.14204e-13    -2.96224e-13    -0.00190307
0.00155779    0.000922998    -0.000269894    5.142e-13    -2.96231e-13    -0.0018756
0.00153208    0.000907767    -0.000265439    5.14195e-13    -2.96239e-13    -0.00184464
0.00151089    0.000895211    -0.000261768    5.14191e-13    -2.96245e-13    -0.00181913
0.00148459    0.000879632    -0.000257212    5.14187e-13    -2.96253e-13    -0.00178746
0.00146052    0.000865372    -0.000253041    5.14182e-13    -2.96261e-13    -0.00175848
0.00143707    0.000851477    -0.000248978    5.14178e-13    -2.96268e-13    -0.00173025
0.0014167    0.000839409    -0.000245449    5.14175e-13    -2.96274e-13    -0.00170572
0.00139479    0.000826428    -0.000241653    5.14171e-13    -2.96281e-13    -0.00167934
0.00137631    0.000815481    -0.000238452    5.14167e-13    -2.96287e-13    -0.00165709
0.00135691    0.000803988    -0.000235091    5.14164e-13    -2.96293e-13    -0.00163374
0.0013336    0.000790174    -0.000231051    5.1416e-13    -2.963e-13    -0.00160566
0.00131197    0.000777359    -0.000227303    5.14156e-13    -2.96307e-13    -0.00157962
0.00129455    0.000767039    -0.000224286    5.14153e-13    -2.96312e-13    -0.00155865
0.00127726    0.000756797    -0.000221291    5.1415e-13    -2.96318e-13    -0.00153783
0.00125861    0.000745744    -0.000218058    5.14146e-13    -2.96323e-13    -0.00151537
0.00123887    0.000734053    -0.00021464    5.14143e-13    -2.96329e-13    -0.00149162
0.00121933    0.000722476    -0.000211254    5.14139e-13    -2.96336e-13    -0.00146809
0.00119963    0.000710801    -0.00020784    5.14136e-13    -2.96342e-13    -0.00144436
0.00118248    0.00070064    -0.000204869    5.14133e-13    -2.96347e-13    -0.00142371
0.00116277    0.000688964    -0.000201454    5.14129e-13    -2.96353e-13    -0.00139999
0.00114623    0.000679162    -0.000198588    5.14126e-13    -2.96358e-13    -0.00138007
0.00112961    0.000669315    -0.000195708    5.14123e-13    -2.96363e-13    -0.00136005
0.00111409    0.000660121    -0.00019302    5.14121e-13    -2.96368e-13    -0.00134137
0.00109434    0.000648419    -0.000189598    5.14117e-13    -2.96374e-13    -0.00131759
0.00108031    0.000640107    -0.000187167    5.14115e-13    -2.96379e-13    -0.0013007
0.00106201    0.000629265    -0.000183997    5.14111e-13    -2.96384e-13    -0.00127867
0.00104666    0.000620169    -0.000181337    5.14109e-13    -2.96389e-13    -0.00126018
0.00103229    0.000611654    -0.000178847    5.14106e-13    -2.96393e-13    -0.00124288
0.00101678    0.000602466    -0.00017616    5.14103e-13    -2.96398e-13    -0.00122421
0.00099889    0.000591867    -0.000173061    5.141e-13    -2.96404e-13    -0.00120267
0.00098145    0.000581534    -0.00017004    5.14097e-13    -2.96409e-13    -0.00118167
0.000965131    0.000571865    -0.000167212    5.14094e-13    -2.96414e-13    -0.00116202
0.000949393    0.000562541    -0.000164486    5.14091e-13    -2.96419e-13    -0.00114307
0.00093662    0.000554973    -0.000162273    5.14089e-13    -2.96423e-13    -0.0011277
0.00092139    0.00054595    -0.000159634    5.14086e-13    -2.96428e-13    -0.00110936
0.00090784    0.000537921    -0.000157286    5.14084e-13    -2.96432e-13    -0.00109304
0.000892673    0.000528934    -0.000154658    5.14081e-13    -2.96437e-13    -0.00107478
0.000877018    0.000519659    -0.000151946    5.14078e-13    -2.96441e-13    -0.00105593
0.000861776    0.000510629    -0.000149306    5.14076e-13    -2.96446e-13    -0.00103758
0.000847041    0.000501898    -0.000146753    5.14073e-13    -2.96451e-13    -0.00101984
0.000835305    0.000494944    -0.000144719    5.14071e-13    -2.96454e-13    -0.00100571
0.000821298    0.000486645    -0.000142292    5.14068e-13    -2.96459e-13    -0.000988846
0.000808545    0.000479089    -0.000140083    5.14066e-13    -2.96463e-13    -0.000973491
0.000796941    0.000472213    -0.000138072    5.14064e-13    -2.96466e-13    -0.00095952
0.000783105    0.000464016    -0.000135675    5.14062e-13    -2.96471e-13    -0.000942862
0.000769524    0.000455969    -0.000133322    5.14059e-13    -2.96475e-13    -0.000926509
0.000756317    0.000448144    -0.000131034    5.14057e-13    -2.96479e-13    -0.000910608
0.00074469    0.000441255    -0.00012902    5.14055e-13    -2.96482e-13    -0.000896609
0.000733015    0.000434337    -0.000126997    5.14053e-13    -2.96486e-13    -0.000882552
0.000723042    0.000428428    -0.000125269    5.14051e-13    -2.96489e-13    -0.000870544
0.000712792    0.000422354    -0.000123493    5.14049e-13    -2.96492e-13    -0.000858203
0.000700595    0.000415128    -0.00012138    5.14047e-13    -2.96496e-13    -0.000843519
0.000689897    0.000408789    -0.000119527    5.14045e-13    -2.96499e-13    -0.000830638
0.00067943    0.000402587    -0.000117713    5.14043e-13    -2.96503e-13    -0.000818035
0.000667829    0.000395714    -0.000115703    5.14041e-13    -2.96506e-13    -0.000804068
0.000657617    0.000389663    -0.000113934    5.14039e-13    -2.96509e-13    -0.000791773
0.000648205    0.000384086    -0.000112303    5.14037e-13    -2.96512e-13    -0.000780441
0.000636728    0.000377286    -0.000110315    5.14035e-13    -2.96516e-13    -0.000766621
0.000626405    0.000371169    -0.000108526    5.14034e-13    -2.96519e-13    -0.000754192
0.000616093    0.00036506    -0.00010674    5.14032e-13    -2.96522e-13    -0.000741777
0.000607784    0.000360136    -0.0001053    5.1403e-13    -2.96525e-13    -0.000731773
0.000598184    0.000354448    -0.000103637    5.14029e-13    -2.96528e-13    -0.000720215
0.000589038    0.000349029    -0.000102052    5.14027e-13    -2.96531e-13    -0.000709203
0.000579008    0.000343086    -0.000100315    5.14025e-13    -2.96534e-13    -0.000697126
0.000569474    0.000337437    -9.8663e-05    5.14023e-13    -2.96537e-13    -0.000685648
0.000561667    0.000332811    -9.73104e-05    5.14022e-13    -2.96539e-13    -0.000676248
0.000553846    0.000328177    -9.59553e-05    5.14021e-13    -2.96541e-13    -0.000666831
0.00054537    0.000323155    -9.44869e-05    5.14019e-13    -2.96544e-13    -0.000656627
0.000538057    0.000318822    -9.32199e-05    5.14018e-13    -2.96546e-13    -0.000647822
0.000530805    0.000314524    -9.19633e-05    5.14016e-13    -2.96549e-13    -0.000639089
0.000523038    0.000309922    -9.06177e-05    5.14015e-13    -2.96551e-13    -0.000629738
0.000515479    0.000305443    -8.93081e-05    5.14014e-13    -2.96553e-13    -0.000620637
0.00050648    0.000300111    -8.7749e-05    5.14012e-13    -2.96556e-13    -0.000609802
0.000497696    0.000294907    -8.62272e-05    5.14011e-13    -2.96559e-13    -0.000599226
0.000489756    0.000290202    -8.48516e-05    5.14009e-13    -2.96561e-13    -0.000589667
0.000481432    0.000285269    -8.34093e-05    5.14008e-13    -2.96564e-13    -0.000579644
0.000473296    0.000280449    -8.19997e-05    5.14006e-13    -2.96566e-13    -0.000569848
0.000466047    0.000276154    -8.07439e-05    5.14005e-13    -2.96569e-13    -0.000561121
0.000459308    0.000272161    -7.95763e-05    5.14004e-13    -2.96571e-13    -0.000553007
0.000452524    0.000268141    -7.8401e-05    5.14003e-13    -2.96573e-13    -0.000544839
0.000445193    0.000263797    -7.71308e-05    5.14001e-13    -2.96575e-13    -0.000536012
0.000438133    0.000259614    -7.59076e-05    5.14e-13    -2.96577e-13    -0.000527512
0.000431955    0.000255953    -7.48374e-05    5.13999e-13    -2.96579e-13    -0.000520074
0.000426087    0.000252476    -7.38207e-05    5.13998e-13    -2.96581e-13    -0.000513009
0.000420472    0.000249149    -7.28479e-05    5.13997e-13    -2.96583e-13    -0.000506248
0.000414855    0.000245821    -7.18748e-05    5.13996e-13    -2.96584e-13    -0.000499486
0.000408199    0.000241877    -7.07216e-05    5.13995e-13    -2.96587e-13    -0.000491472
0.00040224    0.000238346    -6.96891e-05    5.13994e-13    -2.96588e-13    -0.000484297
0.000396507    0.000234949    -6.86958e-05    5.13993e-13    -2.9659e-13    -0.000477394
0.000390767    0.000231548    -6.77014e-05    5.13991e-13    -2.96592e-13    -0.000470484
0.000385588    0.000228479    -6.68041e-05    5.13991e-13    -2.96594e-13    -0.000464248
0.000379836    0.000225071    -6.58075e-05    5.1399e-13    -2.96595e-13    -0.000457322
0.000373185    0.00022113    -6.46552e-05    5.13988e-13    -2.96597e-13    -0.000449314
0.000367326    0.000217658    -6.36401e-05    5.13987e-13    -2.96599e-13    -0.00044226
0.000362117    0.000214572    -6.27376e-05    5.13986e-13    -2.96601e-13    -0.000435989
0.000356277    0.000211111    -6.17258e-05    5.13985e-13    -2.96603e-13    -0.000428957
0.000350367    0.000207609    -6.07019e-05    5.13984e-13    -2.96604e-13    -0.000421841
0.000345024    0.000204443    -5.97762e-05    5.13983e-13    -2.96606e-13    -0.000415408
0.000340329    0.000201662    -5.89629e-05    5.13982e-13    -2.96608e-13    -0.000409756
0.000334471    0.00019819    -5.79479e-05    5.13981e-13    -2.96609e-13    -0.000402702
0.000329133    0.000195027    -5.7023e-05    5.1398e-13    -2.96611e-13    -0.000396275
0.000324063    0.000192024    -5.61448e-05    5.1398e-13    -2.96613e-13    -0.000390172
0.000319581    0.000189367    -5.53681e-05    5.13979e-13    -2.96614e-13    -0.000384775
0.000314593    0.000186412    -5.45039e-05    5.13978e-13    -2.96615e-13    -0.000378769
0.000309894    0.000183627    -5.36898e-05    5.13977e-13    -2.96617e-13    -0.000373111
0.000304638    0.000180514    -5.27793e-05    5.13976e-13    -2.96619e-13    -0.000366784
0.00030013    0.000177842    -5.19982e-05    5.13975e-13    -2.9662e-13    -0.000361356
0.000295921    0.000175348    -5.12691e-05    5.13975e-13    -2.96621e-13    -0.000356289
0.000291647    0.000172816    -5.05285e-05    5.13974e-13    -2.96623e-13    -0.000351142
0.000286832    0.000169963    -4.96943e-05    5.13973e-13    -2.96624e-13    -0.000345345
0.00028224    0.000167242    -4.88988e-05    5.13972e-13    -2.96626e-13    -0.000339817
0.00027724    0.000164279    -4.80325e-05    5.13971e-13    -2.96627e-13    -0.000333797
0.000273218    0.000161896    -4.73357e-05    5.1397e-13    -2.96628e-13    -0.000328955
0.000268497    0.000159099    -4.65178e-05    5.1397e-13    -2.9663e-13    -0.00032327
0.000264877    0.000156953    -4.58906e-05    5.13969e-13    -2.96631e-13    -0.000318912
0.000260919    0.000154608    -4.52047e-05    5.13968e-13    -2.96632e-13    -0.000314145
0.000257572    0.000152625    -4.46249e-05    5.13968e-13    -2.96633e-13    -0.000310116
0.000253257    0.000150068    -4.38773e-05    5.13967e-13    -2.96634e-13    -0.00030492
0.00024903    0.000147564    -4.31451e-05    5.13966e-13    -2.96636e-13    -0.000299832
0.000245472    0.000145455    -4.25285e-05    5.13966e-13    -2.96637e-13    -0.000295548
0.000242192    0.000143511    -4.19602e-05    5.13965e-13    -2.96638e-13    -0.000291598
0.000238033    0.000141047    -4.12398e-05    5.13964e-13    -2.96639e-13    -0.000286592
0.000234131    0.000138735    -4.05638e-05    5.13964e-13    -2.9664e-13    -0.000281894
0.00023108    0.000136927    -4.00351e-05    5.13963e-13    -2.96641e-13    -0.00027822
0.000227606    0.000134869    -3.94333e-05    5.13962e-13    -2.96642e-13    -0.000274037
0.000223574    0.000132479    -3.87346e-05    5.13962e-13    -2.96644e-13    -0.000269182
0.000219924    0.000130317    -3.81024e-05    5.13961e-13    -2.96645e-13    -0.000264788
0.000216874    0.00012851    -3.7574e-05    5.1396e-13    -2.96646e-13    -0.000261116
0.000213584    0.00012656    -3.70038e-05    5.1396e-13    -2.96647e-13    -0.000257154
0.000209921    0.00012439    -3.63694e-05    5.13959e-13    -2.96648e-13    -0.000252745
0.000207132    0.000122737    -3.58861e-05    5.13959e-13    -2.96649e-13    -0.000249387
0.000204378    0.000121105    -3.54089e-05    5.13958e-13    -2.9665e-13    -0.000246071
0.000201368    0.000119322    -3.48875e-05    5.13958e-13    -2.96651e-13    -0.000242447
0.000198488    0.000117615    -3.43885e-05    5.13957e-13    -2.96651e-13    -0.000238979
0.000195287    0.000115718    -3.38339e-05    5.13957e-13    -2.96652e-13    -0.000235125
0.000191995    0.000113767    -3.32635e-05    5.13956e-13    -2.96653e-13    -0.000231161
0.000189409    0.000112235    -3.28156e-05    5.13956e-13    -2.96654e-13    -0.000228048
0.00018693    0.000110766    -3.23859e-05    5.13955e-13    -2.96655e-13    -0.000225063
0.000184483    0.000109316    -3.1962e-05    5.13955e-13    -2.96656e-13    -0.000222117
0.000181702    0.000107668    -3.14802e-05    5.13954e-13    -2.96657e-13    -0.000218768
0.000178661    0.000105866    -3.09533e-05    5.13954e-13    -2.96658e-13    -0.000215107
0.000175755    0.000104145    -3.045e-05    5.13953e-13    -2.96658e-13    -0.000211609
0.000173115    0.00010258    -2.99926e-05    5.13953e-13    -2.96659e-13    -0.00020843
0.000170793    0.000101204    -2.95902e-05    5.13952e-13    -2.9666e-13    -0.000205634
0.000168097    9.96067e-05    -2.91231e-05    5.13952e-13    -2.96661e-13    -0.000202388
0.000165455    9.80414e-05    -2.86655e-05    5.13951e-13    -2.96662e-13    -0.000199208
0.000162897    9.65256e-05    -2.82223e-05    5.13951e-13    -2.96662e-13    -0.000196128
0.000160326    9.50021e-05    -2.77768e-05    5.1395e-13    -2.96663e-13    -0.000193032
0.000157984    9.36145e-05    -2.73711e-05    5.1395e-13    -2.96664e-13    -0.000190213
0.000155722    9.22741e-05    -2.69792e-05    5.1395e-13    -2.96665e-13    -0.000187489
0.000153034    9.06813e-05    -2.65135e-05    5.13949e-13    -2.96665e-13    -0.000184253
0.00015071    8.9304e-05    -2.61108e-05    5.13949e-13    -2.96666e-13    -0.000181454
0.000148654    8.8086e-05    -2.57547e-05    5.13948e-13    -2.96667e-13    -0.000178979
0.000146295    8.66877e-05    -2.53458e-05    5.13948e-13    -2.96668e-13    -0.000176138
0.000144038    8.53505e-05    -2.49549e-05    5.13947e-13    -2.96668e-13    -0.000173421
0.000141751    8.39953e-05    -2.45586e-05    5.13947e-13    -2.96669e-13    -0.000170667
0.000139509    8.2667e-05    -2.41702e-05    5.13947e-13    -2.9667e-13    -0.000167968
0.00013756    8.15124e-05    -2.38326e-05    5.13946e-13    -2.9667e-13    -0.000165622
0.000135224    8.01276e-05    -2.34278e-05    5.13946e-13    -2.96671e-13    -0.000162809
0.00013344    7.90707e-05    -2.31187e-05    5.13946e-13    -2.96672e-13    -0.000160661
0.000131667    7.80202e-05    -2.28116e-05    5.13945e-13    -2.96672e-13    -0.000158527
0.000129375    7.66619e-05    -2.24145e-05    5.13945e-13    -2.96673e-13    -0.000155767
0.000127605    7.56132e-05    -2.21078e-05    5.13944e-13    -2.96673e-13    -0.000153636
0.000125666    7.44644e-05    -2.17719e-05    5.13944e-13    -2.96674e-13    -0.000151302
0.000123912    7.34249e-05    -2.1468e-05    5.13944e-13    -2.96674e-13    -0.00014919
0.000121815    7.21825e-05    -2.11048e-05    5.13943e-13    -2.96675e-13    -0.000146665
0.000120079    7.11534e-05    -2.08039e-05    5.13943e-13    -2.96676e-13    -0.000144574
0.000118326    7.01148e-05    -2.05002e-05    5.13943e-13    -2.96676e-13    -0.000142464
0.000116293    6.891e-05    -2.01479e-05    5.13942e-13    -2.96677e-13    -0.000140016
0.000114604    6.79097e-05    -1.98555e-05    5.13942e-13    -2.96677e-13    -0.000137983
0.000112673    6.67654e-05    -1.95209e-05    5.13942e-13    -2.96678e-13    -0.000135658
0.000110857    6.56894e-05    -1.92063e-05    5.13941e-13    -2.96679e-13    -0.000133472
0.000109419    6.48372e-05    -1.89571e-05    5.13941e-13    -2.96679e-13    -0.00013174
0.000107876    6.39227e-05    -1.86897e-05    5.13941e-13    -2.96679e-13    -0.000129882
0.000106077    6.28567e-05    -1.83781e-05    5.13941e-13    -2.9668e-13    -0.000127716
0.000104388    6.18556e-05    -1.80854e-05    5.1394e-13    -2.96681e-13    -0.000125682
0.000102615    6.08056e-05    -1.77783e-05    5.1394e-13    -2.96681e-13    -0.000123549
0.000101143    5.9933e-05    -1.75232e-05    5.1394e-13    -2.96682e-13    -0.000121776
9.97301e-05    5.90959e-05    -1.72784e-05    5.1394e-13    -2.96682e-13    -0.000120075
9.83521e-05    5.82793e-05    -1.70397e-05    5.13939e-13    -2.96682e-13    -0.000118416
9.67922e-05    5.7355e-05    -1.67695e-05    5.13939e-13    -2.96683e-13    -0.000116537
9.54995e-05    5.6589e-05    -1.65455e-05    5.13939e-13    -2.96683e-13    -0.000114981
9.39522e-05    5.56721e-05    -1.62774e-05    5.13938e-13    -2.96684e-13    -0.000113118
9.23838e-05    5.47428e-05    -1.60057e-05    5.13938e-13    -2.96684e-13    -0.00011123
9.08688e-05    5.3845e-05    -1.57432e-05    5.13938e-13    -2.96685e-13    -0.000109406
8.96129e-05    5.31008e-05    -1.55256e-05    5.13938e-13    -2.96685e-13    -0.000107894
8.8287e-05    5.23152e-05    -1.52959e-05    5.13937e-13    -2.96686e-13    -0.000106297
8.70183e-05    5.15634e-05    -1.50761e-05    5.13937e-13    -2.96686e-13    -0.00010477
8.57099e-05    5.07881e-05    -1.48494e-05    5.13937e-13    -2.96686e-13    -0.000103194
8.45135e-05    5.00792e-05    -1.46421e-05    5.13937e-13    -2.96687e-13    -0.000101754
8.32681e-05    4.93412e-05    -1.44264e-05    5.13937e-13    -2.96687e-13    -0.000100254
8.19778e-05    4.85766e-05    -1.42028e-05    5.13936e-13    -2.96687e-13    -9.87009e-05
8.08668e-05    4.79183e-05    -1.40103e-05    5.13936e-13    -2.96688e-13    -9.73633e-05
7.96046e-05    4.71704e-05    -1.37917e-05    5.13936e-13    -2.96688e-13    -9.58436e-05
7.85763e-05    4.65611e-05    -1.36135e-05    5.13936e-13    -2.96689e-13    -9.46056e-05
7.74223e-05    4.58772e-05    -1.34136e-05    5.13936e-13    -2.96689e-13    -9.32162e-05
7.62832e-05    4.52022e-05    -1.32162e-05    5.13935e-13    -2.96689e-13    -9.18446e-05
7.51916e-05    4.45554e-05    -1.30271e-05    5.13935e-13    -2.9669e-13    -9.05304e-05
7.39538e-05    4.3822e-05    -1.28126e-05    5.13935e-13    -2.9669e-13    -8.90401e-05
7.29086e-05    4.32026e-05    -1.26316e-05    5.13935e-13    -2.9669e-13    -8.77817e-05
7.17383e-05    4.25092e-05    -1.24288e-05    5.13935e-13    -2.96691e-13    -8.63727e-05
7.0623e-05    4.18483e-05    -1.22356e-05    5.13934e-13    -2.96691e-13    -8.50298e-05
6.93917e-05    4.11187e-05    -1.20223e-05    5.13934e-13    -2.96691e-13    -8.35474e-05
6.82664e-05    4.04518e-05    -1.18273e-05    5.13934e-13    -2.96692e-13    -8.21924e-05
6.71166e-05    3.97705e-05    -1.16281e-05    5.13934e-13    -2.96692e-13    -8.08081e-05
6.60246e-05    3.91235e-05    -1.14389e-05    5.13933e-13    -2.96692e-13    -7.94933e-05
6.50775e-05    3.85623e-05    -1.12748e-05    5.13933e-13    -2.96693e-13    -7.83531e-05
6.40348e-05    3.79444e-05    -1.10941e-05    5.13933e-13    -2.96693e-13    -7.70976e-05
6.32138e-05    3.74579e-05    -1.09519e-05    5.13933e-13    -2.96693e-13    -7.61091e-05
6.22346e-05    3.68777e-05    -1.07823e-05    5.13933e-13    -2.96694e-13    -7.49302e-05
6.11749e-05    3.62497e-05    -1.05987e-05    5.13933e-13    -2.96694e-13    -7.36543e-05
6.02034e-05    3.56741e-05    -1.04304e-05    5.13932e-13    -2.96694e-13    -7.24846e-05
5.92373e-05    3.51016e-05    -1.0263e-05    5.13932e-13    -2.96694e-13    -7.13215e-05
5.83267e-05    3.45621e-05    -1.01052e-05    5.13932e-13    -2.96695e-13    -7.02252e-05
5.74617e-05    3.40495e-05    -9.95535e-06    5.13932e-13    -2.96695e-13    -6.91837e-05
5.64454e-05    3.34472e-05    -9.77927e-06    5.13932e-13    -2.96695e-13    -6.796e-05
5.55205e-05    3.28992e-05    -9.61905e-06    5.13932e-13    -2.96696e-13    -6.68465e-05
5.45874e-05    3.23463e-05    -9.45738e-06    5.13931e-13    -2.96696e-13    -6.5723e-05
5.37024e-05    3.18219e-05    -9.30405e-06    5.13931e-13    -2.96696e-13    -6.46575e-05
5.29723e-05    3.13892e-05    -9.17755e-06    5.13931e-13    -2.96696e-13    -6.37784e-05
5.22862e-05    3.09827e-05    -9.05868e-06    5.13931e-13    -2.96697e-13    -6.29523e-05
5.16009e-05    3.05766e-05    -8.93995e-06    5.13931e-13    -2.96697e-13    -6.21272e-05
5.07618e-05    3.00794e-05    -8.79458e-06    5.13931e-13    -2.96697e-13    -6.1117e-05
5.00629e-05    2.96652e-05    -8.67349e-06    5.13931e-13    -2.96697e-13    -6.02755e-05
4.92666e-05    2.91934e-05    -8.53554e-06    5.1393e-13    -2.96698e-13    -5.93168e-05
4.84639e-05    2.87177e-05    -8.39646e-06    5.1393e-13    -2.96698e-13    -5.83503e-05
4.77064e-05    2.82689e-05    -8.26523e-06    5.1393e-13    -2.96698e-13    -5.74383e-05
4.70958e-05    2.79071e-05    -8.15945e-06    5.1393e-13    -2.96698e-13    -5.67032e-05
4.64906e-05    2.75485e-05    -8.05459e-06    5.1393e-13    -2.96698e-13    -5.59745e-05
4.58234e-05    2.71531e-05    -7.939e-06    5.1393e-13    -2.96699e-13    -5.51712e-05
4.51772e-05    2.67702e-05    -7.82704e-06    5.1393e-13    -2.96699e-13    -5.43932e-05
4.44504e-05    2.63395e-05    -7.70112e-06    5.1393e-13    -2.96699e-13    -5.35181e-05
4.36906e-05    2.58893e-05    -7.56948e-06    5.13929e-13    -2.96699e-13    -5.26033e-05
4.30905e-05    2.55337e-05    -7.46551e-06    5.13929e-13    -2.96699e-13    -5.18807e-05
4.24662e-05    2.51638e-05    -7.35735e-06    5.13929e-13    -2.967e-13    -5.11291e-05
4.17788e-05    2.47565e-05    -7.23826e-06    5.13929e-13    -2.967e-13    -5.03015e-05
4.10607e-05    2.43309e-05    -7.11384e-06    5.13929e-13    -2.967e-13    -4.94369e-05
4.04015e-05    2.39403e-05    -6.99963e-06    5.13929e-13    -2.967e-13    -4.86432e-05
3.98205e-05    2.35961e-05    -6.89898e-06    5.13929e-13    -2.96701e-13    -4.79437e-05
3.91334e-05    2.31889e-05    -6.77994e-06    5.13929e-13    -2.96701e-13    -4.71165e-05
3.85963e-05    2.28706e-05    -6.68689e-06    5.13929e-13    -2.96701e-13    -4.64698e-05
3.80707e-05    2.25592e-05    -6.59583e-06    5.13928e-13    -2.96701e-13    -4.5837e-05
3.74865e-05    2.2213e-05    -6.49461e-06    5.13928e-13    -2.96701e-13    -4.51336e-05
3.68515e-05    2.18367e-05    -6.38459e-06    5.13928e-13    -2.96701e-13    -4.4369e-05
3.62542e-05    2.14828e-05    -6.28111e-06    5.13928e-13    -2.96702e-13    -4.36499e-05
3.56212e-05    2.11077e-05    -6.17144e-06    5.13928e-13    -2.96702e-13    -4.28878e-05
3.51316e-05    2.08176e-05    -6.08662e-06    5.13928e-13    -2.96702e-13    -4.22983e-05
3.46095e-05    2.05082e-05    -5.99617e-06    5.13928e-13    -2.96702e-13    -4.16697e-05
3.40436e-05    2.01729e-05    -5.89812e-06    5.13928e-13    -2.96702e-13    -4.09883e-05
3.34599e-05    1.9827e-05    -5.79699e-06    5.13928e-13    -2.96702e-13    -4.02855e-05
3.29399e-05    1.95189e-05    -5.70691e-06    5.13928e-13    -2.96703e-13    -3.96596e-05
3.23958e-05    1.91965e-05    -5.61264e-06    5.13927e-13    -2.96703e-13    -3.90044e-05
3.18304e-05    1.88614e-05    -5.51467e-06    5.13927e-13    -2.96703e-13    -3.83236e-05
3.1386e-05    1.85981e-05    -5.43768e-06    5.13927e-13    -2.96703e-13    -3.77886e-05
3.08374e-05    1.8273e-05    -5.34264e-06    5.13927e-13    -2.96703e-13    -3.71281e-05
3.03573e-05    1.79885e-05    -5.25946e-06    5.13927e-13    -2.96703e-13    -3.65501e-05
2.98275e-05    1.76746e-05    -5.16767e-06    5.13927e-13    -2.96704e-13    -3.59122e-05
2.93714e-05    1.74043e-05    -5.08866e-06    5.13927e-13    -2.96704e-13    -3.53631e-05
2.89146e-05    1.71337e-05    -5.00951e-06    5.13927e-13    -2.96704e-13    -3.48131e-05
2.8409e-05    1.6834e-05    -4.92191e-06    5.13927e-13    -2.96704e-13    -3.42043e-05
2.79317e-05    1.65512e-05    -4.83923e-06    5.13927e-13    -2.96704e-13    -3.36297e-05
2.74606e-05    1.62721e-05    -4.75761e-06    5.13927e-13    -2.96704e-13    -3.30625e-05
2.7028e-05    1.60157e-05    -4.68266e-06    5.13927e-13    -2.96704e-13    -3.25416e-05
2.65934e-05    1.57582e-05    -4.60736e-06    5.13926e-13    -2.96705e-13    -3.20183e-05
2.61201e-05    1.54778e-05    -4.52536e-06    5.13926e-13    -2.96705e-13    -3.14485e-05
2.56622e-05    1.52064e-05    -4.44603e-06    5.13926e-13    -2.96705e-13    -3.08972e-05
2.52917e-05    1.49869e-05    -4.38184e-06    5.13926e-13    -2.96705e-13    -3.04511e-05
2.48578e-05    1.47298e-05    -4.30667e-06    5.13926e-13    -2.96705e-13    -2.99287e-05
2.44648e-05    1.44969e-05    -4.23858e-06    5.13926e-13    -2.96705e-13    -2.94555e-05
2.40739e-05    1.42653e-05    -4.17086e-06    5.13926e-13    -2.96705e-13    -2.89849e-05
2.36744e-05    1.40285e-05    -4.10163e-06    5.13926e-13    -2.96706e-13    -2.85038e-05
2.32795e-05    1.37945e-05    -4.03322e-06    5.13926e-13    -2.96706e-13    -2.80284e-05
2.28884e-05    1.35627e-05    -3.96545e-06    5.13926e-13    -2.96706e-13    -2.75575e-05
2.25643e-05    1.33707e-05    -3.90931e-06    5.13926e-13    -2.96706e-13    -2.71673e-05
2.22075e-05    1.31593e-05    -3.84749e-06    5.13926e-13    -2.96706e-13    -2.67377e-05
2.18699e-05    1.29592e-05    -3.789e-06    5.13926e-13    -2.96706e-13    -2.63313e-05
2.15715e-05    1.27824e-05    -3.73731e-06    5.13926e-13    -2.96706e-13    -2.5972e-05
2.121e-05    1.25682e-05    -3.67467e-06    5.13925e-13    -2.96706e-13    -2.55367e-05
2.08462e-05    1.23526e-05    -3.61164e-06    5.13925e-13    -2.96706e-13    -2.50987e-05
2.0488e-05    1.21404e-05    -3.54958e-06    5.13925e-13    -2.96706e-13    -2.46675e-05
2.01567e-05    1.19441e-05    -3.4922e-06    5.13925e-13    -2.96707e-13    -2.42686e-05
1.98568e-05    1.17664e-05    -3.44024e-06    5.13925e-13    -2.96707e-13    -2.39076e-05
1.95419e-05    1.15798e-05    -3.38567e-06    5.13925e-13    -2.96707e-13    -2.35283e-05
1.92337e-05    1.13972e-05    -3.33228e-06    5.13925e-13    -2.96707e-13    -2.31573e-05
1.89254e-05    1.12144e-05    -3.27886e-06    5.13925e-13    -2.96707e-13    -2.27861e-05
1.86315e-05    1.10403e-05    -3.22795e-06    5.13925e-13    -2.96707e-13    -2.24323e-05
1.83794e-05    1.08909e-05    -3.18427e-06    5.13925e-13    -2.96707e-13    -2.21287e-05
1.80911e-05    1.07201e-05    -3.13432e-06    5.13925e-13    -2.96707e-13    -2.17816e-05
1.78568e-05    1.05813e-05    -3.09373e-06    5.13925e-13    -2.96707e-13    -2.14995e-05
1.75654e-05    1.04085e-05    -3.04323e-06    5.13925e-13    -2.96707e-13    -2.11486e-05
1.72942e-05    1.02479e-05    -2.99625e-06    5.13925e-13    -2.96707e-13    -2.08221e-05
1.70006e-05    1.00739e-05    -2.94539e-06    5.13925e-13    -2.96708e-13    -2.04687e-05
1.67394e-05    9.91911e-06    -2.90013e-06    5.13925e-13    -2.96708e-13    -2.01542e-05
1.65155e-05    9.78645e-06    -2.86135e-06    5.13925e-13    -2.96708e-13    -1.98846e-05
1.62636e-05    9.6372e-06    -2.81771e-06    5.13925e-13    -2.96708e-13    -1.95814e-05
1.6014e-05    9.48927e-06    -2.77446e-06    5.13925e-13    -2.96708e-13    -1.92808e-05
1.58051e-05    9.3655e-06    -2.73827e-06    5.13925e-13    -2.96708e-13    -1.90293e-05
1.55383e-05    9.20736e-06    -2.69203e-06    5.13924e-13    -2.96708e-13    -1.8708e-05
1.53093e-05    9.0717e-06    -2.65237e-06    5.13924e-13    -2.96708e-13    -1.84323e-05
1.50637e-05    8.92614e-06    -2.60981e-06    5.13924e-13    -2.96708e-13    -1.81366e-05
