0.0418112    0.0247132    -0.00724488    5.21282e-13    -2.83713e-13    -0.0503475
0.0418112    0.0247132    -0.00724488    5.21282e-13    -2.83713e-13    -0.0503475
0.0418112    0.0247132    -0.00724488    5.21282e-13    -2.83713e-13    -0.0503475
0.0418112    0.0247132    -0.00724488    5.21282e-13    -2.83713e-13    -0.0503475
0.0418112    0.0247132    -0.00724488    5.21282e-13    -2.83713e-13    -0.0503475
0.0418112    0.0247132    -0.00724488    5.21282e-13    -2.83713e-13    -0.0503475
0.0418112    0.0247132    -0.00724488    5.21282e-13    -2.83713e-13    -0.0503475
0.0418112    0.0247132    -0.00724488    5.21282e-13    -2.83713e-13    -0.0503475
0.0418112    0.0247132    -0.00724488    5.21282e-13    -2.83713e-13    -0.0503475
0.0418112    0.0247132    -0.00724488    5.21282e-13    -2.83713e-13    -0.0503475
0.0418112    0.0247132    -0.00724488    5.21282e-13    -2.83713e-13    -0.0503475
0.0418112    0.0247132    -0.00724488    5.21282e-13    -2.83713e-13    -0.0503475
0.0418112    0.0247132    -0.00724488    5.21282e-13    -2.83713e-13    -0.0503475
0.0418112    0.0247132    -0.00724488    5.21282e-13    -2.83713e-13    -0.0503475
0.0418112    0.0247132    -0.00724488    5.21282e-13    -2.83713e-13    -0.0503475
0.0418112    0.0247132    -0.00724488    5.21282e-13    -2.83713e-13    -0.0503475
0.0418112    0.0247132    -0.00724488    5.21282e-13    -2.83713e-13    -0.0503475
0.0418112    0.0247132    -0.00724488    5.21282e-13    -2.83713e-13    -0.0503475
0.0418112    0.0247132    -0.00724488    5.21282e-13    -2.83713e-13    -0.0503475
0.0418112    0.0247132    -0.00724488    5.21282e-13    -2.83713e-13    -0.0503475
0.0418112    0.0247132    -0.00724488    5.21282e-13    -2.83713e-13    -0.0503475
0.0418112    0.0247132    -0.00724488    5.21282e-13    -2.83713e-13    -0.0503475
0.0418112    0.0247132    -0.00724488    5.21282e-13    -2.83713e-13    -0.0503475
0.0418112    0.0247132    -0.00724488    5.21282e-13    -2.83713e-13    -0.0503475
0.0418112    0.0247132    -0.00724488    5.21282e-13    -2.83713e-13    -0.0503475
0.0418112    0.0247132    -0.00724488    5.21282e-13    -2.83713e-13    -0.0503475
0.0418112    0.0247132    -0.00724488    5.21282e-13    -2.83713e-13    -0.0503475
0.0402306    0.0237845    -0.00697104    5.21008e-13    -2.84206e-13    -0.0484445
0.0386152    0.0228353    -0.00669115    5.20728e-13    -2.84711e-13    -0.0464995
0.0371541    0.021976    -0.006438    5.20473e-13    -2.85167e-13    -0.0447402
0.0357498    0.0211498    -0.00619468    5.20229e-13    -2.85605e-13    -0.0430492
0.0343987    0.0203545    -0.00596056    5.19993e-13    -2.86027e-13    -0.0414222
0.0330982    0.0195887    -0.00573521    5.19767e-13    -2.86432e-13    -0.0398562
0.0318472    0.0188518    -0.00551844    5.19548e-13    -2.86822e-13    -0.0383498
0.0306434    0.0181424    -0.00530983    5.19338e-13    -2.87197e-13    -0.0369001
0.0294839    0.0174589    -0.00510889    5.19135e-13    -2.87559e-13    -0.0355037
0.0283692    0.0168016    -0.00491573    5.1894e-13    -2.87906e-13    -0.0341614
0.0272965    0.0161689    -0.00472983    5.18752e-13    -2.8824e-13    -0.0328695
0.0262643    0.0155598    -0.00455095    5.18571e-13    -2.88561e-13    -0.0316264
0.0252712    0.0149737    -0.00437887    5.18397e-13    -2.8887e-13    -0.0304305
0.0243161    0.0144098    -0.00421334    5.18229e-13    -2.89168e-13    -0.0292802
0.0233961    0.0138665    -0.00405391    5.18067e-13    -2.89454e-13    -0.0281722
0.0224509    0.0133083    -0.0038901    5.17901e-13    -2.89748e-13    -0.0270339
0.021602    0.0128067    -0.00374298    5.17752e-13    -2.90012e-13    -0.0260115
0.0207856    0.0123242    -0.00360152    5.17608e-13    -2.90266e-13    -0.0250284
0.0200003    0.0118599    -0.00346542    5.1747e-13    -2.9051e-13    -0.0240826
0.0192438    0.0114126    -0.00333432    5.17336e-13    -2.90745e-13    -0.0231715
0.0185155    0.0109819    -0.00320811    5.17208e-13    -2.90972e-13    -0.0222944
0.0178159    0.010568    -0.00308687    5.17084e-13    -2.91189e-13    -0.0214518
0.0171414    0.010169    -0.00296999    5.16965e-13    -2.91399e-13    -0.0206396
0.0164934    0.00978545    -0.00285769    5.16851e-13    -2.916e-13    -0.0198592
0.0158701    0.00941651    -0.00274967    5.16741e-13    -2.91794e-13    -0.0191085
0.0152699    0.00906122    -0.00264567    5.16635e-13    -2.9198e-13    -0.0183858
0.0146925    0.00871932    -0.0025456    5.16533e-13    -2.92159e-13    -0.0176904
0.0141363    0.00838998    -0.00244924    5.16434e-13    -2.92332e-13    -0.0170207
0.0136019    0.00807345    -0.00235663    5.1634e-13    -2.92498e-13    -0.0163772
0.0130877    0.00776879    -0.00226751    5.16249e-13    -2.92658e-13    -0.0157578
0.0125925    0.00747541    -0.0021817    5.16161e-13    -2.92811e-13    -0.0151615
0.0121161    0.00719315    -0.00209917    5.16077e-13    -2.92959e-13    -0.0145879
0.011658    0.00692165    -0.00201978    5.15996e-13    -2.93101e-13    -0.0140363
0.0112173    0.0066604    -0.00194341    5.15918e-13    -2.93238e-13    -0.0135055
0.010793    0.00640888    -0.00186989    5.15842e-13    -2.9337e-13    -0.0129946
0.0103853    0.00616717    -0.00179925    5.1577e-13    -2.93496e-13    -0.0125037
0.00997086    0.00592145    -0.00172743    5.15696e-13    -2.93625e-13    -0.0120046
0.0095939    0.00569791    -0.00166212    5.1563e-13    -2.93741e-13    -0.0115507
0.00923125    0.00548282    -0.00159928    5.15565e-13    -2.93854e-13    -0.011114
0.00888209    0.00527572    -0.00153878    5.15503e-13    -2.93962e-13    -0.0106936
0.00854645    0.00507662    -0.00148063    5.15444e-13    -2.94066e-13    -0.0102895
0.00822358    0.00488507    -0.00142468    5.15386e-13    -2.94166e-13    -0.00990068
0.00791268    0.0047006    -0.00137081    5.15331e-13    -2.94263e-13    -0.00952633
0.00761369    0.00452319    -0.00131901    5.15278e-13    -2.94355e-13    -0.00916632
0.00732601    0.00435247    -0.00126917    5.15227e-13    -2.94445e-13    -0.00881993
0.00704903    0.00418808    -0.00122117    5.15178e-13    -2.9453e-13    -0.00848642
0.00678263    0.00402997    -0.00117502    5.1513e-13    -2.94613e-13    -0.00816567
0.00652637    0.00387786    -0.00113062    5.15085e-13    -2.94692e-13    -0.00785712
0.00627971    0.00373143    -0.00108788    5.15041e-13    -2.94769e-13    -0.00756013
0.00604223    0.00359045    -0.00104674    5.14999e-13    -2.94842e-13    -0.0072742
0.00581388    0.00345488    -0.00100718    5.14958e-13    -2.94913e-13    -0.00699926
0.00559407    0.00332437    -0.000969093    5.14919e-13    -2.94981e-13    -0.00673461
0.00538253    0.00319876    -0.000932443    5.14881e-13    -2.95047e-13    -0.00647991
0.00517917    0.003078    -0.000897212    5.14845e-13    -2.9511e-13    -0.00623508
0.00498337    0.00296172    -0.000863288    5.1481e-13    -2.9517e-13    -0.00599933
0.00479492    0.0028498    -0.00083064    5.14777e-13    -2.95229e-13    -0.00577244
0.0046137    0.00274217    -0.000799244    5.14744e-13    -2.95285e-13    -0.00555426
0.00443934    0.00263861    -0.000769036    5.14713e-13    -2.95339e-13    -0.00534433
0.00427156    0.00253895    -0.00073997    5.14683e-13    -2.95391e-13    -0.00514234
0.00411008    0.00244303    -0.000711993    5.14655e-13    -2.95441e-13    -0.00494792
0.00395474    0.00235075    -0.000685082    5.14627e-13    -2.95489e-13    -0.0047609
0.0038053    0.00226197    -0.000659192    5.146e-13    -2.95535e-13    -0.00458098
0.00366131    0.00217643    -0.000634248    5.14575e-13    -2.9558e-13    -0.00440764
0.00352296    0.00209423    -0.00061028    5.1455e-13    -2.95623e-13    -0.00424107
0.00338981    0.00201512    -0.000587212    5.14526e-13    -2.95664e-13    -0.00408077
0.00326161    0.00193895    -0.000565002    5.14504e-13    -2.95704e-13    -0.00392642
0.00313823    0.00186564    -0.000543629    5.14482e-13    -2.95742e-13    -0.00377789
0.00300922    0.00178898    -0.000521279    5.14459e-13    -2.95782e-13    -0.00362257
0.0028955    0.0017214    -0.000501578    5.14438e-13    -2.95817e-13    -0.00348566
0.00278602    0.00165635    -0.000482613    5.14419e-13    -2.95851e-13    -0.00335387
0.0026807    0.00159375    -0.000464367    5.144e-13    -2.95883e-13    -0.00322707
0.00257926    0.00153347    -0.000446795    5.14382e-13    -2.95915e-13    -0.00310495
0.00248173    0.00147551    -0.000429899    5.14365e-13    -2.95945e-13    -0.00298754
0.00238796    0.00141977    -0.000413654    5.14348e-13    -2.95974e-13    -0.00287464
0.00229767    0.00136611    -0.000398013    5.14332e-13    -2.96002e-13    -0.00276595
0.00221074    0.00131444    -0.000382954    5.14316e-13    -2.96029e-13    -0.0026613
0.00212717    0.00126477    -0.000368477    5.14301e-13    -2.96055e-13    -0.00256069
0.00204666    0.00121692    -0.00035453    5.14287e-13    -2.9608e-13    -0.00246377
0.00196922    0.00117089    -0.000341115    5.14273e-13    -2.96104e-13    -0.00237054
0.00189476    0.00112662    -0.000328216    5.1426e-13    -2.96127e-13    -0.0022809
0.00182316    0.00108406    -0.000315813    5.14247e-13    -2.96149e-13    -0.00219471
0.00175422    0.00104308    -0.000303871    5.14235e-13    -2.9617e-13    -0.00211172
0.00168791    0.00100367    -0.000292385    5.14223e-13    -2.96191e-13    -0.0020319
0.00162412    0.00096574    -0.000281333    5.14212e-13    -2.9621e-13    -0.00195509
0.00156268    0.000929217    -0.000270691    5.14201e-13    -2.96229e-13    -0.00188114
0.00150359    0.000894089    -0.000260455    5.1419e-13    -2.96248e-13    -0.00181
0.00144675    0.000860297    -0.000250609    5.1418e-13    -2.96265e-13    -0.00174158
0.00139206    0.000827785    -0.000241135    5.1417e-13    -2.96282e-13    -0.00167574
0.00133937    0.000796455    -0.000232007    5.14161e-13    -2.96298e-13    -0.00161231
0.00128877    0.000766373    -0.000223242    5.14152e-13    -2.96314e-13    -0.0015514
0.00123998    0.000737365    -0.00021479    5.14143e-13    -2.96329e-13    -0.00149266
0.00119308    0.000709484    -0.000206667    5.14135e-13    -2.96344e-13    -0.00143621
0.001148    0.00068268    -0.000198857    5.14127e-13    -2.96358e-13    -0.00138194
0.00110456    0.00065685    -0.000191332    5.14119e-13    -2.96371e-13    -0.00132964
0.0010628    0.000632019    -0.000184098    5.14111e-13    -2.96384e-13    -0.00127937
0.00102263    0.000608138    -0.00017714    5.14104e-13    -2.96396e-13    -0.00123102
0.000983933    0.000585128    -0.000170437    5.14097e-13    -2.96408e-13    -0.00118443
0.00094673    0.000563007    -0.000163992    5.14091e-13    -2.9642e-13    -0.00113965
0.000910881    0.000541691    -0.000157782    5.14084e-13    -2.96431e-13    -0.00109649
0.000876374    0.000521173    -0.000151805    5.14078e-13    -2.96442e-13    -0.00105495
0.000843234    0.000501467    -0.000146064    5.14072e-13    -2.96452e-13    -0.00101506
0.000811372    0.000482521    -0.000140545    5.14067e-13    -2.96462e-13    -0.000976704
0.000780682    0.000464272    -0.000135229    5.14061e-13    -2.96471e-13    -0.00093976
0.000751157    0.000446716    -0.000130115    5.14056e-13    -2.9648e-13    -0.000904218
0.00072276    0.00042983    -0.000125196    5.14051e-13    -2.96489e-13    -0.000870034
0.000695421    0.000413573    -0.00012046    5.14046e-13    -2.96498e-13    -0.000837124
0.000669136    0.000397943    -0.000115907    5.14041e-13    -2.96506e-13    -0.000805483
0.000643851    0.000382907    -0.000111527    5.14037e-13    -2.96514e-13    -0.000775045
0.000619494    0.000368423    -0.000107308    5.14032e-13    -2.96521e-13    -0.000745724
0.00059606    0.000354488    -0.000103249    5.14028e-13    -2.96528e-13    -0.000717515
0.000573531    0.00034109    -9.93461e-05    5.14024e-13    -2.96535e-13    -0.000690395
0.000551842    0.000328192    -9.55891e-05    5.1402e-13    -2.96542e-13    -0.000664286
0.000530972    0.000315781    -9.1974e-05    5.14016e-13    -2.96549e-13    -0.000639163
0.000510912    0.000303852    -8.84992e-05    5.14013e-13    -2.96555e-13    -0.000615016
0.000490142    0.000291501    -8.49014e-05    5.14009e-13    -2.96561e-13    -0.000590013
0.000471607    0.000280478    -8.16908e-05    5.14006e-13    -2.96567e-13    -0.000567701
0.000453779    0.000269876    -7.86027e-05    5.14003e-13    -2.96572e-13    -0.000546241
0.000436616    0.00025967    -7.56298e-05    5.14e-13    -2.96578e-13    -0.000525581
0.000420115    0.000249857    -7.27714e-05    5.13997e-13    -2.96583e-13    -0.000505717
0.000404238    0.000240414    -7.00211e-05    5.13994e-13    -2.96588e-13    -0.000486604
0.000388947    0.000231321    -6.73725e-05    5.13991e-13    -2.96593e-13    -0.000468198
0.000374242    0.000222576    -6.48253e-05    5.13989e-13    -2.96597e-13    -0.000450497
0.000360086    0.000214157    -6.23733e-05    5.13986e-13    -2.96601e-13    -0.000433456
0.000346465    0.000206057    -6.00137e-05    5.13984e-13    -2.96606e-13    -0.000417059
0.000333372    0.00019827    -5.77458e-05    5.13981e-13    -2.9661e-13    -0.000401298
0.000320772    0.000190777    -5.55633e-05    5.13979e-13    -2.96614e-13    -0.000386131
0.000308632    0.000183557    -5.34604e-05    5.13977e-13    -2.96617e-13    -0.000371517
0.000296952    0.000176611    -5.14372e-05    5.13975e-13    -2.96621e-13    -0.000357458
0.000285726    0.000169935    -4.94928e-05    5.13973e-13    -2.96624e-13    -0.000343945
0.000274898    0.000163495    -4.76171e-05    5.13971e-13    -2.96628e-13    -0.00033091
0.000264507    0.000157315    -4.58171e-05    5.13969e-13    -2.96631e-13    -0.000318401
0.000254511    0.00015137    -4.40857e-05    5.13967e-13    -2.96634e-13    -0.000306369
0.00024489    0.000145648    -4.24191e-05    5.13965e-13    -2.96637e-13    -0.000294787
0.000235634    0.000140143    -4.08158e-05    5.13964e-13    -2.9664e-13    -0.000283645
0.000226728    0.000134847    -3.92732e-05    5.13962e-13    -2.96643e-13    -0.000272925
0.00021815    0.000129745    -3.77873e-05    5.13961e-13    -2.96645e-13    -0.000262599
0.000209905    0.000124841    -3.6359e-05    5.13959e-13    -2.96648e-13    -0.000252673
0.00020197    0.000120122    -3.49846e-05    5.13958e-13    -2.9665e-13    -0.000243122
0.000194336    0.000115582    -3.36623e-05    5.13956e-13    -2.96653e-13    -0.000233932
0.000186989    0.000111213    -3.23896e-05    5.13955e-13    -2.96655e-13    -0.000225088
0.000179919    0.000107008    -3.1165e-05    5.13954e-13    -2.96657e-13    -0.000216578
0.000173117    0.000102962    -2.99867e-05    5.13953e-13    -2.96659e-13    -0.000208389
0.000166564    9.90653e-05    -2.88517e-05    5.13951e-13    -2.96661e-13    -0.000200502
0.000160267    9.53198e-05    -2.77609e-05    5.1395e-13    -2.96663e-13    -0.000192921
0.000154207    9.17156e-05    -2.67112e-05    5.13949e-13    -2.96665e-13    -0.000185626
0.000148373    8.82459e-05    -2.57006e-05    5.13948e-13    -2.96667e-13    -0.000178604
0.00014276    8.4908e-05    -2.47285e-05    5.13947e-13    -2.96669e-13    -0.000171848
0.00013736    8.16965e-05    -2.37931e-05    5.13946e-13    -2.9667e-13    -0.000165348
0.000132162    7.86047e-05    -2.28927e-05    5.13945e-13    -2.96672e-13    -0.00015909
0.000127163    7.56316e-05    -2.20268e-05    5.13944e-13    -2.96673e-13    -0.000153073
0.000122359    7.27743e-05    -2.11946e-05    5.13944e-13    -2.96675e-13    -0.00014729
0.000117729    7.0021e-05    -2.03927e-05    5.13943e-13    -2.96676e-13    -0.000141717
0.000113278    6.73736e-05    -1.96217e-05    5.13942e-13    -2.96678e-13    -0.000136359
0.000108998    6.48276e-05    -1.88802e-05    5.13941e-13    -2.96679e-13    -0.000131206
0.000104876    6.23761e-05    -1.81662e-05    5.1394e-13    -2.9668e-13    -0.000126244
0.000100908    6.00165e-05    -1.7479e-05    5.1394e-13    -2.96682e-13    -0.000121468
9.70958e-05    5.7749e-05    -1.68186e-05    5.13939e-13    -2.96683e-13    -0.000116879
9.34217e-05    5.55639e-05    -1.61822e-05    5.13938e-13    -2.96684e-13    -0.000112456
8.98881e-05    5.34622e-05    -1.55701e-05    5.13938e-13    -2.96685e-13    -0.000108203
8.64914e-05    5.1442e-05    -1.49817e-05    5.13937e-13    -2.96686e-13    -0.000104114
8.32203e-05    4.94965e-05    -1.44151e-05    5.13937e-13    -2.96687e-13    -0.000100176
8.00737e-05    4.7625e-05    -1.38701e-05    5.13936e-13    -2.96688e-13    -9.63886e-05
7.70467e-05    4.58247e-05    -1.33458e-05    5.13935e-13    -2.96689e-13    -9.27449e-05
7.41317e-05    4.4091e-05    -1.28408e-05    5.13935e-13    -2.9669e-13    -8.92359e-05
7.13285e-05    4.24237e-05    -1.23553e-05    5.13934e-13    -2.96691e-13    -8.58616e-05
6.86318e-05    4.08199e-05    -1.18882e-05    5.13934e-13    -2.96692e-13    -8.26155e-05
6.60342e-05    3.92749e-05    -1.14382e-05    5.13933e-13    -2.96692e-13    -7.94886e-05
6.35367e-05    3.77895e-05    -1.10056e-05    5.13933e-13    -2.96693e-13    -7.64823e-05
6.11341e-05    3.63605e-05    -1.05894e-05    5.13933e-13    -2.96694e-13    -7.35902e-05
5.88219e-05    3.49853e-05    -1.01889e-05    5.13932e-13    -2.96695e-13    -7.08068e-05
5.65967e-05    3.36618e-05    -9.80347e-06    5.13932e-13    -2.96695e-13    -6.81282e-05
5.44569e-05    3.23892e-05    -9.43282e-06    5.13931e-13    -2.96696e-13    -6.55524e-05
5.23964e-05    3.11637e-05    -9.07592e-06    5.13931e-13    -2.96697e-13    -6.30721e-05
5.04145e-05    2.99849e-05    -8.73261e-06    5.13931e-13    -2.96697e-13    -6.06863e-05
4.85094e-05    2.88518e-05    -8.40262e-06    5.1393e-13    -2.96698e-13    -5.83931e-05
4.66753e-05    2.77609e-05    -8.08492e-06    5.1393e-13    -2.96698e-13    -5.61853e-05
4.49111e-05    2.67117e-05    -7.77934e-06    5.1393e-13    -2.96699e-13    -5.40617e-05
4.32134e-05    2.5702e-05    -7.48527e-06    5.13929e-13    -2.96699e-13    -5.20181e-05
4.15794e-05    2.47301e-05    -7.20224e-06    5.13929e-13    -2.967e-13    -5.00512e-05
4.0008e-05    2.37955e-05    -6.93004e-06    5.13929e-13    -2.967e-13    -4.81595e-05
3.84964e-05    2.28965e-05    -6.66821e-06    5.13929e-13    -2.96701e-13    -4.634e-05
3.70406e-05    2.20306e-05    -6.41604e-06    5.13928e-13    -2.96701e-13    -4.45876e-05
3.56392e-05    2.11971e-05    -6.17328e-06    5.13928e-13    -2.96702e-13    -4.29006e-05
3.42921e-05    2.03959e-05    -5.93994e-06    5.13928e-13    -2.96702e-13    -4.1279e-05
3.2907e-05    1.95721e-05    -5.70003e-06    5.13928e-13    -2.96703e-13    -3.96117e-05
3.16629e-05    1.88321e-05    -5.48454e-06    5.13927e-13    -2.96703e-13    -3.81142e-05
3.04655e-05    1.81199e-05    -5.27711e-06    5.13927e-13    -2.96703e-13    -3.66727e-05
2.93132e-05    1.74346e-05    -5.07753e-06    5.13927e-13    -2.96704e-13    -3.52858e-05
2.82047e-05    1.67753e-05    -4.88552e-06    5.13927e-13    -2.96704e-13    -3.39514e-05
2.71388e-05    1.61413e-05    -4.70088e-06    5.13927e-13    -2.96704e-13    -3.26683e-05
2.61128e-05    1.55311e-05    -4.52316e-06    5.13926e-13    -2.96705e-13    -3.14332e-05
2.51256e-05    1.49439e-05    -4.35216e-06    5.13926e-13    -2.96705e-13    -3.02449e-05
2.4176e-05    1.43792e-05    -4.18768e-06    5.13926e-13    -2.96705e-13    -2.91018e-05
2.32619e-05    1.38355e-05    -4.02934e-06    5.13926e-13    -2.96706e-13    -2.80014e-05
2.23829e-05    1.33127e-05    -3.87709e-06    5.13926e-13    -2.96706e-13    -2.69434e-05
2.15372e-05    1.28097e-05    -3.73059e-06    5.13926e-13    -2.96706e-13    -2.59253e-05
2.07228e-05    1.23253e-05    -3.58952e-06    5.13925e-13    -2.96706e-13    -2.4945e-05
1.9939e-05    1.18591e-05    -3.45376e-06    5.13925e-13    -2.96707e-13    -2.40015e-05
1.91854e-05    1.14109e-05    -3.32323e-06    5.13925e-13    -2.96707e-13    -2.30944e-05
1.84596e-05    1.09792e-05    -3.1975e-06    5.13925e-13    -2.96707e-13    -2.22207e-05
1.77617e-05    1.05641e-05    -3.07661e-06    5.13925e-13    -2.96707e-13    -2.13806e-05
1.70905e-05    1.01649e-05    -2.96035e-06    5.13925e-13    -2.96708e-13    -2.05726e-05
1.64437e-05    9.78025e-06    -2.84832e-06    5.13925e-13    -2.96708e-13    -1.97941e-05
1.58221e-05    9.4105e-06    -2.74064e-06    5.13925e-13    -2.96708e-13    -1.90458e-05
1.52243e-05    9.05499e-06    -2.6371e-06    5.13924e-13    -2.96708e-13    -1.83262e-05
1.46478e-05    8.71206e-06    -2.53723e-06    5.13924e-13    -2.96708e-13    -1.76322e-05
1.40941e-05    8.38274e-06    -2.44132e-06    5.13924e-13    -2.96708e-13    -1.69657e-05
1.35614e-05    8.06593e-06    -2.34906e-06    5.13924e-13    -2.96709e-13    -1.63245e-05
1.30479e-05    7.76053e-06    -2.26011e-06    5.13924e-13    -2.96709e-13    -1.57064e-05
1.25547e-05    7.46718e-06    -2.17468e-06    5.13924e-13    -2.96709e-13    -1.51127e-05
1.20802e-05    7.18497e-06    -2.09249e-06    5.13924e-13    -2.96709e-13    -1.45416e-05
1.16233e-05    6.91318e-06    -2.01334e-06    5.13924e-13    -2.96709e-13    -1.39915e-05
1.11841e-05    6.65198e-06    -1.93727e-06    5.13924e-13    -2.96709e-13    -1.34628e-05
1.07615e-05    6.40064e-06    -1.86407e-06    5.13924e-13    -2.96709e-13    -1.29541e-05
1.03543e-05    6.15844e-06    -1.79353e-06    5.13924e-13    -2.9671e-13    -1.2464e-05
9.96285e-06    5.92562e-06    -1.72573e-06    5.13923e-13    -2.9671e-13    -1.19928e-05
9.58621e-06    5.7016e-06    -1.66049e-06    5.13923e-13    -2.9671e-13    -1.15394e-05
9.22375e-06    5.48602e-06    -1.5977e-06    5.13923e-13    -2.9671e-13    -1.11031e-05
8.87485e-06    5.2785e-06    -1.53727e-06    5.13923e-13    -2.9671e-13    -1.06831e-05
8.53953e-06    5.07907e-06    -1.47919e-06    5.13923e-13    -2.9671e-13    -1.02794e-05
8.21664e-06    4.88702e-06    -1.42325e-06    5.13923e-13    -2.9671e-13    -9.89076e-06
7.90611e-06    4.70233e-06    -1.36947e-06    5.13923e-13    -2.9671e-13    -9.51695e-06
7.60728e-06    4.52459e-06    -1.3177e-06    5.13923e-13    -2.9671e-13    -9.15724e-06
7.31966e-06    4.35353e-06    -1.26788e-06    5.13923e-13    -2.96711e-13    -8.81102e-06
7.04284e-06    4.18888e-06    -1.21993e-06    5.13923e-13    -2.96711e-13    -8.4778e-06
6.77668e-06    4.03058e-06    -1.17383e-06    5.13923e-13    -2.96711e-13    -8.15741e-06
6.52052e-06    3.87822e-06    -1.12946e-06    5.13923e-13    -2.96711e-13    -7.84906e-06
6.274e-06    3.7316e-06    -1.08676e-06    5.13923e-13    -2.96711e-13    -7.55232e-06
6.03673e-06    3.59047e-06    -1.04566e-06    5.13923e-13    -2.96711e-13    -7.2667e-06
5.80838e-06    3.45466e-06    -1.0061e-06    5.13923e-13    -2.96711e-13    -6.99182e-06
5.5886e-06    3.32394e-06    -9.68036e-07    5.13923e-13    -2.96711e-13    -6.72726e-06
5.37734e-06    3.19829e-06    -9.31443e-07    5.13923e-13    -2.96711e-13    -6.47296e-06
5.1739e-06    3.07729e-06    -8.96204e-07    5.13923e-13    -2.96711e-13    -6.22807e-06
4.97838e-06    2.961e-06    -8.62336e-07    5.13923e-13    -2.96711e-13    -5.99271e-06
4.79018e-06    2.84906e-06    -8.29737e-07    5.13923e-13    -2.96711e-13    -5.76617e-06
4.60908e-06    2.74135e-06    -7.98368e-07    5.13923e-13    -2.96711e-13    -5.54817e-06
4.4349e-06    2.63775e-06    -7.68197e-07    5.13922e-13    -2.96711e-13    -5.3385e-06
4.26669e-06    2.53771e-06    -7.3906e-07    5.13922e-13    -2.96712e-13    -5.13602e-06
4.10543e-06    2.44179e-06    -7.11127e-07    5.13922e-13    -2.96712e-13    -4.9419e-06
3.9503e-06    2.34953e-06    -6.84255e-07    5.13922e-13    -2.96712e-13    -4.75516e-06
3.80088e-06    2.26065e-06    -6.58373e-07    5.13922e-13    -2.96712e-13    -4.57529e-06
3.6572e-06    2.1752e-06    -6.33487e-07    5.13922e-13    -2.96712e-13    -4.40235e-06
3.51896e-06    2.09298e-06    -6.0954e-07    5.13922e-13    -2.96712e-13    -4.23593e-06
3.38595e-06    2.01387e-06    -5.86502e-07    5.13922e-13    -2.96712e-13    -4.07583e-06
3.25793e-06    1.93773e-06    -5.64326e-07    5.13922e-13    -2.96712e-13    -3.92172e-06
3.13483e-06    1.86451e-06    -5.43004e-07    5.13922e-13    -2.96712e-13    -3.77355e-06
3.01639e-06    1.79406e-06    -5.22488e-07    5.13922e-13    -2.96712e-13    -3.63097e-06
2.90231e-06    1.72621e-06    -5.02726e-07    5.13922e-13    -2.96712e-13    -3.49364e-06
2.7926e-06    1.66096e-06    -4.83723e-07    5.13922e-13    -2.96712e-13    -3.36158e-06
2.68709e-06    1.59821e-06    -4.65448e-07    5.13922e-13    -2.96712e-13    -3.23458e-06
2.5854e-06    1.53773e-06    -4.47834e-07    5.13922e-13    -2.96712e-13    -3.11217e-06
2.48767e-06    1.47959e-06    -4.30904e-07    5.13922e-13    -2.96712e-13    -2.99452e-06
2.39363e-06    1.42367e-06    -4.14616e-07    5.13922e-13    -2.96712e-13    -2.88133e-06
2.30296e-06    1.36974e-06    -3.98911e-07    5.13922e-13    -2.96712e-13    -2.77219e-06
2.21593e-06    1.31797e-06    -3.83835e-07    5.13922e-13    -2.96712e-13    -2.66742e-06
