0.0418112    0.0247132    -0.00724488    5.21282e-13    -2.83713e-13    -0.0503475
0.0418112    0.0247132    -0.00724488    5.21282e-13    -2.83713e-13    -0.0503475
0.0418112    0.0247132    -0.00724488    5.21282e-13    -2.83713e-13    -0.0503475
0.0418112    0.0247132    -0.00724488    5.21282e-13    -2.83713e-13    -0.0503475
0.0418112    0.0247132    -0.00724488    5.21282e-13    -2.83713e-13    -0.0503475
0.0418112    0.0247132    -0.00724488    5.21282e-13    -2.83713e-13    -0.0503475
0.0418112    0.0247132    -0.00724488    5.21282e-13    -2.83713e-13    -0.0503475
0.0418112    0.0247132    -0.00724488    5.21282e-13    -2.83713e-13    -0.0503475
0.0418112    0.0247132    -0.00724488    5.21282e-13    -2.83713e-13    -0.0503475
0.0418112    0.0247132    -0.00724488    5.21282e-13    -2.83713e-13    -0.0503475
0.0418112    0.0247132    -0.00724488    5.21282e-13    -2.83713e-13    -0.0503475
0.0418112    0.0247132    -0.00724488    5.21282e-13    -2.83713e-13    -0.0503475
0.0418112    0.0247132    -0.00724488    5.21282e-13    -2.83713e-13    -0.0503475
0.0418112    0.0247132    -0.00724488    5.21282e-13    -2.83713e-13    -0.0503475
0.0418112    0.0247132    -0.00724488    5.21282e-13    -2.83713e-13    -0.0503475
0.0418112    0.0247132    -0.00724488    5.21282e-13    -2.83713e-13    -0.0503475
0.0418112    0.0247132    -0.00724488    5.21282e-13    -2.83713e-13    -0.0503475
0.0418112    0.0247132    -0.00724488    5.21282e-13    -2.83713e-13    -0.0503475
0.0418112    0.0247132    -0.00724488    5.21282e-13    -2.83713e-13    -0.0503475
0.0418112    0.0247132    -0.00724488    5.21282e-13    -2.83713e-13    -0.0503475
0.0418112    0.0247132    -0.00724488    5.21282e-13    -2.83713e-13    -0.0503475
0.0418112    0.0247132    -0.00724488    5.21282e-13    -2.83713e-13    -0.0503475
0.0418112    0.0247132    -0.00724488    5.21282e-13    -2.83713e-13    -0.0503475
0.0418112    0.0247132    -0.00724488    5.21282e-13    -2.83713e-13    -0.0503475
0.0418112    0.0247132    -0.00724488    5.21282e-13    -2.83713e-13    -0.0503475
0.0418112    0.0247132    -0.00724488    5.21282e-13    -2.83713e-13    -0.0503475
0.0418112    0.0247132    -0.00724488    5.21282e-13    -2.83713e-13    -0.0503475
0.0418112    0.0247132    -0.00724488    5.21282e-13    -2.83713e-13    -0.0503475
0.0418112    0.0247132    -0.00724488    5.21282e-13    -2.83713e-13    -0.0503475
0.0418112    0.0247132    -0.00724488    5.21282e-13    -2.83713e-13    -0.0503475
0.0418112    0.0247132    -0.00724488    5.21282e-13    -2.83713e-13    -0.0503475
0.0418112    0.0247132    -0.00724488    5.21282e-13    -2.83713e-13    -0.0503475
0.0418112    0.0247132    -0.00724488    5.21282e-13    -2.83713e-13    -0.0503475
0.0418112    0.0247132    -0.00724488    5.21282e-13    -2.83713e-13    -0.0503475
0.0418112    0.0247132    -0.00724488    5.21282e-13    -2.83713e-13    -0.0503475
0.0418112    0.0247132    -0.00724488    5.21282e-13    -2.83713e-13    -0.0503475
0.0418112    0.0247132    -0.00724488    5.21282e-13    -2.83713e-13    -0.0503475
0.0418112    0.0247132    -0.00724488    5.21282e-13    -2.83713e-13    -0.0503475
0.0418112    0.0247132    -0.00724488    5.21282e-13    -2.83713e-13    -0.0503475
0.0418112    0.0247132    -0.00724488    5.21282e-13    -2.83713e-13    -0.0503475
0.0418112    0.0247132    -0.00724488    5.21282e-13    -2.83713e-13    -0.0503475
0.0418112    0.0247132    -0.00724488    5.21282e-13    -2.83713e-13    -0.0503475
0.0418112    0.0247132    -0.00724488    5.21282e-13    -2.83713e-13    -0.0503475
0.0405447    0.0239682    -0.00702545    5.21063e-13    -2.84108e-13    -0.0488226
0.0393151    0.0232447    -0.00681242    5.20849e-13    -2.84492e-13    -0.0473422
0.0381217    0.0225423    -0.00660565    5.20642e-13    -2.84865e-13    -0.0459052
0.036967    0.0218624    -0.00640556    5.20441e-13    -2.85225e-13    -0.0445147
0.0358467    0.0212027    -0.00621145    5.20246e-13    -2.85575e-13    -0.0431658
0.0347611    0.0205632    -0.00602334    5.20057e-13    -2.85913e-13    -0.0418585
0.0337073    0.0199422    -0.00584073    5.19873e-13    -2.86242e-13    -0.0405895
0.0326857    0.0193401    -0.00566371    5.19695e-13    -2.86561e-13    -0.0393593
0.0316957    0.0187565    -0.00549216    5.19522e-13    -2.86869e-13    -0.0381672
0.0307351    0.0181902    -0.00532571    5.19354e-13    -2.87169e-13    -0.0370104
0.0298043    0.0176412    -0.0051644    5.19191e-13    -2.87459e-13    -0.0358895
0.0289006    0.0171081    -0.0050078    5.19033e-13    -2.8774e-13    -0.0348012
0.0280253    0.0165917    -0.00485613    5.1888e-13    -2.88013e-13    -0.0337472
0.027177    0.016091    -0.00470912    5.18731e-13    -2.88277e-13    -0.0327256
0.026353    0.0156047    -0.00456633    5.18586e-13    -2.88534e-13    -0.0317332
0.0255537    0.0151328    -0.00442783    5.18446e-13    -2.88783e-13    -0.0307707
0.0247795    0.0146756    -0.00429365    5.1831e-13    -2.89024e-13    -0.0298383
0.0240292    0.0142325    -0.00416363    5.18178e-13    -2.89257e-13    -0.0289347
0.0233008    0.0138023    -0.00403741    5.1805e-13    -2.89484e-13    -0.0280576
0.0225947    0.0133851    -0.00391504    5.17926e-13    -2.89703e-13    -0.0272072
0.0218507    0.0129456    -0.00378611    5.17795e-13    -2.89935e-13    -0.0263111
0.021188    0.012554    -0.00367128    5.17679e-13    -2.90141e-13    -0.0255131
0.0205448    0.0121738    -0.00355981    5.17566e-13    -2.90341e-13    -0.0247385
0.0199225    0.011806    -0.00345198    5.17456e-13    -2.90534e-13    -0.0239891
0.0193189    0.0114491    -0.00334737    5.1735e-13    -2.90722e-13    -0.0232622
0.0187332    0.0111027    -0.00324588    5.17246e-13    -2.90904e-13    -0.0225569
0.0181649    0.0107666    -0.00314739    5.17146e-13    -2.91081e-13    -0.0218724
0.0176138    0.0104407    -0.0030519    5.17049e-13    -2.91252e-13    -0.0212088
0.0170806    0.0101252    -0.00295949    5.16955e-13    -2.91418e-13    -0.0205667
0.0165617    0.00981825    -0.00286957    5.16863e-13    -2.91579e-13    -0.0199418
0.0160593    0.00952097    -0.00278251    5.16774e-13    -2.91735e-13    -0.0193367
0.0155726    0.00923298    -0.00269818    5.16688e-13    -2.91886e-13    -0.0187507
0.0151009    0.00895379    -0.00261643    5.16605e-13    -2.92032e-13    -0.0181826
0.0146435    0.00868307    -0.00253717    5.16524e-13    -2.92174e-13    -0.0176318
0.0141998    0.00842039    -0.00246028    5.16446e-13    -2.92312e-13    -0.0170975
0.0137691    0.00816539    -0.00238564    5.16369e-13    -2.92446e-13    -0.0165788
0.0133503    0.00791747    -0.00231308    5.16295e-13    -2.92576e-13    -0.0160745
0.0129459    0.00767798    -0.002243    5.16224e-13    -2.92701e-13    -0.0155875
0.0125537    0.00744573    -0.00217504    5.16154e-13    -2.92823e-13    -0.0151152
0.0121735    0.00722054    -0.00210915    5.16087e-13    -2.92941e-13    -0.0146573
0.0118048    0.00700215    -0.00204526    5.16022e-13    -2.93056e-13    -0.0142133
0.0114471    0.00679026    -0.00198328    5.15958e-13    -2.93167e-13    -0.0137826
0.0111002    0.00658478    -0.00192318    5.15897e-13    -2.93274e-13    -0.0133649
0.0107641    0.00638567    -0.00186494    5.15837e-13    -2.93378e-13    -0.0129602
0.0104381    0.0061925    -0.00180845    5.15779e-13    -2.9348e-13    -0.0125676
0.0101219    0.00600513    -0.00175366    5.15723e-13    -2.93578e-13    -0.0121869
0.00981525    0.00582342    -0.00170053    5.15669e-13    -2.93673e-13    -0.0118176
0.00951698    0.00564666    -0.00164885    5.15616e-13    -2.93765e-13    -0.0114585
0.0092286    0.00547574    -0.00159888    5.15565e-13    -2.93855e-13    -0.0111112
0.00894915    0.00531011    -0.00155046    5.15515e-13    -2.93941e-13    -0.0107747
0.00867815    0.00514948    -0.0015035    5.15467e-13    -2.94025e-13    -0.0104484
0.00839002    0.00497869    -0.00145357    5.15416e-13    -2.94115e-13    -0.0101015
0.00813583    0.004828    -0.00140953    5.15371e-13    -2.94193e-13    -0.00979539
0.00788939    0.00468189    -0.00136683    5.15327e-13    -2.9427e-13    -0.00949865
0.00764863    0.00453915    -0.00132512    5.15284e-13    -2.94344e-13    -0.00920875
0.00741688    0.00440174    -0.00128496    5.15243e-13    -2.94416e-13    -0.0089297
0.00719225    0.00426854    -0.00124604    5.15203e-13    -2.94486e-13    -0.00865923
0.0069741    0.00413918    -0.00120824    5.15164e-13    -2.94553e-13    -0.00839656
0.00676274    0.00401384    -0.00117162    5.15127e-13    -2.94619e-13    -0.00814207
0.00655788    0.00389234    -0.00113613    5.1509e-13    -2.94682e-13    -0.0078954
0.00635912    0.00377446    -0.00110169    5.15055e-13    -2.94744e-13    -0.00765609
0.00616646    0.00366019    -0.00106831    5.15021e-13    -2.94804e-13    -0.00742411
0.0059796    0.00354936    -0.00103594    5.14988e-13    -2.94862e-13    -0.00719912
0.00579786    0.00344156    -0.00100445    5.14955e-13    -2.94918e-13    -0.0069803
0.00562209    0.00333729    -0.000973993    5.14924e-13    -2.94972e-13    -0.00676866
0.00545182    0.00323629    -0.000944493    5.14894e-13    -2.95025e-13    -0.00656365
0.00528614    0.003138    -0.000915788    5.14864e-13    -2.95076e-13    -0.00636417
0.0051258    0.00304287    -0.000888008    5.14836e-13    -2.95126e-13    -0.00617111
0.00497053    0.00295075    -0.000861106    5.14808e-13    -2.95174e-13    -0.00598416
0.00481956    0.00286118    -0.00083495    5.14781e-13    -2.95221e-13    -0.0058024
0.00467323    0.00277436    -0.000809598    5.14755e-13    -2.95266e-13    -0.00562621
0.0045317    0.00269039    -0.000785078    5.1473e-13    -2.9531e-13    -0.00545582
0.00439427    0.00260884    -0.000761268    5.14705e-13    -2.95353e-13    -0.00529035
0.00426113    0.00252984    -0.000738201    5.14682e-13    -2.95394e-13    -0.00513005
0.00413203    0.00245323    -0.000715833    5.14659e-13    -2.95434e-13    -0.00497461
0.00400676    0.00237889    -0.000694131    5.14636e-13    -2.95473e-13    -0.00482379
0.00388539    0.00230686    -0.000673103    5.14615e-13    -2.9551e-13    -0.00467766
0.00376764    0.00223698    -0.000652704    5.14594e-13    -2.95547e-13    -0.00453589
0.00365325    0.0021691    -0.000632885    5.14573e-13    -2.95582e-13    -0.00439817
0.00354246    0.00210334    -0.000613691    5.14554e-13    -2.95616e-13    -0.00426478
0.00343504    0.00203959    -0.00059508    5.14534e-13    -2.9565e-13    -0.00413545
0.00333087    0.00197776    -0.000577033    5.14516e-13    -2.95682e-13    -0.00401003
0.00322997    0.00191787    -0.000559553    5.14498e-13    -2.95713e-13    -0.00388855
0.00313213    0.0018598    -0.000542602    5.1448e-13    -2.95744e-13    -0.00377075
0.00303721    0.00180346    -0.000526158    5.14464e-13    -2.95773e-13    -0.00365648
0.0029452    0.00174884    -0.000510217    5.14447e-13    -2.95801e-13    -0.0035457
0.00285593    0.00169586    -0.000494753    5.14431e-13    -2.95829e-13    -0.00343823
0.00276938    0.00164448    -0.000479758    5.14416e-13    -2.95856e-13    -0.00333403
0.00268548    0.00159468    -0.000465223    5.14401e-13    -2.95882e-13    -0.00323302
0.00260413    0.00154638    -0.000451128    5.14386e-13    -2.95907e-13    -0.00313507
0.0025252    0.00149953    -0.000437455    5.14372e-13    -2.95931e-13    -0.00304005
0.00244866    0.00145409    -0.000424195    5.14359e-13    -2.95955e-13    -0.0029479
0.00237448    0.00141005    -0.000411344    5.14345e-13    -2.95978e-13    -0.00285859
0.00230249    0.00136732    -0.000398873    5.14333e-13    -2.96e-13    -0.00277193
0.00223273    0.00132589    -0.000386786    5.1432e-13    -2.96022e-13    -0.00268793
0.00216512    0.00128576    -0.000375074    5.14308e-13    -2.96043e-13    -0.00260653
0.00209945    0.00124677    -0.000363697    5.14296e-13    -2.96063e-13    -0.00252748
0.00203578    0.00120897    -0.000352668    5.14285e-13    -2.96083e-13    -0.00245083
0.00196807    0.00116877    -0.000340938    5.14273e-13    -2.96104e-13    -0.00236931
0.00190844    0.00113337    -0.000330607    5.14262e-13    -2.96122e-13    -0.00229752
0.00185064    0.00109904    -0.000320593    5.14252e-13    -2.9614e-13    -0.00222792
0.00179457    0.00106575    -0.00031088    5.14242e-13    -2.96158e-13    -0.00216042
0.0017401    0.00103342    -0.000301444    5.14232e-13    -2.96174e-13    -0.00209485
0.00168736    0.0010021    -0.000292307    5.14223e-13    -2.96191e-13    -0.00203136
0.00163622    0.000971736    -0.000283448    5.14214e-13    -2.96207e-13    -0.00196979
0.00158664    0.000942296    -0.000274859    5.14205e-13    -2.96222e-13    -0.0019101
0.00153854    0.000913732    -0.000266525    5.14196e-13    -2.96237e-13    -0.00185219
0.00149196    0.000886072    -0.000258456    5.14188e-13    -2.96251e-13    -0.00179611
0.00144668    0.000859186    -0.000250612    5.1418e-13    -2.96265e-13    -0.0017416
0.00140286    0.000833166    -0.000243021    5.14172e-13    -2.96279e-13    -0.00168885
0.00136036    0.000807932    -0.000235659    5.14165e-13    -2.96292e-13    -0.00163769
0.0013191    0.000783427    -0.00022851    5.14157e-13    -2.96305e-13    -0.00158801
0.00127906    0.000759654    -0.000221575    5.1415e-13    -2.96317e-13    -0.00153981
0.00124031    0.000736644    -0.000214862    5.14143e-13    -2.96329e-13    -0.00149316
0.00120271    0.000714312    -0.000208347    5.14136e-13    -2.96341e-13    -0.00144789
0.00116625    0.000692661    -0.000202031    5.1413e-13    -2.96352e-13    -0.00140399
0.00113094    0.000671695    -0.000195915    5.14124e-13    -2.96363e-13    -0.00136149
0.00109663    0.000651319    -0.000189971    5.14117e-13    -2.96374e-13    -0.00132018
0.0010634    0.000631587    -0.000184215    5.14112e-13    -2.96384e-13    -0.00128018
0.0010312    0.000612462    -0.000178636    5.14106e-13    -2.96394e-13    -0.00124141
0.000999943    0.000593901    -0.000173222    5.141e-13    -2.96403e-13    -0.00120378
0.000969638    0.000575904    -0.000167972    5.14095e-13    -2.96413e-13    -0.0011673
0.000940261    0.000558458    -0.000162882    5.1409e-13    -2.96422e-13    -0.00113193
0.000911726    0.000541512    -0.000157939    5.14084e-13    -2.96431e-13    -0.00109758
0.00088411    0.000525111    -0.000153155    5.1408e-13    -2.96439e-13    -0.00106434
0.000857325    0.000509204    -0.000148515    5.14075e-13    -2.96448e-13    -0.00103209
0.000831355    0.000493781    -0.000144016    5.1407e-13    -2.96456e-13    -0.00100083
0.000806186    0.000478833    -0.000139656    5.14066e-13    -2.96463e-13    -0.000970526
0.000781772    0.000464334    -0.000135427    5.14061e-13    -2.96471e-13    -0.000941135
0.000758066    0.000450255    -0.00013132    5.14057e-13    -2.96478e-13    -0.000912596
0.000735107    0.00043662    -0.000127343    5.14053e-13    -2.96485e-13    -0.000884957
0.000712827    0.000423388    -0.000123483    5.14049e-13    -2.96492e-13    -0.000858134
0.00069121    0.000410549    -0.000119739    5.14045e-13    -2.96499e-13    -0.00083211
0.00067027    0.000398113    -0.000116111    5.14041e-13    -2.96505e-13    -0.000806902
0.00064997    0.000386056    -0.000112594    5.14038e-13    -2.96512e-13    -0.000782463
0.000630266    0.000374354    -0.000109181    5.14034e-13    -2.96518e-13    -0.000758743
0.000611175    0.000363015    -0.000105874    5.14031e-13    -2.96524e-13    -0.00073576
0.000592662    0.00035202    -0.000102667    5.14028e-13    -2.96529e-13    -0.000713473
0.000574702    0.000341354    -9.95558e-05    5.14024e-13    -2.96535e-13    -0.000691852
0.000557293    0.000331014    -9.65399e-05    5.14021e-13    -2.9654e-13    -0.000670894
0.000540402    0.000320981    -9.36138e-05    5.14018e-13    -2.96546e-13    -0.000650559
0.00052403    0.000311258    -9.07777e-05    5.14015e-13    -2.96551e-13    -0.00063085
0.000508157    0.00030183    -8.80279e-05    5.14012e-13    -2.96556e-13    -0.000611741
0.000492746    0.000292677    -8.53583e-05    5.1401e-13    -2.9656e-13    -0.000593189
0.000477808    0.000283805    -8.27706e-05    5.14007e-13    -2.96565e-13    -0.000575205
0.000463326    0.000275203    -8.02618e-05    5.14004e-13    -2.96569e-13    -0.000557771
0.000449261    0.00026685    -7.78254e-05    5.14002e-13    -2.96574e-13    -0.000540839
0.000435647    0.000258764    -7.5467e-05    5.13999e-13    -2.96578e-13    -0.000524449
0.000422455    0.000250928    -7.31817e-05    5.13997e-13    -2.96582e-13    -0.000508568
0.000409648    0.000243322    -7.09632e-05    5.13995e-13    -2.96586e-13    -0.000493151
0.000397216    0.000235937    -6.88095e-05    5.13993e-13    -2.9659e-13    -0.000478184
0.000385189    0.000228794    -6.6726e-05    5.1399e-13    -2.96594e-13    -0.000463705
0.000373511    0.000221858    -6.47031e-05    5.13988e-13    -2.96597e-13    -0.000449647
0.000362196    0.000215138    -6.27431e-05    5.13986e-13    -2.96601e-13    -0.000436026
0.000351216    0.000208616    -6.0841e-05    5.13984e-13    -2.96604e-13    -0.000422808
0.000340571    0.000202293    -5.89969e-05    5.13983e-13    -2.96607e-13    -0.000409993
0.000330251    0.000196164    -5.72092e-05    5.13981e-13    -2.96611e-13    -0.000397569
0.000320249    0.000190223    -5.54765e-05    5.13979e-13    -2.96614e-13    -0.000385528
0.000310541    0.000184457    -5.37948e-05    5.13977e-13    -2.96617e-13    -0.000373841
0.00030112    0.000178861    -5.21629e-05    5.13975e-13    -2.9662e-13    -0.0003625
0.00029199    0.000173438    -5.05812e-05    5.13974e-13    -2.96622e-13    -0.000351509
0.000283126    0.000168173    -4.90457e-05    5.13972e-13    -2.96625e-13    -0.000340838
0.000274546    0.000163077    -4.75593e-05    5.13971e-13    -2.96628e-13    -0.000330508
0.000266222    0.000158133    -4.61175e-05    5.13969e-13    -2.9663e-13    -0.000320488
0.000258148    0.000153337    -4.47188e-05    5.13968e-13    -2.96633e-13    -0.000310768
0.000250317    0.000148686    -4.33622e-05    5.13966e-13    -2.96635e-13    -0.000301341
0.00024273    0.000144179    -4.2048e-05    5.13965e-13    -2.96638e-13    -0.000292208
0.000235375    0.000139811    -4.07739e-05    5.13964e-13    -2.9664e-13    -0.000283354
0.000227596    0.00013519    -3.94262e-05    5.13962e-13    -2.96642e-13    -0.000273988
0.000220699    0.000131093    -3.82314e-05    5.13961e-13    -2.96645e-13    -0.000265685
0.000214009    0.000127119    -3.70725e-05    5.1396e-13    -2.96647e-13    -0.000257631
0.000207527    0.000123269    -3.59496e-05    5.13959e-13    -2.96649e-13    -0.000249828
0.000201237    0.000119534    -3.48602e-05    5.13958e-13    -2.96651e-13    -0.000242257
0.000195128    0.000115905    -3.38019e-05    5.13957e-13    -2.96652e-13    -0.000234903
0.000189215    0.000112392    -3.27775e-05    5.13955e-13    -2.96654e-13    -0.000227784
0.000183471    0.000108981    -3.17825e-05    5.13954e-13    -2.96656e-13    -0.000220869
0.000177903    0.000105673    -3.08179e-05    5.13953e-13    -2.96658e-13    -0.000214166
0.000172509    0.00010247    -2.98836e-05    5.13952e-13    -2.96659e-13    -0.000207673
0.000167279    9.93631e-05    -2.89776e-05    5.13952e-13    -2.96661e-13    -0.000201377
0.000162205    9.63492e-05    -2.80986e-05    5.13951e-13    -2.96663e-13    -0.000195269
0.000157291    9.34303e-05    -2.72474e-05    5.1395e-13    -2.96664e-13    -0.000189353
0.000152526    9.05997e-05    -2.64219e-05    5.13949e-13    -2.96666e-13    -0.000183616
0.000147901    8.78525e-05    -2.56207e-05    5.13948e-13    -2.96667e-13    -0.000178048
0.000143416    8.51886e-05    -2.48438e-05    5.13947e-13    -2.96668e-13    -0.000172649
0.000139067    8.26057e-05    -2.40905e-05    5.13947e-13    -2.9667e-13    -0.000167414
0.000134846    8.00979e-05    -2.33591e-05    5.13946e-13    -2.96671e-13    -0.000162332
0.000130758    7.76697e-05    -2.2651e-05    5.13945e-13    -2.96672e-13    -0.000157411
0.000126797    7.53172e-05    -2.19649e-05    5.13944e-13    -2.96674e-13    -0.000152643
0.000122951    7.30328e-05    -2.12987e-05    5.13944e-13    -2.96675e-13    -0.000148013
0.000119225    7.08197e-05    -2.06533e-05    5.13943e-13    -2.96676e-13    -0.000143528
0.000115615    6.86752e-05    -2.00278e-05    5.13942e-13    -2.96677e-13    -0.000139181
0.000112109    6.65927e-05    -1.94205e-05    5.13942e-13    -2.96678e-13    -0.000134961
0.000108713    6.45755e-05    -1.88322e-05    5.13941e-13    -2.96679e-13    -0.000130873
0.000105419    6.2619e-05    -1.82616e-05    5.13941e-13    -2.9668e-13    -0.000126907
0.000102218    6.07176e-05    -1.77071e-05    5.1394e-13    -2.96681e-13    -0.000123054
9.91179e-05    5.8876e-05    -1.71701e-05    5.13939e-13    -2.96682e-13    -0.000119322
9.61163e-05    5.70931e-05    -1.66501e-05    5.13939e-13    -2.96683e-13    -0.000115708
9.32013e-05    5.53616e-05    -1.61451e-05    5.13938e-13    -2.96684e-13    -0.000112199
9.03754e-05    5.3683e-05    -1.56556e-05    5.13938e-13    -2.96685e-13    -0.000108797
8.76375e-05    5.20567e-05    -1.51813e-05    5.13937e-13    -2.96686e-13    -0.000105501
8.49782e-05    5.04771e-05    -1.47207e-05    5.13937e-13    -2.96687e-13    -0.0001023
8.24025e-05    4.89472e-05    -1.42745e-05    5.13936e-13    -2.96687e-13    -9.91988e-05
7.99067e-05    4.74647e-05    -1.38421e-05    5.13936e-13    -2.96688e-13    -9.61944e-05
7.74839e-05    4.60256e-05    -1.34224e-05    5.13936e-13    -2.96689e-13    -9.32777e-05
7.51348e-05    4.46302e-05    -1.30155e-05    5.13935e-13    -2.9669e-13    -9.04498e-05
7.2859e-05    4.32784e-05    -1.26213e-05    5.13935e-13    -2.9669e-13    -8.771e-05
7.06492e-05    4.19658e-05    -1.22385e-05    5.13934e-13    -2.96691e-13    -8.50499e-05
6.85091e-05    4.06946e-05    -1.18677e-05    5.13934e-13    -2.96692e-13    -8.24735e-05
6.64333e-05    3.94615e-05    -1.15081e-05    5.13934e-13    -2.96692e-13    -7.99746e-05
6.44196e-05    3.82654e-05    -1.11593e-05    5.13933e-13    -2.96693e-13    -7.75504e-05
6.24664e-05    3.71052e-05    -1.0821e-05    5.13933e-13    -2.96694e-13    -7.51991e-05
6.05735e-05    3.59808e-05    -1.04931e-05    5.13933e-13    -2.96694e-13    -7.29204e-05
5.87376e-05    3.48903e-05    -1.0175e-05    5.13932e-13    -2.96695e-13    -7.07102e-05
5.69571e-05    3.38327e-05    -9.86659e-06    5.13932e-13    -2.96695e-13    -6.85668e-05
5.52305e-05    3.28071e-05    -9.5675e-06    5.13932e-13    -2.96696e-13    -6.64883e-05
5.35559e-05    3.18124e-05    -9.27741e-06    5.13931e-13    -2.96696e-13    -6.44724e-05
5.19331e-05    3.08484e-05    -8.99629e-06    5.13931e-13    -2.96697e-13    -6.25187e-05
5.03595e-05    2.99137e-05    -8.7237e-06    5.13931e-13    -2.96697e-13    -6.06244e-05
4.88321e-05    2.90065e-05    -8.45912e-06    5.1393e-13    -2.96698e-13    -5.87857e-05
4.73521e-05    2.81273e-05    -8.20273e-06    5.1393e-13    -2.96698e-13    -5.7004e-05
4.59169e-05    2.72748e-05    -7.95412e-06    5.1393e-13    -2.96699e-13    -5.52763e-05
4.45245e-05    2.64477e-05    -7.71291e-06    5.1393e-13    -2.96699e-13    -5.36e-05
4.31756e-05    2.56465e-05    -7.47924e-06    5.13929e-13    -2.96699e-13    -5.19762e-05
4.18672e-05    2.48693e-05    -7.2526e-06    5.13929e-13    -2.967e-13    -5.04012e-05
4.0598e-05    2.41154e-05    -7.03273e-06    5.13929e-13    -2.967e-13    -4.88732e-05
3.93683e-05    2.33849e-05    -6.81971e-06    5.13929e-13    -2.96701e-13    -4.73928e-05
3.81758e-05    2.26766e-05    -6.61313e-06    5.13929e-13    -2.96701e-13    -4.59573e-05
3.70179e-05    2.19888e-05    -6.41256e-06    5.13928e-13    -2.96701e-13    -4.45634e-05
3.58949e-05    2.13217e-05    -6.21801e-06    5.13928e-13    -2.96702e-13    -4.32114e-05
3.48076e-05    2.06759e-05    -6.02966e-06    5.13928e-13    -2.96702e-13    -4.19025e-05
3.37518e-05    2.00487e-05    -5.84678e-06    5.13928e-13    -2.96702e-13    -4.06316e-05
3.2729e-05    1.94412e-05    -5.66959e-06    5.13928e-13    -2.96703e-13    -3.94002e-05
3.17368e-05    1.88518e-05    -5.49772e-06    5.13927e-13    -2.96703e-13    -3.82058e-05
3.07747e-05    1.82803e-05    -5.33105e-06    5.13927e-13    -2.96703e-13    -3.70475e-05
2.98425e-05    1.77266e-05    -5.16957e-06    5.13927e-13    -2.96704e-13    -3.59254e-05
2.89381e-05    1.71893e-05    -5.01289e-06    5.13927e-13    -2.96704e-13    -3.48366e-05
2.8061e-05    1.66684e-05    -4.86097e-06    5.13927e-13    -2.96704e-13    -3.37808e-05
2.7211e-05    1.61635e-05    -4.71371e-06    5.13927e-13    -2.96704e-13    -3.27574e-05
2.6387e-05    1.5674e-05    -4.57097e-06    5.13926e-13    -2.96705e-13    -3.17655e-05
2.55868e-05    1.51987e-05    -4.43236e-06    5.13926e-13    -2.96705e-13    -3.08022e-05
2.48118e-05    1.47384e-05    -4.29811e-06    5.13926e-13    -2.96705e-13    -2.98693e-05
2.40607e-05    1.42922e-05    -4.168e-06    5.13926e-13    -2.96705e-13    -2.89651e-05
2.33319e-05    1.38593e-05    -4.04174e-06    5.13926e-13    -2.96706e-13    -2.80877e-05
2.2625e-05    1.34394e-05    -3.9193e-06    5.13926e-13    -2.96706e-13    -2.72367e-05
2.19402e-05    1.30326e-05    -3.80066e-06    5.13926e-13    -2.96706e-13    -2.64123e-05
2.12756e-05    1.26378e-05    -3.68554e-06    5.13925e-13    -2.96706e-13    -2.56123e-05
2.06306e-05    1.22547e-05    -3.57381e-06    5.13925e-13    -2.96706e-13    -2.48358e-05
2.00055e-05    1.18834e-05    -3.46551e-06    5.13925e-13    -2.96707e-13    -2.40832e-05
1.93991e-05    1.15232e-05    -3.36048e-06    5.13925e-13    -2.96707e-13    -2.33533e-05
1.88115e-05    1.11741e-05    -3.25868e-06    5.13925e-13    -2.96707e-13    -2.26458e-05
1.82415e-05    1.08355e-05    -3.15994e-06    5.13925e-13    -2.96707e-13    -2.19597e-05
1.76887e-05    1.05072e-05    -3.06419e-06    5.13925e-13    -2.96707e-13    -2.12943e-05
1.7153e-05    1.0189e-05    -2.97139e-06    5.13925e-13    -2.96708e-13    -2.06493e-05
1.66329e-05    9.88007e-06    -2.8813e-06    5.13925e-13    -2.96708e-13    -2.00233e-05
1.61291e-05    9.58077e-06    -2.79401e-06    5.13925e-13    -2.96708e-13    -1.94167e-05
1.56405e-05    9.29053e-06    -2.70937e-06    5.13924e-13    -2.96708e-13    -1.88285e-05
1.5167e-05    9.00926e-06    -2.62735e-06    5.13924e-13    -2.96708e-13    -1.82585e-05
1.47076e-05    8.73638e-06    -2.54777e-06    5.13924e-13    -2.96708e-13    -1.77054e-05
1.4262e-05    8.47173e-06    -2.47059e-06    5.13924e-13    -2.96708e-13    -1.71691e-05
1.38287e-05    8.21435e-06    -2.39553e-06    5.13924e-13    -2.96709e-13    -1.66475e-05
1.34098e-05    7.96547e-06    -2.32295e-06    5.13924e-13    -2.96709e-13    -1.61431e-05
1.30034e-05    7.7241e-06    -2.25256e-06    5.13924e-13    -2.96709e-13    -1.56539e-05
1.26093e-05    7.48998e-06    -2.18428e-06    5.13924e-13    -2.96709e-13    -1.51794e-05
