0.0418112    0.0247132    -0.00724488    5.21282e-13    -2.83713e-13    -0.0503475
0.0418112    0.0247132    -0.00724488    5.21282e-13    -2.83713e-13    -0.0503475
0.0418112    0.0247132    -0.00724488    5.21282e-13    -2.83713e-13    -0.0503475
0.0418112    0.0247132    -0.00724488    5.21282e-13    -2.83713e-13    -0.0503475
0.0418112    0.0247132    -0.00724488    5.21282e-13    -2.83713e-13    -0.0503475
0.0418112    0.0247132    -0.00724488    5.21282e-13    -2.83713e-13    -0.0503475
0.0418112    0.0247132    -0.00724488    5.21282e-13    -2.83713e-13    -0.0503475
0.0418112    0.0247132    -0.00724488    5.21282e-13    -2.83713e-13    -0.0503475
0.0418112    0.0247132    -0.00724488    5.21282e-13    -2.83713e-13    -0.0503475
0.0418112    0.0247132    -0.00724488    5.21282e-13    -2.83713e-13    -0.0503475
0.0418112    0.0247132    -0.00724488    5.21282e-13    -2.83713e-13    -0.0503475
0.0418112    0.0247132    -0.00724488    5.21282e-13    -2.83713e-13    -0.0503475
0.0418112    0.0247132    -0.00724488    5.21282e-13    -2.83713e-13    -0.0503475
0.0418112    0.0247132    -0.00724488    5.21282e-13    -2.83713e-13    -0.0503475
0.0418112    0.0247132    -0.00724488    5.21282e-13    -2.83713e-13    -0.0503475
0.0418112    0.0247132    -0.00724488    5.21282e-13    -2.83713e-13    -0.0503475
0.0418112    0.0247132    -0.00724488    5.21282e-13    -2.83713e-13    -0.0503475
0.0418112    0.0247132    -0.00724488    5.21282e-13    -2.83713e-13    -0.0503475
0.0418112    0.0247132    -0.00724488    5.21282e-13    -2.83713e-13    -0.0503475
0.0418112    0.0247132    -0.00724488    5.21282e-13    -2.83713e-13    -0.0503475
0.0418112    0.0247132    -0.00724488    5.21282e-13    -2.83713e-13    -0.0503475
0.0418112    0.0247132    -0.00724488    5.21282e-13    -2.83713e-13    -0.0503475
0.0418112    0.0247132    -0.00724488    5.21282e-13    -2.83713e-13    -0.0503475
0.0418112    0.0247132    -0.00724488    5.21282e-13    -2.83713e-13    -0.0503475
0.0418112    0.0247132    -0.00724488    5.21282e-13    -2.83713e-13    -0.0503475
0.0418112    0.0247132    -0.00724488    5.21282e-13    -2.83713e-13    -0.0503475
0.0418112    0.0247132    -0.00724488    5.21282e-13    -2.83713e-13    -0.0503475
0.0418112    0.0247132    -0.00724488    5.21282e-13    -2.83713e-13    -0.0503475
0.0418112    0.0247132    -0.00724488    5.21282e-13    -2.83713e-13    -0.0503475
0.0418112    0.0247132    -0.00724488    5.21282e-13    -2.83713e-13    -0.0503475
0.0418112    0.0247132    -0.00724488    5.21282e-13    -2.83713e-13    -0.0503475
0.0418112    0.0247132    -0.00724488    5.21282e-13    -2.83713e-13    -0.0503475
0.0418112    0.0247132    -0.00724488    5.21282e-13    -2.83713e-13    -0.0503475
0.0418112    0.0247132    -0.00724488    5.21282e-13    -2.83713e-13    -0.0503475
0.0418112    0.0247132    -0.00724488    5.21282e-13    -2.83713e-13    -0.0503475
0.0418112    0.0247132    -0.00724488    5.21282e-13    -2.83713e-13    -0.0503475
0.0418112    0.0247132    -0.00724488    5.21282e-13    -2.83713e-13    -0.0503475
0.0418112    0.0247132    -0.00724488    5.21282e-13    -2.83713e-13    -0.0503475
0.0418112    0.0247132    -0.00724488    5.21282e-13    -2.83713e-13    -0.0503475
0.0418112    0.0247132    -0.00724488    5.21282e-13    -2.83713e-13    -0.0503475
0.0418112    0.0247132    -0.00724488    5.21282e-13    -2.83713e-13    -0.0503475
0.0418112    0.0247132    -0.00724488    5.21282e-13    -2.83713e-13    -0.0503475
0.0418112    0.0247132    -0.00724488    5.21282e-13    -2.83713e-13    -0.0503475
0.0418112    0.0247132    -0.00724488    5.21282e-13    -2.83713e-13    -0.0503475
0.0418112    0.0247132    -0.00724488    5.21282e-13    -2.83713e-13    -0.0503475
0.0418112    0.0247132    -0.00724488    5.21282e-13    -2.83713e-13    -0.0503475
0.0418112    0.0247132    -0.00724488    5.21282e-13    -2.83713e-13    -0.0503475
0.0418112    0.0247132    -0.00724488    5.21282e-13    -2.83713e-13    -0.0503475
0.0418112    0.0247132    -0.00724488    5.21282e-13    -2.83713e-13    -0.0503475
0.0418112    0.0247132    -0.00724488    5.21282e-13    -2.83713e-13    -0.0503475
0.0418112    0.0247132    -0.00724488    5.21282e-13    -2.83713e-13    -0.0503475
0.0418112    0.0247132    -0.00724488    5.21282e-13    -2.83713e-13    -0.0503475
0.041161    0.0243299    -0.00713223    5.2117e-13    -2.83916e-13    -0.0495647
0.0407001    0.0240579    -0.00705237    5.2109e-13    -2.8406e-13    -0.0490097
0.0402009    0.0237634    -0.00696588    5.21003e-13    -2.84216e-13    -0.0484086
0.0395207    0.0233624    -0.00684802    5.20885e-13    -2.84428e-13    -0.0475895
0.0387603    0.0229142    -0.00671627    5.20753e-13    -2.84666e-13    -0.046674
0.0382246    0.022598    -0.00662343    5.2066e-13    -2.84833e-13    -0.0460288
0.0378052    0.0223505    -0.00655077    5.20587e-13    -2.84964e-13    -0.0455238
0.0374082    0.0221162    -0.00648198    5.20518e-13    -2.85088e-13    -0.0450458
0.0368489    0.0217862    -0.00638506    5.2042e-13    -2.85262e-13    -0.0443723
0.0364469    0.0215489    -0.00631541    5.2035e-13    -2.85388e-13    -0.0438883
0.0359827    0.0212749    -0.00623498    5.20269e-13    -2.85532e-13    -0.0433293
0.0350976    0.0207533    -0.00608161    5.20115e-13    -2.85809e-13    -0.0422635
0.0344189    0.020353    -0.00596401    5.19997e-13    -2.8602e-13    -0.0414462
0.0337702    0.0199704    -0.00585161    5.19884e-13    -2.86223e-13    -0.0406651
0.0333317    0.0197115    -0.00577562    5.19807e-13    -2.86359e-13    -0.0401371
0.0328086    0.0194027    -0.00568497    5.19716e-13    -2.86522e-13    -0.0395071
0.0323467    0.01913    -0.00560494    5.19635e-13    -2.86666e-13    -0.0389509
0.0317672    0.0187881    -0.00550453    5.19534e-13    -2.86847e-13    -0.0382531
0.0312766    0.0184984    -0.0054195    5.19448e-13    -2.87e-13    -0.0376623
0.0307459    0.0181852    -0.00532756    5.19356e-13    -2.87165e-13    -0.0370233
0.0302658    0.0179017    -0.00524436    5.19272e-13    -2.87315e-13    -0.0364451
0.0299417    0.0177102    -0.00518819    5.19215e-13    -2.87416e-13    -0.0360548
0.0295022    0.0174508    -0.00511205    5.19138e-13    -2.87553e-13    -0.0355256
0.0289234    0.0171091    -0.00501175    5.19037e-13    -2.87733e-13    -0.0348286
0.0283561    0.0167743    -0.00491344    5.18937e-13    -2.8791e-13    -0.0341454
0.0278583    0.0164804    -0.00482718    5.1885e-13    -2.88065e-13    -0.033546
0.0274922    0.0162641    -0.00476374    5.18786e-13    -2.88179e-13    -0.0331051
0.0270049    0.0159763    -0.0046793    5.18701e-13    -2.88331e-13    -0.0325183
0.0265534    0.0157097    -0.00460106    5.18622e-13    -2.88471e-13    -0.0319746
0.0261844    0.0154916    -0.00453712    5.18557e-13    -2.88586e-13    -0.0315302
0.025735    0.0152262    -0.00445924    5.18478e-13    -2.88726e-13    -0.030989
0.0254268    0.015044    -0.00440583    5.18424e-13    -2.88822e-13    -0.0306178
0.0250532    0.0148234    -0.00434111    5.18358e-13    -2.88938e-13    -0.030168
0.0245745    0.0145406    -0.00425815    5.18274e-13    -2.89087e-13    -0.0295915
0.0241173    0.0142706    -0.00417893    5.18194e-13    -2.8923e-13    -0.029041
0.023789    0.0140765    -0.00412203    5.18136e-13    -2.89332e-13    -0.0286456
0.0234885    0.0138989    -0.00406997    5.18084e-13    -2.89425e-13    -0.0282838
0.0230366    0.013632    -0.00399165    5.18004e-13    -2.89566e-13    -0.0277395
0.0227183    0.0134438    -0.00393649    5.17948e-13    -2.89665e-13    -0.0273562
0.0223279    0.0132131    -0.00386884    5.17879e-13    -2.89786e-13    -0.0268861
0.0218844    0.0129511    -0.00379199    5.17801e-13    -2.89924e-13    -0.026352
0.0215299    0.0127416    -0.00373055    5.17739e-13    -2.90034e-13    -0.0259251
0.0211011    0.0124883    -0.00365625    5.17664e-13    -2.90168e-13    -0.0254087
0.0207022    0.0122526    -0.00358714    5.17593e-13    -2.90292e-13    -0.0249284
0.020398    0.0120727    -0.00353441    5.1754e-13    -2.90386e-13    -0.024562
0.0199997    0.0118373    -0.00346539    5.1747e-13    -2.9051e-13    -0.0240824
0.0197131    0.0116679    -0.00341574    5.17419e-13    -2.90599e-13    -0.0237373
0.0193486    0.0114524    -0.00335257    5.17355e-13    -2.90713e-13    -0.0232984
0.0190169    0.0112564    -0.0032951    5.17296e-13    -2.90816e-13    -0.022899
0.0186478    0.0110382    -0.00323114    5.17231e-13    -2.9093e-13    -0.0224544
0.0183644    0.0108706    -0.00318203    5.17181e-13    -2.91019e-13    -0.0221132
0.0181351    0.010735    -0.00314228    5.17141e-13    -2.9109e-13    -0.021837
0.0177757    0.0105225    -0.00308001    5.17078e-13    -2.91201e-13    -0.0214042
0.0174278    0.0103168    -0.00301972    5.17016e-13    -2.9131e-13    -0.0209852
0.0172221    0.0101952    -0.00298409    5.1698e-13    -2.91373e-13    -0.0207376
0.0168931    0.0100007    -0.00292707    5.16922e-13    -2.91476e-13    -0.0203414
0.0166102    0.0098334    -0.00287806    5.16872e-13    -2.91564e-13    -0.0200008
0.0163674    0.00968977    -0.00283598    5.16829e-13    -2.91639e-13    -0.0197083
0.0160975    0.00953017    -0.00278921    5.16781e-13    -2.91723e-13    -0.0193833
0.015886    0.00940504    -0.00275256    5.16744e-13    -2.91788e-13    -0.0191286
0.015597    0.00923413    -0.00270248    5.16693e-13    -2.91878e-13    -0.0187806
0.0153879    0.00911042    -0.00266625    5.16656e-13    -2.91943e-13    -0.0185288
0.0151603    0.00897581    -0.00262682    5.16616e-13    -2.92014e-13    -0.0182548
0.0149695    0.00886291    -0.00259375    5.16582e-13    -2.92073e-13    -0.018025
0.0147869    0.00875487    -0.00256211    5.1655e-13    -2.9213e-13    -0.0178051
0.0145933    0.00864035    -0.00252857    5.16515e-13    -2.9219e-13    -0.017572
0.0143616    0.00850325    -0.00248841    5.16474e-13    -2.92262e-13    -0.0172929
0.0141534    0.00838011    -0.00245234    5.16438e-13    -2.92326e-13    -0.0170423
0.0139834    0.0082795    -0.00242288    5.16407e-13    -2.92379e-13    -0.0168375
0.0137126    0.00811934    -0.00237596    5.1636e-13    -2.92463e-13    -0.0165114
0.0135574    0.00802751    -0.00234907    5.16332e-13    -2.92511e-13    -0.0163246
0.0134009    0.00793488    -0.00232194    5.16304e-13    -2.9256e-13    -0.0161361
0.0131957    0.00781346    -0.00228638    5.16268e-13    -2.92624e-13    -0.015889
0.0129595    0.00767373    -0.00224545    5.16226e-13    -2.92697e-13    -0.0156045
0.0126984    0.00751931    -0.00220022    5.1618e-13    -2.92778e-13    -0.0152902
0.0124487    0.00737155    -0.00215694    5.16136e-13    -2.92856e-13    -0.0149894
0.0122291    0.00724167    -0.0021189    5.16097e-13    -2.92924e-13    -0.0147251
0.0120563    0.00713935    -0.00208894    5.16066e-13    -2.92977e-13    -0.0145169
0.0118417    0.00701242    -0.00205177    5.16028e-13    -2.93044e-13    -0.0142585
0.0116757    0.00691415    -0.002023    5.15999e-13    -2.93095e-13    -0.0140586
0.0115211    0.00682264    -0.00199621    5.15972e-13    -2.93143e-13    -0.0138724
0.0113596    0.00672711    -0.00196824    5.15943e-13    -2.93193e-13    -0.013678
0.0111765    0.00661871    -0.0019365    5.1591e-13    -2.9325e-13    -0.0134575
0.0110341    0.00653446    -0.00191183    5.15885e-13    -2.93294e-13    -0.0132861
0.0109036    0.00645721    -0.00188922    5.15862e-13    -2.93335e-13    -0.0131289
0.0107114    0.00634348    -0.00185592    5.15828e-13    -2.93395e-13    -0.0128975
0.0105874    0.00627006    -0.00183442    5.15806e-13    -2.93433e-13    -0.0127481
0.0103944    0.00615588    -0.00180099    5.15772e-13    -2.93493e-13    -0.0125158
0.0102704    0.00608247    -0.0017795    5.1575e-13    -2.93531e-13    -0.0123665
0.0100576    0.00595652    -0.00174262    5.15712e-13    -2.93597e-13    -0.0121102
0.00994658    0.0058908    -0.00172339    5.15692e-13    -2.93632e-13    -0.0119765
0.00974972    0.0057743    -0.00168928    5.15657e-13    -2.93693e-13    -0.0117394
0.00964413    0.00571179    -0.00167098    5.15639e-13    -2.93726e-13    -0.0116123
0.00949465    0.00562331    -0.00164508    5.15612e-13    -2.93772e-13    -0.0114323
0.00937977    0.0055553    -0.00162517    5.15592e-13    -2.93808e-13    -0.011294
0.00926065    0.00548479    -0.00160453    5.15571e-13    -2.93844e-13    -0.0111505
0.00909145    0.00538463    -0.00157521    5.15541e-13    -2.93897e-13    -0.0109468
0.00893075    0.00528952    -0.00154737    5.15512e-13    -2.93947e-13    -0.0107533
0.0087801    0.00520034    -0.00152127    5.15485e-13    -2.93994e-13    -0.0105719
0.00860454    0.00509643    -0.00149085    5.15454e-13    -2.94048e-13    -0.0103605
0.00846096    0.00501143    -0.00146597    5.15429e-13    -2.94092e-13    -0.0101876
0.00830954    0.0049218    -0.00143973    5.15402e-13    -2.94139e-13    -0.0100052
0.00821629    0.00486659    -0.00142357    5.15385e-13    -2.94168e-13    -0.00989296
0.00812064    0.00480995    -0.001407    5.15368e-13    -2.94198e-13    -0.00977779
0.00799438    0.00473521    -0.00138512    5.15346e-13    -2.94237e-13    -0.00962576
0.00790583    0.00468277    -0.00136978    5.1533e-13    -2.94265e-13    -0.00951914
0.00781833    0.00463096    -0.00135462    5.15314e-13    -2.94292e-13    -0.00941378
0.00772182    0.00457382    -0.0013379    5.15297e-13    -2.94322e-13    -0.00929757
0.00760623    0.00450538    -0.00131787    5.15277e-13    -2.94357e-13    -0.00915838
0.00746533    0.00442197    -0.00129345    5.15252e-13    -2.94401e-13    -0.00898872
0.00734551    0.00435103    -0.00127269    5.1523e-13    -2.94438e-13    -0.00884445
0.00721407    0.00427321    -0.00124992    5.15207e-13    -2.94479e-13    -0.00868617
0.00713606    0.00422702    -0.0012364    5.15193e-13    -2.94503e-13    -0.00859224
0.0070513    0.00417682    -0.00122171    5.15178e-13    -2.94529e-13    -0.00849018
0.00690783    0.00409189    -0.00119686    5.15153e-13    -2.94574e-13    -0.00831743
0.00682253    0.00404138    -0.00118208    5.15138e-13    -2.946e-13    -0.00821472
0.00669154    0.00396382    -0.00115938    5.15114e-13    -2.94641e-13    -0.00805699
0.00661414    0.00391799    -0.00114597    5.151e-13    -2.94665e-13    -0.00796379
0.00647985    0.00383848    -0.0011227    5.15077e-13    -2.94706e-13    -0.00780209
0.00640951    0.00379682    -0.00111051    5.15064e-13    -2.94728e-13    -0.00771739
0.00628751    0.00372459    -0.00108937    5.15042e-13    -2.94766e-13    -0.00757049
0.00621825    0.00368357    -0.00107737    5.1503e-13    -2.94788e-13    -0.00748709
0.00615407    0.00364556    -0.00106625    5.15019e-13    -2.94807e-13    -0.00740981
0.00603362    0.00357424    -0.00104538    5.14997e-13    -2.94845e-13    -0.00726478
0.00593543    0.00351609    -0.00102837    5.1498e-13    -2.94875e-13    -0.00714654
0.0058634    0.00347344    -0.00101589    5.14967e-13    -2.94897e-13    -0.00705981
0.00579338    0.00343197    -0.00100376    5.14954e-13    -2.94919e-13    -0.00697551
0.00571093    0.00338314    -0.000989472    5.1494e-13    -2.94945e-13    -0.00687623
0.00560004    0.00331748    -0.000970259    5.1492e-13    -2.94979e-13    -0.00674271
0.00549651    0.00325617    -0.000952321    5.14902e-13    -2.95011e-13    -0.00661805
0.00541998    0.00321085    -0.00093906    5.14888e-13    -2.95035e-13    -0.0065259
0.00533416    0.00316003    -0.000924191    5.14873e-13    -2.95061e-13    -0.00642256
0.00524836    0.00310921    -0.000909324    5.14857e-13    -2.95088e-13    -0.00631925
0.00517052    0.00306312    -0.000895838    5.14844e-13    -2.95112e-13    -0.00622553
0.0050817    0.00301051    -0.000880447    5.14828e-13    -2.9514e-13    -0.00611857
0.0050241    0.00297639    -0.000870467    5.14818e-13    -2.95158e-13    -0.00604922
0.00494557    0.00292989    -0.000856861    5.14804e-13    -2.95182e-13    -0.00595467
0.00485704    0.00287746    -0.000841523    5.14788e-13    -2.95209e-13    -0.00584807
0.00479225    0.00283908    -0.000830296    5.14776e-13    -2.95229e-13    -0.00577006
0.00469525    0.00278164    -0.00081349    5.14759e-13    -2.95259e-13    -0.00565326
0.00461976    0.00273693    -0.00080041    5.14746e-13    -2.95283e-13    -0.00556236
0.00453162    0.00268473    -0.000785138    5.1473e-13    -2.9531e-13    -0.00545623
0.00445103    0.002637    -0.000771175    5.14716e-13    -2.95335e-13    -0.0053592
0.00437715    0.00259324    -0.000758374    5.14702e-13    -2.95358e-13    -0.00527024
0.0043305    0.00256561    -0.000750291    5.14694e-13    -2.95372e-13    -0.00521407
0.00425336    0.00251992    -0.000736926    5.1468e-13    -2.95396e-13    -0.00512118
0.00417408    0.00247297    -0.000723189    5.14666e-13    -2.95421e-13    -0.00502573
0.00409243    0.00242461    -0.000709042    5.14652e-13    -2.95446e-13    -0.00492741
0.00401447    0.00237843    -0.000695534    5.14638e-13    -2.9547e-13    -0.00483354
0.00393968    0.00233414    -0.000682577    5.14624e-13    -2.95493e-13    -0.00474349
0.00386046    0.00228722    -0.000668851    5.1461e-13    -2.95518e-13    -0.00464811
0.003792    0.00224666    -0.000656989    5.14598e-13    -2.95539e-13    -0.00456568
0.00371854    0.00220315    -0.00064426    5.14585e-13    -2.95562e-13    -0.00447722
0.00364366    0.0021588    -0.000631287    5.14572e-13    -2.95585e-13    -0.00438706
0.00358177    0.00212214    -0.000620563    5.14561e-13    -2.95604e-13    -0.00431254
0.00352696    0.00208967    -0.000611067    5.14551e-13    -2.95621e-13    -0.00424655
0.00348475    0.00206467    -0.000603755    5.14543e-13    -2.95634e-13    -0.00419573
0.00341987    0.00202624    -0.000592513    5.14532e-13    -2.95654e-13    -0.0041176
0.00335422    0.00198735    -0.000581139    5.1452e-13    -2.95675e-13    -0.00403856
0.00330908    0.00196061    -0.000573318    5.14512e-13    -2.95689e-13    -0.00398421
0.0032534    0.00192763    -0.00056367    5.14502e-13    -2.95706e-13    -0.00391716
0.00321179    0.00190298    -0.000556461    5.14495e-13    -2.95719e-13    -0.00386706
0.00315847    0.00187139    -0.000547223    5.14485e-13    -2.95735e-13    -0.00380287
0.00311866    0.00184781    -0.000540326    5.14478e-13    -2.95748e-13    -0.00375494
0.00306474    0.00181587    -0.000530983    5.14469e-13    -2.95764e-13    -0.00369001
0.00302345    0.00179141    -0.000523829    5.14461e-13    -2.95777e-13    -0.00364029
0.00298237    0.00176707    -0.000516711    5.14454e-13    -2.9579e-13    -0.00359083
0.00294478    0.0017448    -0.0005102    5.14447e-13    -2.95801e-13    -0.00354558
0.00291208    0.00172543    -0.000504534    5.14441e-13    -2.95812e-13    -0.00350621
0.00286361    0.00169672    -0.000496136    5.14433e-13    -2.95827e-13    -0.00344784
0.00282772    0.00167545    -0.000489918    5.14426e-13    -2.95838e-13    -0.00340463
0.00278012    0.00164726    -0.00048167    5.14418e-13    -2.95852e-13    -0.00334731
0.00273726    0.00162186    -0.000474244    5.1441e-13    -2.95866e-13    -0.00329571
0.00268249    0.00158942    -0.000464754    5.144e-13    -2.95883e-13    -0.00322976
0.00264711    0.00156846    -0.000458625    5.14394e-13    -2.95894e-13    -0.00318717
0.00260541    0.00154375    -0.000451399    5.14387e-13    -2.95907e-13    -0.00313695
0.00255978    0.00151672    -0.000443494    5.14379e-13    -2.95921e-13    -0.00308201
0.00253042    0.00149933    -0.000438408    5.14373e-13    -2.9593e-13    -0.00304667
0.00249237    0.00147679    -0.000431815    5.14366e-13    -2.95941e-13    -0.00300085
0.00245196    0.00145284    -0.000424813    5.14359e-13    -2.95954e-13    -0.00295219
0.00240354    0.00142416    -0.000416424    5.14351e-13    -2.95969e-13    -0.00289389
0.00236795    0.00140307    -0.000410257    5.14344e-13    -2.9598e-13    -0.00285104
0.00233557    0.00138389    -0.000404648    5.14339e-13    -2.9599e-13    -0.00281206
0.00229168    0.00135789    -0.000397044    5.14331e-13    -2.96004e-13    -0.00275921
0.00225805    0.00133797    -0.000391217    5.14325e-13    -2.96014e-13    -0.00271872
0.0022347    0.00132413    -0.000387171    5.14321e-13    -2.96021e-13    -0.0026906
0.00220391    0.00130589    -0.000381838    5.14315e-13    -2.96031e-13    -0.00265354
0.00216794    0.00128458    -0.000375605    5.14309e-13    -2.96042e-13    -0.00261023
0.00212756    0.00126066    -0.000368609    5.14301e-13    -2.96054e-13    -0.00256161
0.00210058    0.00124468    -0.000363935    5.14297e-13    -2.96063e-13    -0.00252913
0.00206478    0.00122346    -0.000357732    5.1429e-13    -2.96074e-13    -0.00248602
0.0020335    0.00120493    -0.000352312    5.14285e-13    -2.96084e-13    -0.00244836
0.0020027    0.00118668    -0.000346975    5.14279e-13    -2.96093e-13    -0.00241127
0.00197598    0.00117085    -0.000342347    5.14274e-13    -2.96101e-13    -0.0023791
0.00194155    0.00115045    -0.00033638    5.14268e-13    -2.96112e-13    -0.00233764
0.00191793    0.00113646    -0.000332289    5.14264e-13    -2.96119e-13    -0.00230921
0.00188621    0.00111767    -0.000326793    5.14258e-13    -2.96129e-13    -0.00227101
0.00186599    0.00110569    -0.00032329    5.14255e-13    -2.96135e-13    -0.00224667
0.00183905    0.00108972    -0.000318622    5.1425e-13    -2.96144e-13    -0.00221423
0.00180732    0.00107093    -0.000313126    5.14244e-13    -2.96154e-13    -0.00217603
0.00177651    0.00105267    -0.000307788    5.14239e-13    -2.96163e-13    -0.00213894
0.00174685    0.0010351    -0.000302649    5.14234e-13    -2.96172e-13    -0.00210322
0.00172277    0.00102083    -0.000298477    5.14229e-13    -2.9618e-13    -0.00207423
0.00170178    0.00100839    -0.000294839    5.14225e-13    -2.96186e-13    -0.00204895
0.00167384    0.000991839    -0.000289999    5.1422e-13    -2.96195e-13    -0.00201532
0.00164611    0.000975407    -0.000285194    5.14216e-13    -2.96203e-13    -0.00198192
0.00161714    0.000958247    -0.000280176    5.1421e-13    -2.96212e-13    -0.00194705
0.00159514    0.000945209    -0.000276363    5.14206e-13    -2.96219e-13    -0.00192056
0.0015669    0.000928479    -0.000271471    5.14201e-13    -2.96228e-13    -0.00188656
0.00154761    0.000917048    -0.000268129    5.14198e-13    -2.96234e-13    -0.00186333
0.00151737    0.000899129    -0.000262889    5.14193e-13    -2.96243e-13    -0.00182692
0.00149134    0.000883709    -0.00025838    5.14188e-13    -2.96251e-13    -0.00179558
0.00146625    0.000868845    -0.000254033    5.14183e-13    -2.96259e-13    -0.00176538
0.00144735    0.000857646    -0.000250759    5.1418e-13    -2.96265e-13    -0.00174262
0.00142474    0.000844247    -0.000246841    5.14176e-13    -2.96272e-13    -0.00171539
0.00140884    0.000834823    -0.000244085    5.14173e-13    -2.96277e-13    -0.00169624
0.00139063    0.000824037    -0.000240931    5.1417e-13    -2.96283e-13    -0.00167432
0.00136413    0.000808332    -0.000236339    5.14165e-13    -2.96291e-13    -0.00164241
0.00134072    0.000794464    -0.000232284    5.14161e-13    -2.96298e-13    -0.00161423
0.00132553    0.000785463    -0.000229652    5.14158e-13    -2.96303e-13    -0.00159594
0.00131039    0.000776492    -0.000227029    5.14156e-13    -2.96307e-13    -0.00157771
0.00129213    0.000765673    -0.000223865    5.14152e-13    -2.96313e-13    -0.00155573
0.00127138    0.000753376    -0.00022027    5.14149e-13    -2.96319e-13    -0.00153074
0.00125074    0.000741149    -0.000216695    5.14145e-13    -2.96326e-13    -0.0015059
0.00122952    0.000728575    -0.000213018    5.14141e-13    -2.96332e-13    -0.00148034
0.00121327    0.000718948    -0.000210203    5.14138e-13    -2.96337e-13    -0.00146078
0.00119136    0.000705965    -0.000206407    5.14134e-13    -2.96344e-13    -0.0014344
0.00117567    0.000696668    -0.000203688    5.14132e-13    -2.96349e-13    -0.00141551
0.00115968    0.000687195    -0.000200918    5.14129e-13    -2.96354e-13    -0.00139626
0.00114554    0.000678816    -0.000198468    5.14126e-13    -2.96358e-13    -0.00137923
0.00112247    0.000665147    -0.000194471    5.14122e-13    -2.96366e-13    -0.00135146
0.00111088    0.00065828    -0.000192464    5.1412e-13    -2.96369e-13    -0.0013375
0.00109025    0.000646052    -0.000188888    5.14116e-13    -2.96375e-13    -0.00131266
0.00107539    0.000637249    -0.000186314    5.14114e-13    -2.9638e-13    -0.00129477
0.0010623    0.000629492    -0.000184046    5.14111e-13    -2.96384e-13    -0.00127901
0.00104671    0.000620258    -0.000181346    5.14109e-13    -2.96389e-13    -0.00126024
0.00102591    0.000607928    -0.000177741    5.14105e-13    -2.96395e-13    -0.00123519
0.00100583    0.000596034    -0.000174263    5.14101e-13    -2.96402e-13    -0.00121102
0.000987768    0.00058533    -0.000171133    5.14098e-13    -2.96407e-13    -0.00118927
0.000970668    0.000575197    -0.000168171    5.14095e-13    -2.96412e-13    -0.00116868
0.000959455    0.000568553    -0.000166228    5.14093e-13    -2.96416e-13    -0.00115518
0.000942996    0.0005588    -0.000163376    5.1409e-13    -2.96421e-13    -0.00113537
0.000929661    0.000550899    -0.000161066    5.14088e-13    -2.96425e-13    -0.00111931
0.000912883    0.000540957    -0.000158159    5.14085e-13    -2.9643e-13    -0.00109911
0.00089486    0.000530278    -0.000155037    5.14081e-13    -2.96436e-13    -0.00107741
0.000877417    0.000519942    -0.000152015    5.14078e-13    -2.96441e-13    -0.00105641
0.000860795    0.000510093    -0.000149135    5.14075e-13    -2.96446e-13    -0.0010364
0.000850162    0.000503792    -0.000147293    5.14073e-13    -2.9645e-13    -0.00102359
0.000834647    0.000494599    -0.000144604    5.14071e-13    -2.96455e-13    -0.00100491
0.000821478    0.000486796    -0.000142323    5.14068e-13    -2.96459e-13    -0.000989058
0.00081058    0.000480338    -0.000140435    5.14066e-13    -2.96462e-13    -0.000975937
0.000794908    0.000471051    -0.00013772    5.14064e-13    -2.96467e-13    -0.000957067
0.000779469    0.000461903    -0.000135045    5.14061e-13    -2.96472e-13    -0.000938478
0.000764599    0.000453092    -0.000132468    5.14058e-13    -2.96476e-13    -0.000920575
0.000752919    0.000446171    -0.000130445    5.14056e-13    -2.9648e-13    -0.000906513
0.000740824    0.000439003    -0.000128349    5.14054e-13    -2.96484e-13    -0.000891949
0.000731986    0.000433767    -0.000126818    5.14052e-13    -2.96486e-13    -0.000881309
0.000722436    0.000428108    -0.000125164    5.14051e-13    -2.96489e-13    -0.000869811
0.000708742    0.000419993    -0.000122791    5.14048e-13    -2.96494e-13    -0.000853324
0.000697916    0.000413578    -0.000120915    5.14046e-13    -2.96497e-13    -0.000840288
0.000687492    0.000407401    -0.000119109    5.14044e-13    -2.965e-13    -0.000827738
0.000674543    0.000399728    -0.000116866    5.14042e-13    -2.96504e-13    -0.000812147
0.000664247    0.000393627    -0.000115082    5.1404e-13    -2.96507e-13    -0.000799751
0.000655464    0.000388422    -0.00011356    5.14039e-13    -2.9651e-13    -0.000789176
0.000645674    0.000382621    -0.000111864    5.14037e-13    -2.96513e-13    -0.000777388
0.000634592    0.000376054    -0.000109944    5.14035e-13    -2.96516e-13    -0.000764046
0.00062345    0.000369452    -0.000108014    5.14033e-13    -2.9652e-13    -0.000750631
0.000616168    0.000365137    -0.000106752    5.14032e-13    -2.96522e-13    -0.000741864
0.000606111    0.000359177    -0.00010501    5.1403e-13    -2.96525e-13    -0.000729755
0.000596873    0.000353703    -0.000103409    5.14028e-13    -2.96528e-13    -0.000718633
0.000585714    0.00034709    -0.000101476    5.14026e-13    -2.96532e-13    -0.000705196
0.000575419    0.00034099    -9.96924e-05    5.14024e-13    -2.96535e-13    -0.000692802
0.000568458    0.000336865    -9.84865e-05    5.14023e-13    -2.96537e-13    -0.000684421
0.000561347    0.000332652    -9.72545e-05    5.14022e-13    -2.96539e-13    -0.000675859
0.000552755    0.00032756    -9.57657e-05    5.1402e-13    -2.96542e-13    -0.000665514
0.000546386    0.000323786    -9.46624e-05    5.14019e-13    -2.96544e-13    -0.000657846
0.000540001    0.000320002    -9.35562e-05    5.14018e-13    -2.96546e-13    -0.000650159
0.000532478    0.000315544    -9.22528e-05    5.14017e-13    -2.96548e-13    -0.000641101
0.00052523    0.000311249    -9.09971e-05    5.14015e-13    -2.9655e-13    -0.000632374
0.000514918    0.000305139    -8.92105e-05    5.14014e-13    -2.96554e-13    -0.000619958
0.000504933    0.000299222    -8.74806e-05    5.14012e-13    -2.96557e-13    -0.000607937
0.00049658    0.000294272    -8.60333e-05    5.1401e-13    -2.96559e-13    -0.000597879
0.000487316    0.000288783    -8.44284e-05    5.14009e-13    -2.96562e-13    -0.000586726
0.000478309    0.000283445    -8.28679e-05    5.14007e-13    -2.96565e-13    -0.000575881
0.000471009    0.000279119    -8.16031e-05    5.14006e-13    -2.96567e-13    -0.000567092
0.000464584    0.000275312    -8.049e-05    5.14005e-13    -2.96569e-13    -0.000559357
0.000457954    0.000271383    -7.93413e-05    5.14003e-13    -2.96571e-13    -0.000551374
0.000450217    0.000266798    -7.80008e-05    5.14002e-13    -2.96574e-13    -0.000542058
0.000442845    0.000262429    -7.67236e-05    5.14001e-13    -2.96576e-13    -0.000533182
0.000437124    0.000259039    -7.57324e-05    5.14e-13    -2.96578e-13    -0.000526294
0.000431953    0.000255975    -7.48365e-05    5.13999e-13    -2.96579e-13    -0.000520068
0.000427192    0.000253154    -7.40117e-05    5.13998e-13    -2.96581e-13    -0.000514336
0.000422329    0.000250272    -7.31693e-05    5.13997e-13    -2.96582e-13    -0.000508482
0.000415222    0.000246061    -7.19379e-05    5.13996e-13    -2.96584e-13    -0.000499925
0.000409426    0.000242626    -7.09337e-05    5.13995e-13    -2.96586e-13    -0.000492946
0.000404032    0.00023943    -6.99993e-05    5.13994e-13    -2.96588e-13    -0.000486452
0.000398521    0.000236164    -6.90443e-05    5.13993e-13    -2.9659e-13    -0.000479816
0.000394053    0.000233516    -6.82704e-05    5.13992e-13    -2.96591e-13    -0.000474438
0.000388302    0.000230108    -6.7274e-05    5.13991e-13    -2.96593e-13    -0.000467513
0.000380649    0.000225573    -6.5948e-05    5.1399e-13    -2.96595e-13    -0.000458298
0.000374508    0.000221934    -6.48841e-05    5.13989e-13    -2.96597e-13    -0.000450905
0.000369653    0.000219057    -6.40429e-05    5.13988e-13    -2.96598e-13    -0.00044506
0.000363412    0.000215359    -6.29617e-05    5.13987e-13    -2.966e-13    -0.000437546
0.000356902    0.000211501    -6.18338e-05    5.13985e-13    -2.96602e-13    -0.000429708
0.000351487    0.000208292    -6.08956e-05    5.13984e-13    -2.96604e-13    -0.000423187
0.000347314    0.000205819    -6.01726e-05    5.13984e-13    -2.96605e-13    -0.000418163
0.000340667    0.00020188    -5.90211e-05    5.13983e-13    -2.96607e-13    -0.000410161
0.000335021    0.000198534    -5.80429e-05    5.13982e-13    -2.96609e-13    -0.000403363
0.000329825    0.000195455    -5.71426e-05    5.13981e-13    -2.96611e-13    -0.000397107
0.000325736    0.000193032    -5.64343e-05    5.1398e-13    -2.96612e-13    -0.000392184
0.000320564    0.000189967    -5.55381e-05    5.13979e-13    -2.96614e-13    -0.000385956
0.000315879    0.000187191    -5.47265e-05    5.13978e-13    -2.96615e-13    -0.000380316
0.000309997    0.000183706    -5.37075e-05    5.13977e-13    -2.96617e-13    -0.000373234
0.000305583    0.00018109    -5.29427e-05    5.13976e-13    -2.96618e-13    -0.000367919
0.000301673    0.000178772    -5.22652e-05    5.13976e-13    -2.96619e-13    -0.000363212
0.000297575    0.000176344    -5.15553e-05    5.13975e-13    -2.96621e-13    -0.000358278
0.000292334    0.000173238    -5.06473e-05    5.13974e-13    -2.96622e-13    -0.000351968
0.000287447    0.000170343    -4.98006e-05    5.13973e-13    -2.96624e-13    -0.000346084
0.000281661    0.000166914    -4.87981e-05    5.13972e-13    -2.96626e-13    -0.000339117
0.000277793    0.000164621    -4.8128e-05    5.13971e-13    -2.96627e-13    -0.00033446
0.000272441    0.00016145    -4.72008e-05    5.1397e-13    -2.96629e-13    -0.000328017
0.000269264    0.000159567    -4.66503e-05    5.1397e-13    -2.9663e-13    -0.000324191
0.000265387    0.00015727    -4.59786e-05    5.13969e-13    -2.96631e-13    -0.000319524
0.000262633    0.000155638    -4.55015e-05    5.13969e-13    -2.96632e-13    -0.000316208
0.000257863    0.000152811    -4.46752e-05    5.13968e-13    -2.96633e-13    -0.000310465
0.000253207    0.000150052    -4.38685e-05    5.13967e-13    -2.96634e-13    -0.00030486
0.000249845    0.00014806    -4.3286e-05    5.13966e-13    -2.96636e-13    -0.000300811
0.00024699    0.000146368    -4.27914e-05    5.13966e-13    -2.96636e-13    -0.000297374
0.000242301    0.000143589    -4.1979e-05    5.13965e-13    -2.96638e-13    -0.000291728
0.000238056    0.000141074    -4.12436e-05    5.13964e-13    -2.96639e-13    -0.000286618
0.000235489    0.000139553    -4.07988e-05    5.13964e-13    -2.9664e-13    -0.000283527
0.000232003    0.000137486    -4.01948e-05    5.13963e-13    -2.96641e-13    -0.000279329
0.000227325    0.000134714    -3.93843e-05    5.13962e-13    -2.96642e-13    -0.000273697
0.000223364    0.000132367    -3.86981e-05    5.13962e-13    -2.96644e-13    -0.000268929
0.000220597    0.000130727    -3.82187e-05    5.13961e-13    -2.96645e-13    -0.000265597
0.000217278    0.00012876    -3.76436e-05    5.1396e-13    -2.96646e-13    -0.0002616
0.000213149    0.000126314    -3.69283e-05    5.1396e-13    -2.96647e-13    -0.00025663
0.000210752    0.000124893    -3.6513e-05    5.13959e-13    -2.96648e-13    -0.000253743
0.000208357    0.000123474    -3.60981e-05    5.13959e-13    -2.96648e-13    -0.00025086
0.000205414    0.00012173    -3.55883e-05    5.13958e-13    -2.96649e-13    -0.000247317
0.000202678    0.000120109    -3.51142e-05    5.13958e-13    -2.9665e-13    -0.000244023
0.000199253    0.000118079    -3.45209e-05    5.13957e-13    -2.96651e-13    -0.000239899
0.000195587    0.000115906    -3.38856e-05    5.13957e-13    -2.96652e-13    -0.000235485
0.000193317    0.000114561    -3.34924e-05    5.13956e-13    -2.96653e-13    -0.000232752
0.000191223    0.00011332    -3.31296e-05    5.13956e-13    -2.96654e-13    -0.000230231
0.000189153    0.000112093    -3.27709e-05    5.13955e-13    -2.96654e-13    -0.000227738
0.000186337    0.000110425    -3.22831e-05    5.13955e-13    -2.96655e-13    -0.000224348
0.000182965    0.000108426    -3.16988e-05    5.13954e-13    -2.96656e-13    -0.000220288
0.000179815    0.00010656    -3.11531e-05    5.13954e-13    -2.96657e-13    -0.000216495
0.000177161    0.000104987    -3.06933e-05    5.13953e-13    -2.96658e-13    -0.0002133
0.000175122    0.000103779    -3.03401e-05    5.13953e-13    -2.96659e-13    -0.000210845
0.000172282    0.000102096    -2.98481e-05    5.13952e-13    -2.9666e-13    -0.000207426
0.000169507    0.000100451    -2.93673e-05    5.13952e-13    -2.9666e-13    -0.000204085
0.000166864    9.88852e-05    -2.89094e-05    5.13951e-13    -2.96661e-13    -0.000200903
0.000164151    9.72773e-05    -2.84393e-05    5.13951e-13    -2.96662e-13    -0.000197636
0.000161862    9.59209e-05    -2.80428e-05    5.13951e-13    -2.96663e-13    -0.00019488
0.000159703    9.46418e-05    -2.76688e-05    5.1395e-13    -2.96663e-13    -0.000192281
0.000156639    9.28261e-05    -2.7138e-05    5.1395e-13    -2.96664e-13    -0.000188593
0.000154275    9.14251e-05    -2.67284e-05    5.13949e-13    -2.96665e-13    -0.000185746
0.000152415    9.03229e-05    -2.64062e-05    5.13949e-13    -2.96666e-13    -0.000183507
0.000149913    8.88402e-05    -2.59727e-05    5.13948e-13    -2.96666e-13    -0.000180494
0.000147576    8.74552e-05    -2.55678e-05    5.13948e-13    -2.96667e-13    -0.000177681
0.000145142    8.60124e-05    -2.5146e-05    5.13948e-13    -2.96668e-13    -0.000174749
0.000142781    8.46132e-05    -2.47369e-05    5.13947e-13    -2.96669e-13    -0.000171906
0.000140968    8.35393e-05    -2.44229e-05    5.13947e-13    -2.96669e-13    -0.000169725
0.000138346    8.19855e-05    -2.39687e-05    5.13946e-13    -2.9667e-13    -0.000166568
0.000136825    8.10836e-05    -2.3705e-05    5.13946e-13    -2.9667e-13    -0.000164735
0.000135281    8.01686e-05    -2.34375e-05    5.13946e-13    -2.96671e-13    -0.000162876
0.00013264    7.86038e-05    -2.298e-05    5.13945e-13    -2.96672e-13    -0.000159697
0.000131049    7.76608e-05    -2.27043e-05    5.13945e-13    -2.96672e-13    -0.000157781
0.000129066    7.6486e-05    -2.23609e-05    5.13945e-13    -2.96673e-13    -0.000155394
0.000127447    7.55264e-05    -2.20803e-05    5.13944e-13    -2.96673e-13    -0.000153445
0.000125076    7.41214e-05    -2.16696e-05    5.13944e-13    -2.96674e-13    -0.00015059
0.000123422    7.3141e-05    -2.13829e-05    5.13944e-13    -2.96675e-13    -0.000148598
0.00012171    7.21266e-05    -2.10864e-05    5.13943e-13    -2.96675e-13    -0.000146538
0.000119382    7.0747e-05    -2.0683e-05    5.13943e-13    -2.96676e-13    -0.000143735
0.000117741    6.97744e-05    -2.03987e-05    5.13943e-13    -2.96676e-13    -0.000141759
0.000115569    6.84873e-05    -2.00224e-05    5.13942e-13    -2.96677e-13    -0.000139144
0.000113616    6.73302e-05    -1.96841e-05    5.13942e-13    -2.96678e-13    -0.000136793
0.000112402    6.66107e-05    -1.94738e-05    5.13942e-13    -2.96678e-13    -0.000135331
0.000110956    6.57536e-05    -1.92232e-05    5.13942e-13    -2.96678e-13    -0.00013359
0.000108946    6.45626e-05    -1.8875e-05    5.13941e-13    -2.96679e-13    -0.00013117
0.000107142    6.34937e-05    -1.85625e-05    5.13941e-13    -2.9668e-13    -0.000128998
0.000105142    6.23086e-05    -1.8216e-05    5.1394e-13    -2.9668e-13    -0.00012659
0.000103737    6.14757e-05    -1.79725e-05    5.1394e-13    -2.96681e-13    -0.000124898
0.000102439    6.07067e-05    -1.77477e-05    5.1394e-13    -2.96681e-13    -0.000123336
0.000101182    5.99615e-05    -1.75298e-05    5.1394e-13    -2.96682e-13    -0.000121822
9.95065e-05    5.89687e-05    -1.72396e-05    5.13939e-13    -2.96682e-13    -0.000119805
9.83713e-05    5.8296e-05    -1.70429e-05    5.13939e-13    -2.96682e-13    -0.000118438
9.6692e-05    5.73008e-05    -1.6752e-05    5.13939e-13    -2.96683e-13    -0.000116416
9.49384e-05    5.62616e-05    -1.64482e-05    5.13939e-13    -2.96683e-13    -0.000114305
9.32785e-05    5.5278e-05    -1.61606e-05    5.13938e-13    -2.96684e-13    -0.000112306
9.21297e-05    5.45972e-05    -1.59616e-05    5.13938e-13    -2.96684e-13    -0.000110923
9.08034e-05    5.38112e-05    -1.57318e-05    5.13938e-13    -2.96685e-13    -0.000109326
8.95795e-05    5.30859e-05    -1.55197e-05    5.13938e-13    -2.96685e-13    -0.000107853
8.82679e-05    5.23086e-05    -1.52925e-05    5.13937e-13    -2.96686e-13    -0.000106274
8.71553e-05    5.16493e-05    -1.50998e-05    5.13937e-13    -2.96686e-13    -0.000104934
8.59161e-05    5.09149e-05    -1.48851e-05    5.13937e-13    -2.96686e-13    -0.000103442
8.45703e-05    5.01174e-05    -1.46519e-05    5.13937e-13    -2.96687e-13    -0.000101822
8.35687e-05    4.95238e-05    -1.44784e-05    5.13937e-13    -2.96687e-13    -0.000100616
8.22435e-05    4.87385e-05    -1.42488e-05    5.13936e-13    -2.96687e-13    -9.90203e-05
8.13847e-05    4.82296e-05    -1.41e-05    5.13936e-13    -2.96688e-13    -9.79864e-05
8.02371e-05    4.75495e-05    -1.39012e-05    5.13936e-13    -2.96688e-13    -9.66046e-05
7.90991e-05    4.68751e-05    -1.3704e-05    5.13936e-13    -2.96688e-13    -9.52345e-05
7.8043e-05    4.62492e-05    -1.3521e-05    5.13936e-13    -2.96689e-13    -9.3963e-05
7.6661e-05    4.54303e-05    -1.32816e-05    5.13935e-13    -2.96689e-13    -9.22991e-05
7.56729e-05    4.48447e-05    -1.31104e-05    5.13935e-13    -2.96689e-13    -9.11094e-05
7.44011e-05    4.4091e-05    -1.28901e-05    5.13935e-13    -2.9669e-13    -8.95782e-05
7.32209e-05    4.33916e-05    -1.26856e-05    5.13935e-13    -2.9669e-13    -8.81572e-05
7.17943e-05    4.25462e-05    -1.24384e-05    5.13935e-13    -2.96691e-13    -8.64396e-05
7.05605e-05    4.18151e-05    -1.22247e-05    5.13934e-13    -2.96691e-13    -8.49541e-05
6.92634e-05    4.10464e-05    -1.2e-05    5.13934e-13    -2.96691e-13    -8.33924e-05
6.80665e-05    4.03371e-05    -1.17926e-05    5.13934e-13    -2.96692e-13    -8.19514e-05
6.71519e-05    3.97951e-05    -1.16341e-05    5.13934e-13    -2.96692e-13    -8.08502e-05
6.60273e-05    3.91287e-05    -1.14393e-05    5.13933e-13    -2.96692e-13    -7.94962e-05
6.53413e-05    3.87221e-05    -1.13204e-05    5.13933e-13    -2.96693e-13    -7.86702e-05
6.43196e-05    3.81166e-05    -1.11434e-05    5.13933e-13    -2.96693e-13    -7.74401e-05
6.31153e-05    3.74029e-05    -1.09348e-05    5.13933e-13    -2.96693e-13    -7.59901e-05
6.20753e-05    3.67866e-05    -1.07546e-05    5.13933e-13    -2.96694e-13    -7.4738e-05
6.10369e-05    3.61713e-05    -1.05747e-05    5.13933e-13    -2.96694e-13    -7.34878e-05
6.00906e-05    3.56105e-05    -1.04108e-05    5.13932e-13    -2.96694e-13    -7.23484e-05
5.923e-05    3.51005e-05    -1.02617e-05    5.13932e-13    -2.96694e-13    -7.13124e-05
5.82034e-05    3.44921e-05    -1.00838e-05    5.13932e-13    -2.96695e-13    -7.00763e-05
5.71862e-05    3.38893e-05    -9.90756e-06    5.13932e-13    -2.96695e-13    -6.88516e-05
5.61385e-05    3.32684e-05    -9.72606e-06    5.13932e-13    -2.96695e-13    -6.75902e-05
5.51788e-05    3.26997e-05    -9.55979e-06    5.13932e-13    -2.96696e-13    -6.64348e-05
5.45259e-05    3.23128e-05    -9.44668e-06    5.13931e-13    -2.96696e-13    -6.56487e-05
5.39469e-05    3.19696e-05    -9.34635e-06    5.13931e-13    -2.96696e-13    -6.49515e-05
5.33581e-05    3.16207e-05    -9.24434e-06    5.13931e-13    -2.96696e-13    -6.42426e-05
5.24423e-05    3.1078e-05    -9.08569e-06    5.13931e-13    -2.96697e-13    -6.314e-05
5.18032e-05    3.06993e-05    -8.97495e-06    5.13931e-13    -2.96697e-13    -6.23705e-05
5.09488e-05    3.01929e-05    -8.82693e-06    5.13931e-13    -2.96697e-13    -6.13418e-05
5.00665e-05    2.96701e-05    -8.67408e-06    5.13931e-13    -2.96697e-13    -6.02796e-05
4.92653e-05    2.91953e-05    -8.53527e-06    5.1393e-13    -2.96698e-13    -5.93149e-05
4.8758e-05    2.88946e-05    -8.44737e-06    5.1393e-13    -2.96698e-13    -5.87041e-05
4.82499e-05    2.85936e-05    -8.35935e-06    5.1393e-13    -2.96698e-13    -5.80924e-05
4.76061e-05    2.82121e-05    -8.24782e-06    5.1393e-13    -2.96698e-13    -5.73173e-05
4.69909e-05    2.78475e-05    -8.14122e-06    5.1393e-13    -2.96698e-13    -5.65766e-05
4.6198e-05    2.73776e-05    -8.00385e-06    5.1393e-13    -2.96699e-13    -5.56219e-05
4.5325e-05    2.68602e-05    -7.8526e-06    5.1393e-13    -2.96699e-13    -5.45708e-05
4.4776e-05    2.65349e-05    -7.75749e-06    5.1393e-13    -2.96699e-13    -5.39098e-05
4.41612e-05    2.61705e-05    -7.65098e-06    5.1393e-13    -2.96699e-13    -5.31696e-05
4.3411e-05    2.5726e-05    -7.52101e-06    5.13929e-13    -2.96699e-13    -5.22664e-05
4.2583e-05    2.52353e-05    -7.37754e-06    5.13929e-13    -2.967e-13    -5.12695e-05
4.18666e-05    2.48107e-05    -7.25343e-06    5.13929e-13    -2.967e-13    -5.04069e-05
4.13023e-05    2.44763e-05    -7.15567e-06    5.13929e-13    -2.967e-13    -4.97276e-05
4.05118e-05    2.40079e-05    -7.01871e-06    5.13929e-13    -2.967e-13    -4.87758e-05
4.00181e-05    2.37153e-05    -6.93317e-06    5.13929e-13    -2.967e-13    -4.81813e-05
3.95415e-05    2.34329e-05    -6.85061e-06    5.13929e-13    -2.96701e-13    -4.76076e-05
3.89355e-05    2.30737e-05    -6.74561e-06    5.13929e-13    -2.96701e-13    -4.68779e-05
3.82125e-05    2.26453e-05    -6.62035e-06    5.13929e-13    -2.96701e-13    -4.60074e-05
3.75596e-05    2.22584e-05    -6.50724e-06    5.13928e-13    -2.96701e-13    -4.52214e-05
3.68324e-05    2.18274e-05    -6.38125e-06    5.13928e-13    -2.96701e-13    -4.43458e-05
3.63809e-05    2.15598e-05    -6.30303e-06    5.13928e-13    -2.96702e-13    -4.38022e-05
3.58618e-05    2.12522e-05    -6.2131e-06    5.13928e-13    -2.96702e-13    -4.31772e-05
3.52382e-05    2.08826e-05    -6.10505e-06    5.13928e-13    -2.96702e-13    -4.24264e-05
3.4569e-05    2.04861e-05    -5.98912e-06    5.13928e-13    -2.96702e-13    -4.16208e-05
3.40228e-05    2.01624e-05    -5.89448e-06    5.13928e-13    -2.96702e-13    -4.0963e-05
3.34193e-05    1.98048e-05    -5.78993e-06    5.13928e-13    -2.96702e-13    -4.02365e-05
3.27634e-05    1.9416e-05    -5.67629e-06    5.13928e-13    -2.96703e-13    -3.94467e-05
3.23499e-05    1.9171e-05    -5.60465e-06    5.13927e-13    -2.96703e-13    -3.89489e-05
3.1716e-05    1.87954e-05    -5.49483e-06    5.13927e-13    -2.96703e-13    -3.81857e-05
3.12138e-05    1.84978e-05    -5.40783e-06    5.13927e-13    -2.96703e-13    -3.75811e-05
3.06004e-05    1.81342e-05    -5.30154e-06    5.13927e-13    -2.96703e-13    -3.68425e-05
3.01341e-05    1.78579e-05    -5.22077e-06    5.13927e-13    -2.96704e-13    -3.62812e-05
2.96576e-05    1.75755e-05    -5.13821e-06    5.13927e-13    -2.96704e-13    -3.57075e-05
2.90731e-05    1.72291e-05    -5.03695e-06    5.13927e-13    -2.96704e-13    -3.50037e-05
2.85411e-05    1.69139e-05    -4.94478e-06    5.13927e-13    -2.96704e-13    -3.43632e-05
2.8015e-05    1.66021e-05    -4.85363e-06    5.13927e-13    -2.96704e-13    -3.37298e-05
2.75602e-05    1.63326e-05    -4.77484e-06    5.13927e-13    -2.96704e-13    -3.31822e-05
2.70945e-05    1.60566e-05    -4.69416e-06    5.13927e-13    -2.96704e-13    -3.26215e-05
2.65445e-05    1.57307e-05    -4.59886e-06    5.13926e-13    -2.96705e-13    -3.19593e-05
2.6022e-05    1.5421e-05    -4.50833e-06    5.13926e-13    -2.96705e-13    -3.13301e-05
2.56688e-05    1.52117e-05    -4.44714e-06    5.13926e-13    -2.96705e-13    -3.09049e-05
2.51798e-05    1.49219e-05    -4.36243e-06    5.13926e-13    -2.96705e-13    -3.03162e-05
2.47719e-05    1.46802e-05    -4.29176e-06    5.13926e-13    -2.96705e-13    -2.98251e-05
2.43591e-05    1.44356e-05    -4.22024e-06    5.13926e-13    -2.96705e-13    -2.93281e-05
2.39233e-05    1.41773e-05    -4.14473e-06    5.13926e-13    -2.96705e-13    -2.88033e-05
2.34915e-05    1.39214e-05    -4.06992e-06    5.13926e-13    -2.96706e-13    -2.82835e-05
2.30622e-05    1.3667e-05    -3.99555e-06    5.13926e-13    -2.96706e-13    -2.77666e-05
2.27631e-05    1.34897e-05    -3.94372e-06    5.13926e-13    -2.96706e-13    -2.74065e-05
2.23913e-05    1.32694e-05    -3.87931e-06    5.13926e-13    -2.96706e-13    -2.69588e-05
2.20547e-05    1.30699e-05    -3.821e-06    5.13926e-13    -2.96706e-13    -2.65536e-05
2.17901e-05    1.29132e-05    -3.77516e-06    5.13926e-13    -2.96706e-13    -2.62351e-05
2.13924e-05    1.26774e-05    -3.70625e-06    5.13926e-13    -2.96706e-13    -2.57562e-05
2.09851e-05    1.24361e-05    -3.6357e-06    5.13925e-13    -2.96706e-13    -2.52659e-05
2.05851e-05    1.2199e-05    -3.56639e-06    5.13925e-13    -2.96706e-13    -2.47842e-05
2.02359e-05    1.19921e-05    -3.50588e-06    5.13925e-13    -2.96707e-13    -2.43638e-05
1.9944e-05    1.18191e-05    -3.45531e-06    5.13925e-13    -2.96707e-13    -2.40123e-05
1.96164e-05    1.1625e-05    -3.39856e-06    5.13925e-13    -2.96707e-13    -2.3618e-05
1.92974e-05    1.14359e-05    -3.3433e-06    5.13925e-13    -2.96707e-13    -2.32339e-05
1.89745e-05    1.12445e-05    -3.28734e-06    5.13925e-13    -2.96707e-13    -2.2845e-05
1.86764e-05    1.10679e-05    -3.23571e-06    5.13925e-13    -2.96707e-13    -2.24862e-05
1.84564e-05    1.09376e-05    -3.1976e-06    5.13925e-13    -2.96707e-13    -2.22213e-05
1.81593e-05    1.07615e-05    -3.14612e-06    5.13925e-13    -2.96707e-13    -2.18636e-05
1.79666e-05    1.06473e-05    -3.11273e-06    5.13925e-13    -2.96707e-13    -2.16316e-05
1.76554e-05    1.04629e-05    -3.05882e-06    5.13925e-13    -2.96707e-13    -2.12569e-05
1.73816e-05    1.03006e-05    -3.01137e-06    5.13925e-13    -2.96707e-13    -2.09272e-05
1.70576e-05    1.01086e-05    -2.95524e-06    5.13925e-13    -2.96708e-13    -2.05371e-05
1.6794e-05    9.95235e-06    -2.90957e-06    5.13925e-13    -2.96708e-13    -2.02197e-05
1.6602e-05    9.83862e-06    -2.87632e-06    5.13925e-13    -2.96708e-13    -1.99887e-05
1.63494e-05    9.68891e-06    -2.83255e-06    5.13925e-13    -2.96708e-13    -1.96845e-05
1.60969e-05    9.53926e-06    -2.7888e-06    5.13925e-13    -2.96708e-13    -1.93805e-05
1.59229e-05    9.43615e-06    -2.75866e-06    5.13925e-13    -2.96708e-13    -1.9171e-05
1.56293e-05    9.26218e-06    -2.7078e-06    5.13924e-13    -2.96708e-13    -1.88176e-05
1.54086e-05    9.13135e-06    -2.66955e-06    5.13924e-13    -2.96708e-13    -1.85518e-05
1.51516e-05    8.97907e-06    -2.62503e-06    5.13924e-13    -2.96708e-13    -1.82424e-05
1.49274e-05    8.84618e-06    -2.58618e-06    5.13924e-13    -2.96708e-13    -1.79724e-05
1.47522e-05    8.7424e-06    -2.55584e-06    5.13924e-13    -2.96708e-13    -1.77615e-05
1.4539e-05    8.61604e-06    -2.5189e-06    5.13924e-13    -2.96708e-13    -1.75048e-05
1.43534e-05    8.50604e-06    -2.48674e-06    5.13924e-13    -2.96708e-13    -1.72813e-05
1.41463e-05    8.38329e-06    -2.45086e-06    5.13924e-13    -2.96708e-13    -1.7032e-05
1.39981e-05    8.29546e-06    -2.42518e-06    5.13924e-13    -2.96708e-13    -1.68535e-05
1.37536e-05    8.1506e-06    -2.38283e-06    5.13924e-13    -2.96709e-13    -1.65592e-05
1.3533e-05    8.01985e-06    -2.3446e-06    5.13924e-13    -2.96709e-13    -1.62936e-05
1.32832e-05    7.87182e-06    -2.30133e-06    5.13924e-13    -2.96709e-13    -1.59928e-05
1.3069e-05    7.7449e-06    -2.26422e-06    5.13924e-13    -2.96709e-13    -1.5735e-05
1.28762e-05    7.63061e-06    -2.23081e-06    5.13924e-13    -2.96709e-13    -1.55028e-05
1.26818e-05    7.51541e-06    -2.19713e-06    5.13924e-13    -2.96709e-13    -1.52687e-05
1.24247e-05    7.36307e-06    -2.15259e-06    5.13924e-13    -2.96709e-13    -1.49592e-05
1.22896e-05    7.28299e-06    -2.12918e-06    5.13924e-13    -2.96709e-13    -1.47965e-05
1.21538e-05    7.20252e-06    -2.10566e-06    5.13924e-13    -2.96709e-13    -1.4633e-05
1.19507e-05    7.08217e-06    -2.07047e-06    5.13924e-13    -2.96709e-13    -1.43885e-05
1.17564e-05    6.96704e-06    -2.03681e-06    5.13924e-13    -2.96709e-13    -1.41546e-05
1.16094e-05    6.87992e-06    -2.01134e-06    5.13924e-13    -2.96709e-13    -1.39776e-05
1.14644e-05    6.794e-06    -1.98623e-06    5.13924e-13    -2.96709e-13    -1.38031e-05
1.12736e-05    6.6809e-06    -1.95316e-06    5.13924e-13    -2.96709e-13    -1.35733e-05
1.10534e-05    6.55044e-06    -1.91502e-06    5.13924e-13    -2.96709e-13    -1.33082e-05
1.08578e-05    6.4345e-06    -1.88113e-06    5.13924e-13    -2.96709e-13    -1.30727e-05
1.06958e-05    6.33848e-06    -1.85306e-06    5.13924e-13    -2.9671e-13    -1.28776e-05
1.05384e-05    6.24523e-06    -1.82579e-06    5.13924e-13    -2.9671e-13    -1.26882e-05
1.03403e-05    6.1278e-06    -1.79146e-06    5.13924e-13    -2.9671e-13    -1.24496e-05
1.01349e-05    6.00612e-06    -1.75589e-06    5.13923e-13    -2.9671e-13    -1.22024e-05
9.93425e-06    5.88719e-06    -1.72112e-06    5.13923e-13    -2.9671e-13    -1.19607e-05
9.74267e-06    5.77365e-06    -1.68793e-06    5.13923e-13    -2.9671e-13    -1.17301e-05
9.56769e-06    5.66996e-06    -1.65761e-06    5.13923e-13    -2.9671e-13    -1.15194e-05
9.43729e-06    5.59268e-06    -1.63502e-06    5.13923e-13    -2.9671e-13    -1.13624e-05
9.28967e-06    5.5052e-06    -1.60944e-06    5.13923e-13    -2.9671e-13    -1.11847e-05
9.17326e-06    5.43621e-06    -1.58928e-06    5.13923e-13    -2.9671e-13    -1.10445e-05
