0    0    0    0    1.87745e-322    2.61855e-322
0    0    0    0    4.1469e-13    3.40905e-322
0    0    0    0    0.890091    2.61855e-322
0    0    0    0    -0    2.61855e-322
0    0    0    0    0    3.40905e-322
0    0    0    0    0    1.82804e-322
0    0    0    0    -0    2.61855e-322
0    0    0    0    1    2.61855e-322
0    0    0    0    -0    2.61855e-322
0    0    0    0    0    3.40905e-322
0    0    0    0    0    1.82804e-322
0    0    0    0    7.16395e-321    1.82804e-322
0    0    0    0    8.73508e-321    1.13141e-321
0    0    0    0    2.37152e-322    1.82804e-322
0    0    0    0    9.13033e-321    1.13141e-321
0    0    0    0    -9.32796e-321    2.61855e-322
0    0    0    0    9.32796e-321    1.82804e-322
0    0    0    0    -0    2.61855e-322
0    0    0    0    -0    2.61855e-322
0    0    0    0    1    2.61855e-322
0    0    0    0    -0    2.61855e-322
0    0    0    0    0    3.40905e-322
0.0786158    -0.107335    1.13802    -0.00354558    0    1.82804e-322
0.0748079    -0.102701    1.08078    -0.00398605    -0    2.61855e-322
0.0711867    -0.0982392    1.02641    -0.00434767    1    2.61855e-322
0.0677392    -0.0939408    0.974736    -0.00463992    -0    2.61855e-322
0.064462    -0.0898096    0.925704    -0.00487051    0    2.61855e-322
0.0613446    -0.0858391    0.879158    -0.00504704    0    3.40905e-322
0.0582587    -0.0818702    0.833183    -0.005181    1    2.61855e-322
0.0554353    -0.0782048    0.79122    -0.00526721    -0    2.61855e-322
0.0527485    -0.0746869    0.751385    -0.00531729    0    3.40905e-322
0.0501911    -0.0713115    0.713564    -0.00533598    0    1.82804e-322
0.0477569    -0.0680746    0.677658    -0.00532749    -0    2.61855e-322
0.0454407    -0.0649727    0.643581    -0.00529561    1    2.61855e-322
0.0432334    -0.061997    0.611194    -0.00524363    -0    2.61855e-322
0.0411316    -0.0591458    0.580437    -0.00517454    0    3.40905e-322
0.0391295    -0.0564136    0.551215    -0.00509095    0    1.82804e-322
0.0372252    -0.0538006    0.523496    -0.00499536    -0    2.61855e-322
0.0354113    -0.0512986    0.497162    -0.00488972    1    2.61855e-322
0.0336844    -0.0489047    0.472156    -0.00477594    -0    2.61855e-322
0.0320394    -0.0466138    0.448397    -0.00465557    0    3.40905e-322
0.030473    -0.0444227    0.42583    -0.00453011    0    1.82804e-322
0.0287952    -0.0420658    0.401719    -0.00438433    -0    2.61855e-322
0.0273858    -0.0400774    0.38152    -0.00425218    1    2.61855e-322
0.0260438    -0.0381772    0.362331    -0.00411841    -0    2.61855e-322
0.0247661    -0.0363617    0.344104    -0.00398385    0    3.40905e-322
0.0235496    -0.0346276    0.32679    -0.00384921    0    1.82804e-322
0.0223923    -0.0329727    0.310353    -0.00371523    -0    2.61855e-322
0.0212904    -0.0313925    0.294736    -0.00358233    1    2.61855e-322
0.0202419    -0.0298846    0.279906    -0.00345103    -0    2.61855e-322
0.019244    -0.0284458    0.265819    -0.00332169    0    3.40905e-322
0.0182943    -0.0270731    0.25244    -0.00319465    0    1.82804e-322
0.0173914    -0.025765    0.239742    -0.0030703    -0    2.61855e-322
0.0165328    -0.0245183    0.227689    -0.00294881    1    2.61855e-322
0.0157158    -0.0233294    0.216239    -0.00283028    -0    2.61855e-322
0.0149387    -0.0221965    0.205367    -0.00271491    0    3.40905e-322
0.0141991    -0.0211161    0.195035    -0.00260272    0    1.82804e-322
0.013495    -0.0200858    0.185215    -0.00249375    -0    2.61855e-322
0.012826    -0.0191052    0.175898    -0.00238825    1    2.61855e-322
0.01219    -0.0181715    0.167053    -0.0022862    -0    2.61855e-322
0.0115851    -0.0172822    0.158653    -0.00218756    0    3.40905e-322
0.0110098    -0.016435    0.150672    -0.00209227    0    1.82804e-322
0.0104626    -0.0156282    0.143092    -0.00200036    -0    2.61855e-322
0.00992594    -0.014836    0.135666    -0.001909    1    2.61855e-322
0.0094322    -0.0141061    0.128843    -0.00182385    -0    2.61855e-322
0.00896237    -0.0134108    0.122357    -0.00174187    0    3.40905e-322
0.00851566    -0.012749    0.116196    -0.00166306    0    1.82804e-322
0.00809133    -0.0121197    0.11035    -0.00158741    -0    2.61855e-322
0.00768802    -0.011521    0.104799    -0.00151481    1    2.61855e-322
0.00730476    -0.0109516    0.0995285    -0.00144518    -0    2.61855e-322
0.00693999    -0.0104091    0.0945167    -0.00137833    0    3.40905e-322
0.00659349    -0.00989335    0.08976    -0.00131431    0    1.82804e-322
0.00626425    -0.0094029    0.0852437    -0.00125301    -0    2.61855e-322
0.00595136    -0.00893647    0.080955    -0.00119434    1    2.61855e-322
0.00565409    -0.008493    0.0768834    -0.00113821    -0    2.61855e-322
0.00537121    -0.00807072    0.0730116    -0.00108445    0    3.40905e-322
0.00510267    -0.00766958    0.0693384    -0.00103311    0    1.82804e-322
0.00484753    -0.00728824    0.0658508    -0.000984044    -0    2.61855e-322
0.00460502    -0.00692554    0.0625377    -0.000937155    1    2.61855e-322
0.00437427    -0.00658026    0.0593871    -0.000892311    -0    2.61855e-322
0.00415525    -0.00625236    0.0563984    -0.000849541    0    3.40905e-322
0.00394732    -0.00594089    0.0535623    -0.000808748    0    1.82804e-322
0.00374974    -0.0056448    0.0508688    -0.000769818    -0    2.61855e-322
0.00356183    -0.00536308    0.0483083    -0.000732642    1    2.61855e-322
0.00338341    -0.00509548    0.0458783    -0.000697207    -0    2.61855e-322
0.00321393    -0.00484117    0.0435709    -0.000663422    0    3.40905e-322
0.00305287    -0.00459941    0.0413792    -0.000631206    0    1.82804e-322
0.00289979    -0.00436954    0.0392967    -0.000600484    -0    2.61855e-322
0.00275435    -0.00415107    0.037319    -0.000571204    1    2.61855e-322
0.00261607    -0.00394329    0.0354393    -0.000543284    -0    2.61855e-322
0.00248492    -0.00374616    0.0336571    -0.00051673    0    3.40905e-322
0.00236004    -0.00355841    0.0319607    -0.000491378    0    1.82804e-322
0.00224166    -0.00338038    0.030353    -0.000467286    -0    2.61855e-322
0.00212912    -0.00321107    0.028825    -0.000444326    1    2.61855e-322
0.00201862    -0.0030448    0.0273253    -0.000421733    -0    2.61855e-322
0.00191733    -0.00289235    0.0259508    -0.000400977    0    3.40905e-322
0.00182114    -0.00274754    0.0246459    -0.000381226    0    1.82804e-322
0.00172973    -0.00260991    0.0234062    -0.000362423    -0    2.61855e-322
0.00164293    -0.00247918    0.0222291    -0.000344533    1    2.61855e-322
0.00156036    -0.00235481    0.0211098    -0.000327487    -0    2.61855e-322
0.00148202    -0.00223678    0.020048    -0.000311288    0    3.40905e-322
0.00140761    -0.00212466    0.0190396    -0.000295878    0    1.82804e-322
0.00133687    -0.00201804    0.0180811    -0.000281205    -0    2.61855e-322
0.00126966    -0.00191674    0.0171707    -0.000267247    1    2.61855e-322
0.00120587    -0.00182057    0.0163067    -0.000253981    -0    2.61855e-322
0.00114526    -0.00172918    0.0154859    -0.00024136    0    3.40905e-322
0.00108772    -0.0016424    0.0147067    -0.000229363    0    1.82804e-322
0.00103304    -0.00155994    0.0139665    -0.000217952    -0    2.61855e-322
0.00098113    -0.00148164    0.0132638    -0.000207106    1    2.61855e-322
0.000931833    -0.00140727    0.0125965    -0.000196796    -0    2.61855e-322
0.000885022    -0.00133665    0.011963    -0.000186996    0    3.40905e-322
0.00084049    -0.00126946    0.0113604    -0.000177665    0    1.82804e-322
0.000798136    -0.00120554    0.0107874    -0.000168783    -0    2.61855e-322
0.000758033    -0.00114502    0.0102448    -0.000160365    1    2.61855e-322
0.000719942    -0.00108753    0.00972956    -0.000152364    -0    2.61855e-322
0.000683747    -0.0010329    0.00923999    -0.000144756    0    3.40905e-322
0.000649362    -0.000980992    0.00877493    -0.000137523    0    1.82804e-322
0.00061672    -0.000931713    0.00833349    -0.000130652    -0    2.61855e-322
0.000585716    -0.000884906    0.00791423    -0.000124122    1    2.61855e-322
0.000556268    -0.000840443    0.00751605    -0.000117916    -0    2.61855e-322
0.00052828    -0.000798183    0.00713763    -0.000112014    0    3.40905e-322
0.000501722    -0.000758078    0.00677857    -0.00010641    0    1.82804e-322
0.000476487    -0.00071997    0.00643743    -0.000101083    -0    2.61855e-322
0.00045254    -0.000683804    0.00611371    -9.60255e-05    1    2.61855e-322
0.000429763    -0.000649404    0.00580583    -9.12129e-05    -0    2.61855e-322
0.000408145    -0.000616753    0.00551364    -8.66431e-05    0    3.40905e-322
0.000387629    -0.000585764    0.00523634    -8.23044e-05    0    1.82804e-322
0.00036814    -0.000556326    0.00497295    -7.81814e-05    -0    2.61855e-322
0.000349623    -0.000528355    0.00472271    -7.42625e-05    1    2.61855e-322
0.00033204    -0.000501793    0.0044851    -7.05399e-05    -0    2.61855e-322
0.000315342    -0.000476567    0.00425945    -6.70035e-05    0    3.40905e-322
0.000299483    -0.000452608    0.00404516    -6.36437e-05    0    1.82804e-322
0.000284421    -0.000429852    0.00384164    -6.04518e-05    -0    2.61855e-322
0.000270107    -0.000408226    0.00364824    -5.74176e-05    1    2.61855e-322
0.000256523    -0.000387701    0.0034647    -5.45371e-05    -0    2.61855e-322
0.000243628    -0.000368217    0.00329048    -5.18022e-05    0    3.40905e-322
0.000231377    -0.000349706    0.00312496    -4.92031e-05    0    1.82804e-322
0.000219738    -0.000332119    0.00296772    -4.67334e-05    -0    2.61855e-322
0.00020869    -0.000315426    0.00281848    -4.43887e-05    1    2.61855e-322
0.00019819    -0.000299558    0.00267663    -4.21595e-05    0    3.40905e-322
0.000188216    -0.000284486    0.0025419    -4.00418e-05    0    3.40905e-322
0.000177945    -0.000268964    0.00240315    -3.78605e-05    1    2.61855e-322
0.000168995    -0.000255439    0.00228225    -3.59594e-05    -0    2.61855e-322
0.000160498    -0.000242599    0.00216749    -3.41544e-05    0    3.40905e-322
0.00015242    -0.000230391    0.00205837    -3.24379e-05    0    1.82804e-322
0.000144748    -0.000218796    0.00195475    -3.08075e-05    1    2.61855e-322
0.000137471    -0.000207798    0.00185645    -2.92607e-05    4.34827e-320    2.61855e-322
0.000130558    -0.000197349    0.00176308    -2.77911e-05    6.9272e-310    3.40905e-322
0.000123987    -0.000187418    0.00167433    -2.6394e-05    0    3.40905e-322
0.00011775    -0.000177992    0.0015901    -2.5068e-05    -0    2.61855e-322
0.000111829    -0.000169042    0.00151012    -2.38087e-05    1    2.61855e-322
0.000106205    -0.000160542    0.00143417    -2.26126e-05    -0    2.61855e-322
0.000100863    -0.000152469    0.00136203    -2.14765e-05    0    3.40905e-322
9.57877e-05    -0.000144797    0.00129348    -2.03967e-05    0    1.82804e-322
9.09663e-05    -0.000137509    0.00122837    -1.9371e-05    -0    2.61855e-322
8.63919e-05    -0.000130595    0.00116659    -1.83977e-05    1    2.61855e-322
8.2046e-05    -0.000124026    0.0011079    -1.7473e-05    -0    2.61855e-322
7.7918e-05    -0.000117787    0.00105215    -1.65945e-05    0    3.40905e-322
7.40003e-05    -0.000111865    0.000999244    -1.57608e-05    0    1.82804e-322
7.02802e-05    -0.000106242    0.000949005    -1.4969e-05    -0    2.61855e-322
6.67444e-05    -0.000100897    0.000901257    -1.42164e-05    1    2.61855e-322
6.3388e-05    -9.58237e-05    0.000855932    -1.35019e-05    -0    2.61855e-322
6.02005e-05    -9.10054e-05    0.000812887    -1.28234e-05    0    3.40905e-322
5.71729e-05    -8.64289e-05    0.000772003    -1.21788e-05    0    1.82804e-322
5.42974e-05    -8.20823e-05    0.000733173    -1.15666e-05    -0    2.61855e-322
5.1565e-05    -7.79518e-05    0.000696275    -1.09848e-05    1    2.61855e-322
4.89719e-05    -7.4032e-05    0.000661258    -1.04327e-05    -0    2.61855e-322
4.65095e-05    -7.03097e-05    0.000628007    -9.90836e-06    0    3.40905e-322
4.41706e-05    -6.67741e-05    0.000596423    -9.4103e-06    0    1.82804e-322
4.1947e-05    -6.34129e-05    0.000566398    -8.93678e-06    -0    2.61855e-322
3.98366e-05    -6.02227e-05    0.0005379    -8.48734e-06    1    2.61855e-322
3.78337e-05    -5.71948e-05    0.000510854    -8.06076e-06    -0    2.61855e-322
3.59315e-05    -5.43193e-05    0.000485168    -7.65562e-06    0    3.40905e-322
3.41229e-05    -5.15853e-05    0.000460746    -7.27041e-06    0    1.82804e-322
3.24069e-05    -4.89913e-05    0.000437575    -6.90491e-06    -0    2.61855e-322
3.07774e-05    -4.65279e-05    0.000415571    -6.55781e-06    1    2.61855e-322
2.92293e-05    -4.41876e-05    0.000394668    -6.22805e-06    -0    2.61855e-322
2.77595e-05    -4.19658e-05    0.000374821    -5.91496e-06    0    3.40905e-322
2.63632e-05    -3.9855e-05    0.000355968    -5.61753e-06    0    1.82804e-322
2.50374e-05    -3.78506e-05    0.000338064    -5.33507e-06    -0    2.61855e-322
2.37778e-05    -3.59465e-05    0.000321057    -5.06674e-06    1    2.61855e-322
2.25821e-05    -3.41389e-05    0.000304911    -4.812e-06    -0    2.61855e-322
2.14456e-05    -3.24209e-05    0.000289566    -4.56989e-06    0    3.40905e-322
2.03661e-05    -3.07889e-05    0.00027499    -4.3399e-06    0    1.82804e-322
