0    0    0    0    2.37152e-322    1.82804e-322
0    0    0    0    0    3.40905e-322
0    0    0    0    -0    2.61855e-322
0    0    0    0    -0    2.61855e-322
0    0    0    0    -0    2.61855e-322
0    0    0    0    -0    2.61855e-322
0    0    0    0    -0    2.61855e-322
0    0    0    0    -0    2.61855e-322
0    0    0    0    -0    2.61855e-322
0    0    0    0    -0    2.61855e-322
0    0    0    0    -0    2.61855e-322
0    0    0    0    0    3.40905e-322
0    0    0    0    2.37152e-322    2.61855e-322
0    0    0    0    1    2.61855e-322
0    0    0    0    1    2.61855e-322
0    0    0    0    -0    2.61855e-322
0    0    0    0    0    3.40905e-322
0    0    0    0    0    1.82804e-322
0    0    0    0    -0    2.61855e-322
0    0    0    0    1    2.61855e-322
0    0    0    0    -0    2.61855e-322
0    0    0    0    0    3.40905e-322
0    0    0    0    0    1.82804e-322
0    0    0    0    -0    2.61855e-322
0    0    0    0    1    2.61855e-322
0    0    0    0    -0    2.61855e-322
0    0    0    0    0    3.40905e-322
0    0    0    0    0    1.82804e-322
0    0    0    0    -0    2.61855e-322
0    0    0    0    1    2.61855e-322
0    0    0    0    -0    2.61855e-322
0    0    0    0    0    3.40905e-322
0    0    0    0    0    1.82804e-322
0    0    0    0    -0    2.61855e-322
0    0    0    0    1    2.61855e-322
0    0    0    0    -0    2.61855e-322
0    0    0    0    0    3.40905e-322
0    0    0    0    0    1.82804e-322
0    0    0    0    -0    2.61855e-322
0    0    0    0    1    2.61855e-322
0    0    0    0    0    3.40905e-322
0    0    0    0    0    3.40905e-322
0    0    0    0    1    2.61855e-322
0    0    0    0    -0    2.61855e-322
0    0    0    0    0    3.40905e-322
0    0    0    0    0    1.82804e-322
0    0    0    0    -0    2.61855e-322
0    0    0    0    1.97527e-320    2.61855e-322
0    0    0    0    2.37152e-322    1.82804e-322
0    0    0    0    1    2.61855e-322
0    0    0    0    2.03456e-320    1.82804e-322
0    0    0    0    0    3.40905e-322
0    0    0    0    0    3.40905e-322
0    0    0    0    1    2.61855e-322
0    0    0    0    1    2.61855e-322
0    0    0    0    1    2.61855e-322
0    0    0    0    2.15314e-320    1.82804e-322
0    0    0    0    -0    2.61855e-322
0    0    0    0    -0    2.61855e-322
0    0    0    0    -0    2.61855e-322
0    0    0    0    0    3.40905e-322
0    0    0    0    2.37152e-322    2.61855e-322
0    0    0    0    0    3.40905e-322
0    0    0    0    1    2.61855e-322
0    0    0    0    -0    2.61855e-322
0    0    0    0    0    3.40905e-322
0    0    0    0    0    1.82804e-322
0    0    0    0    -0    2.61855e-322
0    0    0    0    1    2.61855e-322
0    0    0    0    -0    2.61855e-322
0    0    0    0    0    3.40905e-322
0    0    0    0    0    1.82804e-322
0    0    0    0    -0    2.61855e-322
0.0786158    -0.107335    1.13802    -0.00354558    1    2.61855e-322
0.0774579    -0.105929    1.12062    -0.00368256    -0    2.61855e-322
0.0763155    -0.104537    1.10345    -0.00381224    1    2.61855e-322
0.0751885    -0.103158    1.08652    -0.00393483    0    3.40905e-322
0.0740814    -0.101798    1.0699    -0.0040501    2.37152e-322    1.82804e-322
0.0729903    -0.100454    1.05352    -0.00415868    0    1.82804e-322
0.0719147    -0.0991231    1.03739    -0.00426084    4.12852e-13    3.40905e-322
0.0708555    -0.0978085    1.0215    -0.0043567    1    2.61855e-322
0.0698125    -0.0965095    1.00587    -0.0044465    -0    2.61855e-322
0.068786    -0.0952268    0.990495    -0.00453041    0    3.40905e-322
0.0677738    -0.0939578    0.97534    -0.00460882    0    1.82804e-322
0.0667776    -0.0927047    0.960433    -0.00468179    -0    2.61855e-322
0.0657951    -0.091465    0.945739    -0.00474965    1    2.61855e-322
0.0648266    -0.0902393    0.931264    -0.00481257    -0    2.61855e-322
0.0638737    -0.0890296    0.917029    -0.00487061    0    3.40905e-322
0.0629336    -0.0878326    0.902995    -0.00492412    0    1.82804e-322
0.0620011    -0.0866416    0.889081    -0.00497352    -0    2.61855e-322
0.0610901    -0.0854749    0.875499    -0.00501822    1    2.61855e-322
0.0601888    -0.0843173    0.862069    -0.005059    -0    2.61855e-322
0.0593029    -0.0831763    0.848878    -0.00509574    3.00046e-320    3.40905e-322
0.0584312    -0.0820506    0.835907    -0.00512864    455.432    1.82804e-322
0.0574139    -0.0807332    0.82078    -0.00516314    1    2.61855e-322
0.056568    -0.0796345    0.808212    -0.00518835    3.20006e-320    1.82804e-322
0.0557356    -0.0785505    0.795853    -0.00521019    -0    2.61855e-322
0.0549122    -0.0774757    0.783638    -0.00522891    1    2.61855e-322
0.0541029    -0.0764165    0.771639    -0.00524451    1    2.61855e-322
0.0533042    -0.0753688    0.759807    -0.00525718    -0    2.61855e-322
0.0525195    -0.0743369    0.748191    -0.00526699    0    3.40905e-322
0.0517461    -0.0733176    0.73675    -0.0052741    0    1.82804e-322
0.0509823    -0.0723086    0.72546    -0.00527863    -0    2.61855e-322
0.0502303    -0.0713129    0.714353    -0.00528067    1    2.61855e-322
0.04949    -0.0703305    0.703426    -0.00528034    -0    2.61855e-322
0.0487609    -0.069361    0.692674    -0.00527773    0    3.40905e-322
0.0480426    -0.0684038    0.682089    -0.00527296    0    1.82804e-322
0.0473337    -0.0674571    0.67165    -0.0052661    -0    2.61855e-322
0.0466361    -0.0665237    0.661386    -0.00525726    1    2.61855e-322
0.045948    -0.065601    0.651269    -0.00524652    -0    2.61855e-322
0.0452678    -0.0646872    0.641277    -0.00523393    0    3.40905e-322
0.0445988    -0.0637866    0.631457    -0.00521962    0    1.82804e-322
0.0439403    -0.0628985    0.621797    -0.00520369    -0    2.61855e-322
0.0432911    -0.0620214    0.612284    -0.00518617    1    2.61855e-322
0.0426513    -0.0611553    0.602914    -0.00516716    -0    2.61855e-322
0.0420219    -0.0603017    0.593703    -0.00514675    0    3.40905e-322
0.0413989    -0.0594554    0.584594    -0.0051249    0    1.82804e-322
0.0407875    -0.0586233    0.575661    -0.00510185    -0    2.61855e-322
0.040185    -0.057802    0.566866    -0.00507758    1    2.61855e-322
0.0395891    -0.0569882    0.558172    -0.00505206    -0    2.61855e-322
0.0390025    -0.0561859    0.549622    -0.00502547    0    3.40905e-322
0.0384258    -0.0553959    0.541224    -0.0049979    0    1.82804e-322
0.0378553    -0.054613    0.53292    -0.00496923    -0    2.61855e-322
0.037294    -0.0538416    0.524758    -0.00493968    1    2.61855e-322
0.0367413    -0.0530808    0.516726    -0.00490928    -0    2.61855e-322
0.0361959    -0.0523291    0.508809    -0.00487801    0    3.40905e-322
0.0356594    -0.0515884    0.501025    -0.00484601    0    1.82804e-322
0.035131    -0.0508578    0.493364    -0.0048133    -0    2.61855e-322
0.0346086    -0.0501345    0.485797    -0.0047798    1    2.61855e-322
0.0340938    -0.0494207    0.478344    -0.00474565    -0    2.61855e-322
0.0335779    -0.0487045    0.470883    -0.00471032    0    3.40905e-322
0.0330796    -0.0480116    0.46368    -0.0046751    0    1.82804e-322
0.032588    -0.0473271    0.45658    -0.00463933    -0    2.61855e-322
0.0320506    -0.046578    0.448826    -0.00459909    1    2.61855e-322
0.0315749    -0.0459139    0.441966    -0.00456241    -0    2.61855e-322
0.0311055    -0.0452577    0.435202    -0.00452528    0    3.40905e-322
0.0305923    -0.0445394    0.427813    -0.00448365    0    1.82804e-322
0.0301377    -0.0439023    0.421273    -0.00444581    -0    2.61855e-322
0.0296887    -0.0432723    0.414818    -0.00440758    1    2.61855e-322
0.0292455    -0.0426497    0.408451    -0.00436901    0    3.40905e-322
0.0288098    -0.042037    0.402197    -0.00433029    0    3.40905e-322
0.0283229    -0.0413513    0.395211    -0.00428608    1    2.61855e-322
0.0279004    -0.0407557    0.389155    -0.00424689    -0    2.61855e-322
0.0274844    -0.0401685    0.383196    -0.00420756    0    3.40905e-322
0.0270731    -0.0395874    0.377309    -0.00416795    0    1.82804e-322
0.0266691    -0.039016    0.37153    -0.00412835    -0    2.61855e-322
0.026272    -0.0384537    0.365854    -0.00408876    1    2.61855e-322
0.025879    -0.0378967    0.36024    -0.00404892    -0    2.61855e-322
0.0254923    -0.037348    0.35472    -0.00400908    0    3.40905e-322
0.0251111    -0.0368066    0.349281    -0.00396918    0    1.82804e-322
0.0247354    -0.0362725    0.343925    -0.00392927    -0    2.61855e-322
0.0243653    -0.0357459    0.338652    -0.00388937    1    2.61855e-322
0.0240014    -0.0352276    0.333472    -0.00384957    -0    2.61855e-322
0.0236406    -0.0347131    0.328337    -0.00380955    0    3.40905e-322
0.0232873    -0.034209    0.323313    -0.00376984    0    1.82804e-322
0.0229395    -0.0337123    0.318371    -0.00373023    -0    2.61855e-322
0.022596    -0.0332213    0.313493    -0.00369062    1    2.61855e-322
0.0222583    -0.0327381    0.3087    -0.00365118    -0    2.61855e-322
0.0219249    -0.0322608    0.303972    -0.00361178    0    3.40905e-322
0.0215963    -0.0317898    0.299314    -0.00357249    0    1.82804e-322
0.0212725    -0.0313253    0.294725    -0.00353331    -0    2.61855e-322
0.020954    -0.0308681    0.290216    -0.00349436    1    2.61855e-322
0.0206398    -0.0304167    0.28577    -0.00345551    -0    2.61855e-322
0.0203306    -0.0299721    0.281397    -0.00341687    0    3.40905e-322
0.0200262    -0.0295341    0.277095    -0.00337844    0    1.82804e-322
0.0197252    -0.0291007    0.272844    -0.00334007    -0    2.61855e-322
0.0194291    -0.028674    0.268664    -0.00330194    1    2.61855e-322
0.0191378    -0.0282539    0.264553    -0.00326406    -0    2.61855e-322
0.0188499    -0.0278384    0.260493    -0.00322628    0    3.40905e-322
0.0185659    -0.0274283    0.256491    -0.00318868    0    1.82804e-322
0.0182875    -0.027026    0.25257    -0.00315148    -0    2.61855e-322
0.0180126    -0.0266284    0.248699    -0.00311443    1    2.61855e-322
0.0177423    -0.0262372    0.244896    -0.00307769    -0    2.61855e-322
0.0174761    -0.0258518    0.241152    -0.00304122    0    3.40905e-322
0.0172132    -0.0254707    0.237456    -0.00300489    0    1.82804e-322
0.016955    -0.0250964    0.23383    -0.00296895    -0    2.61855e-322
0.0167004    -0.024727    0.230255    -0.00293322    1    2.61855e-322
0.016449    -0.024362    0.226726    -0.00289768    -0    2.61855e-322
0.016202    -0.0240031    0.223261    -0.0028625    0    3.40905e-322
0.0159582    -0.0236488    0.219843    -0.00282753    0    1.82804e-322
0.0157176    -0.0232989    0.216472    -0.00279277    -0    2.61855e-322
0.0154812    -0.0229547    0.213159    -0.00275837    1    2.61855e-322
0.015248    -0.0226152    0.209895    -0.00272423    -0    2.61855e-322
0.0150181    -0.0222802    0.206677    -0.00269033    0    3.40905e-322
0.014792    -0.0219507    0.203516    -0.00265679    0    1.82804e-322
0.0145695    -0.0216262    0.200405    -0.00262357    -0    2.61855e-322
0.0143499    -0.0213057    0.197336    -0.00259058    1    2.61855e-322
0.0141332    -0.0209892    0.194309    -0.00255782    -0    2.61855e-322
0.0139204    -0.0206783    0.191337    -0.00252546    0    3.40905e-322
0.0137101    -0.020371    0.188403    -0.00249331    0    1.82804e-322
0.0135031    -0.0200683    0.185516    -0.00246148    -0    2.61855e-322
0.0132997    -0.0197707    0.18268    -0.00243002    1    2.61855e-322
0.0130988    -0.0194766    0.179879    -0.00239877    -0    2.61855e-322
0.0129011    -0.0191871    0.177125    -0.00236786    0    3.40905e-322
0.0127064    -0.0189017    0.174413    -0.00233726    0    1.82804e-322
0.0125141    -0.0186199    0.171737    -0.00230689    -0    2.61855e-322
0.0123249    -0.0183424    0.169104    -0.00227685    1    2.61855e-322
0.0121389    -0.0180695    0.166517    -0.00224717    -0    2.61855e-322
0.0119552    -0.0177999    0.163963    -0.00221773    0    3.40905e-322
0.0117747    -0.0175348    0.161454    -0.00218865    0    1.82804e-322
0.0115967    -0.0172732    0.15898    -0.00215984    -0    2.61855e-322
0.011421    -0.0170151    0.156541    -0.00213129    1    2.61855e-322
0.0112482    -0.016761    0.154142    -0.00210307    -0    2.61855e-322
0.0110783    -0.016511    0.151784    -0.0020752    0    3.40905e-322
0.0109109    -0.0162647    0.149462    -0.00204763    0    1.82804e-322
0.0107457    -0.0160216    0.147172    -0.00202032    -0    2.61855e-322
0.0105832    -0.0157822    0.144918    -0.00199332    1    2.61855e-322
0.0104229    -0.015546    0.142697    -0.00196659    -0    2.61855e-322
0.0102652    -0.0153137    0.140513    -0.0019402    0    3.40905e-322
0.0101096    -0.0150843    0.138359    -0.00191405    0    1.82804e-322
0.00995659    -0.0148585    0.13624    -0.00188823    -0    2.61855e-322
0.00978252    -0.0146017    0.133831    -0.00185875    1    2.61855e-322
0.00963015    -0.0143768    0.131723    -0.00183284    -0    2.61855e-322
0.00948391    -0.0141609    0.129701    -0.00180788    0    3.40905e-322
0.00934031    -0.0139487    0.127716    -0.00178328    0    1.82804e-322
0.00919911    -0.0137401    0.125765    -0.00175901    -0    2.61855e-322
0.00905977    -0.0135342    0.12384    -0.00173498    1    2.61855e-322
0.00892256    -0.0133313    0.121945    -0.00171124    -0    2.61855e-322
0.00878743    -0.0131314    0.120079    -0.00168778    0    3.40905e-322
0.00865429    -0.0129344    0.118241    -0.00166459    0    1.82804e-322
0.00852335    -0.0127407    0.116434    -0.00164171    -0    2.61855e-322
0.0083943    -0.0125496    0.114654    -0.0016191    1    2.61855e-322
0.0082672    -0.0123614    0.112901    -0.00159676    -0    2.61855e-322
0.00814173    -0.0121755    0.111171    -0.00157463    0    3.40905e-322
0.00801816    -0.0119924    0.109468    -0.00155278    0    1.82804e-322
0.00789596    -0.0118113    0.107785    -0.00153111    -0    2.61855e-322
0.00777634    -0.011634    0.106137    -0.00150984    1    2.61855e-322
0.00765848    -0.0114592    0.104514    -0.00148882    -0    2.61855e-322
0.00754234    -0.0112869    0.102915    -0.00146806    0    3.40905e-322
0.00742801    -0.0111173    0.101341    -0.00144756    0    1.82804e-322
0.00731501    -0.0109496    0.0997859    -0.00142724    -0    2.61855e-322
0.0072039    -0.0107846    0.0982574    -0.00140722    1    2.61855e-322
0.0070945    -0.0106222    0.0967527    -0.00138745    -0    2.61855e-322
0.00698676    -0.0104622    0.0952713    -0.00136794    0    3.40905e-322
0.00688074    -0.0103046    0.0938138    -0.00134869    0    1.82804e-322
0.00677631    -0.0101495    0.0923786    -0.00132968    -0    2.61855e-322
0.00667344    -0.00999655    0.090965    -0.00131091    1    2.61855e-322
0.00657188    -0.00984555    0.0895698    -0.00129234    -0    2.61855e-322
0.00647209    -0.00969716    0.0881993    -0.00127405    0    3.40905e-322
0.00637372    -0.00955084    0.0868486    -0.00125598    0    1.82804e-322
0.00627685    -0.00940673    0.0855189    -0.00123815    -0    2.61855e-322
0.00618152    -0.00926486    0.0842104    -0.00122056    1    2.61855e-322
0.00608764    -0.00912512    0.0829222    -0.0012032    -0    2.61855e-322
0.00599503    -0.00898726    0.0816517    -0.00118604    0    3.40905e-322
0.00590395    -0.00885163    0.0804025    -0.00116913    0    1.82804e-322
0.00581404    -0.00871772    0.0791696    -0.00115241    -0    2.61855e-322
0.0057256    -0.00858597    0.077957    -0.00113592    1    2.61855e-322
0.00563864    -0.0084564    0.076765    -0.00111968    -0    2.61855e-322
0.00555276    -0.00832842    0.0755881    -0.00110361    0    3.40905e-322
0.00546828    -0.00820249    0.0744305    -0.00108777    0    1.82804e-322
0.00538521    -0.00807866    0.0732926    -0.00107217    -0    2.61855e-322
0.00530333    -0.00795657    0.0721712    -0.00105677    1    2.61855e-322
0.00522275    -0.00783638    0.0710676    -0.00104157    -0    2.61855e-322
0.00514318    -0.00771769    0.0699783    -0.00102655    0    3.40905e-322
0.00506491    -0.00760092    0.0689068    -0.00101175    0    1.82804e-322
0.00498769    -0.00748569    0.06785    -0.000997115    -0    2.61855e-322
0.00491185    -0.0073725    0.0668122    -0.000982721    1    2.61855e-322
0.004837    -0.00726077    0.0657881    -0.000968492    -0    2.61855e-322
0.0047634    -0.00715087    0.0647813    -0.000954477    0    3.40905e-322
0.00469084    -0.00704253    0.063789    -0.00094064    0    1.82804e-322
0.0046194    -0.00693584    0.0628121    -0.000926995    -0    2.61855e-322
0.00454895    -0.0068306    0.0618488    -0.000913517    1    2.61855e-322
0.00447974    -0.0067272    0.0609027    -0.000900257    -0    2.61855e-322
0.00441156    -0.00662533    0.059971    -0.000887176    0    3.40905e-322
0.00434432    -0.00652485    0.0590521    -0.000874256    0    1.82804e-322
0.00427823    -0.00642606    0.058149    -0.000861538    -0    2.61855e-322
0.00421312    -0.00632872    0.0572595    -0.00084899    1    2.61855e-322
0.00414893    -0.00623276    0.0563828    -0.000836605    -0    2.61855e-322
0.00408583    -0.0061384    0.0555211    -0.000824412    0    3.40905e-322
0.00402353    -0.00604523    0.0546704    -0.000812358    0    1.82804e-322
0.00396224    -0.00595356    0.0538336    -0.000800483    -0    2.61855e-322
0.00390197    -0.00586339    0.0530108    -0.000788791    1    2.61855e-322
0.00384233    -0.00577416    0.0521968    -0.000777207    -0    2.61855e-322
0.00378373    -0.00568648    0.0513971    -0.00076581    0    3.40905e-322
0.00372608    -0.00560019    0.0506104    -0.000754584    0    1.82804e-322
0.00366923    -0.00551511    0.0498348    -0.000743501    -0    2.61855e-322
0.00361326    -0.00543132    0.0490713    -0.000732575    1    2.61855e-322
0.00355822    -0.00534892    0.0483205    -0.000721819    -0    2.61855e-322
0.00350386    -0.00526753    0.0475793    -0.000711185    0    3.40905e-322
0.00345048    -0.00518759    0.0468513    -0.000700729    0    1.82804e-322
0.00339792    -0.00510888    0.0461347    -0.000690423    -0    2.61855e-322
0.00334615    -0.00503132    0.0454289    -0.00068026    1    2.61855e-322
0.00329515    -0.00495493    0.0447338    -0.000670239    -0    2.61855e-322
0.00324489    -0.00487963    0.0440488    -0.000660351    0    3.40905e-322
0.00319532    -0.00480535    0.0433732    -0.000650589    0    1.82804e-322
0.00314657    -0.0047323    0.042709    -0.000640979    -0    2.61855e-322
0.00309863    -0.00466044    0.0420557    -0.000631518    1    2.61855e-322
0.00305135    -0.00458958    0.0414116    -0.000622179    -0    2.61855e-322
0.0030048    -0.00451979    0.0407775    -0.000612975    0    3.40905e-322
0.002959    -0.00445114    0.0401538    -0.000603911    0    1.82804e-322
0.00291381    -0.00438338    0.0395383    -0.000594958    -0    2.61855e-322
0.00286939    -0.00431678    0.0389336    -0.000586152    1    2.61855e-322
0.00282552    -0.00425098    0.0383362    -0.000577444    -0    2.61855e-322
0.00278239    -0.0041863    0.0377491    -0.000568877    0    3.40905e-322
0.00273981    -0.00412242    0.0371694    -0.00056041    0    1.82804e-322
0.00269803    -0.00405976    0.0366008    -0.000552097    -0    2.61855e-322
0.00265685    -0.00399798    0.0360403    -0.000543896    1    2.61855e-322
0.0026163    -0.00393714    0.0354885    -0.000535813    -0    2.61855e-322
0.00257641    -0.00387729    0.0349457    -0.000527855    0    3.40905e-322
0.00253706    -0.00381823    0.0344103    -0.000519998    0    1.82804e-322
0.00249825    -0.00375998    0.0338822    -0.000512242    -0    2.61855e-322
0.00246017    -0.00370284    0.0333643    -0.000504628    1    2.61855e-322
0.00242253    -0.00364634    0.0328523    -0.000497095    -0    2.61855e-322
0.0023856    -0.0035909    0.03235    -0.000489697    0    3.40905e-322
0.00234914    -0.00353617    0.0318542    -0.00048239    0    1.82804e-322
0.00231325    -0.00348228    0.0313662    -0.000475191    -0    2.61855e-322
0.0022779    -0.00342919    0.0308854    -0.000468093    1    2.61855e-322
0.00224319    -0.00337707    0.0304135    -0.000461121    -0    2.61855e-322
0.0022089    -0.00332558    0.0299473    -0.000454228    0    3.40905e-322
0.00217513    -0.00327487    0.0294884    -0.000447436    0    1.82804e-322
0.00214195    -0.00322503    0.0290373    -0.000440756    -0    2.61855e-322
0.00210923    -0.00317587    0.0285925    -0.000434164    1    2.61855e-322
0.00207702    -0.00312749    0.0281548    -0.000427671    -0    2.61855e-322
0.00204535    -0.00307991    0.0277244    -0.000421284    0    3.40905e-322
0.00201407    -0.00303293    0.0272994    -0.000414972    0    1.82804e-322
0.00198335    -0.00298676    0.0268819    -0.000408766    -0    2.61855e-322
0.00194728    -0.00293256    0.0263919    -0.000401477    1    2.61855e-322
0.0019175    -0.00288782    0.0259874    -0.000395455    -0    2.61855e-322
0.00188822    -0.00284381    0.0255897    -0.000389531    0    3.40905e-322
0.00185942    -0.00280052    0.0251984    -0.000383698    0    1.82804e-322
0.00183096    -0.00275775    0.0248119    -0.000377933    -0    2.61855e-322
0.00180301    -0.00271573    0.0244322    -0.000372267    1    2.61855e-322
0.00177546    -0.00267431    0.0240581    -0.000366679    -0    2.61855e-322
0.00174825    -0.00263341    0.0236886    -0.000361157    0    3.40905e-322
0.00172158    -0.00259331    0.0233264    -0.000355742    0    1.82804e-322
0.0016953    -0.0025538    0.0229696    -0.000350403    -0    2.61855e-322
0.0016693    -0.00251471    0.0226166    -0.000345119    1    2.61855e-322
0.00164379    -0.00247635    0.0222703    -0.00033993    -0    2.61855e-322
0.0016187    -0.00243863    0.0219297    -0.000334826    0    3.40905e-322
0.001594    -0.00240148    0.0215944    -0.000329798    0    1.82804e-322
0.00156968    -0.0023649    0.0212643    -0.000324843    -0    2.61855e-322
0.00154565    -0.00232876    0.0209382    -0.000319947    1    2.61855e-322
0.00152204    -0.00229325    0.0206177    -0.000315134    -0    2.61855e-322
0.00149879    -0.00225827    0.0203022    -0.000310391    0    3.40905e-322
0.00147591    -0.00222386    0.0199917    -0.000305722    0    1.82804e-322
0.00145334    -0.00218991    0.0196854    -0.000301115    -0    2.61855e-322
0.00143111    -0.00215646    0.0193838    -0.000296574    1    2.61855e-322
0.00140925    -0.00212358    0.0190872    -0.000292107    -0    2.61855e-322
0.00138771    -0.00209117    0.0187949    -0.000287704    0    3.40905e-322
0.0013665    -0.00205926    0.0185072    -0.000283366    0    1.82804e-322
0.00134563    -0.00202785    0.018224    -0.000279095    -0    2.61855e-322
0.00132503    -0.00199685    0.0179446    -0.000274879    1    2.61855e-322
0.00130477    -0.00196636    0.0176698    -0.000270731    -0    2.61855e-322
0.00128482    -0.00193635    0.0173993    -0.000266645    0    3.40905e-322
0.00126514    -0.00190673    0.0171323    -0.000262612    0    1.82804e-322
0.00124577    -0.00187757    0.0168696    -0.00025864    -0    2.61855e-322
0.00122674    -0.00184893    0.0166115    -0.000254737    1    2.61855e-322
0.00120798    -0.0018207    0.0163571    -0.000250889    -0    2.61855e-322
0.00118955    -0.00179296    0.0161072    -0.000247105    0    3.40905e-322
0.00117136    -0.00176557    0.0158604    -0.000243369    0    1.82804e-322
0.00115346    -0.00173863    0.0156178    -0.000239694    -0    2.61855e-322
0.00113584    -0.0017121    0.0153789    -0.000236073    1    2.61855e-322
0.00111851    -0.00168601    0.0151439    -0.000232511    -0    2.61855e-322
0.00110142    -0.00166029    0.0149123    -0.000228998    0    3.40905e-322
0.00108459    -0.00163495    0.0146841    -0.000225536    0    1.82804e-322
0.001068    -0.00160996    0.0144591    -0.000222122    -0    2.61855e-322
0.0010517    -0.00158542    0.0142381    -0.000218767    1    2.61855e-322
0.0010356    -0.00156118    0.0140199    -0.000215452    -0    2.61855e-322
0.00101976    -0.00153733    0.0138052    -0.000212191    0    3.40905e-322
0.00100416    -0.00151383    0.0135937    -0.000208975    0    1.82804e-322
0.000988791    -0.00149069    0.0133854    -0.000205809    -0    2.61855e-322
0.000973675    -0.00146793    0.0131806    -0.000202693    1    2.61855e-322
0.000958805    -0.00144554    0.012979    -0.000199627    -0    2.61855e-322
0.000944098    -0.00142339    0.0127797    -0.000196593    0    3.40905e-322
0.000929656    -0.00140163    0.012584    -0.000193613    0    1.82804e-322
0.000915426    -0.0013802    0.0123912    -0.000190677    -0    2.61855e-322
0.000901399    -0.00135908    0.0122011    -0.000187781    1    2.61855e-322
0.000887605    -0.0013383    0.0120141    -0.000184932    -0    2.61855e-322
0.000874033    -0.00131785    0.0118303    -0.000182129    0    3.40905e-322
0.000860638    -0.00129768    0.0116487    -0.000179361    0    1.82804e-322
0.000847488    -0.00127787    0.0114706    -0.000176644    -0    2.61855e-322
0.000834525    -0.00125834    0.0112949    -0.000173964    1    2.61855e-322
0.000821756    -0.0012391    0.0111219    -0.000171324    -0    2.61855e-322
0.000809188    -0.00122017    0.0109517    -0.000168724    0    3.40905e-322
0.000796831    -0.00120155    0.0107843    -0.000166168    0    1.82804e-322
0.000784645    -0.00118319    0.0106192    -0.000163647    -0    2.61855e-322
0.000772624    -0.00116508    0.0104563    -0.000161158    1    2.61855e-322
0.00076081    -0.00114728    0.0102963    -0.000158713    -0    2.61855e-322
0.000749172    -0.00112975    0.0101387    -0.000156303    0    3.40905e-322
0.000737696    -0.00111246    0.00998321    -0.000153926    0    1.82804e-322
0.000726422    -0.00109547    0.00983049    -0.00015159    -0    2.61855e-322
0.0007153    -0.00107871    0.00967985    -0.000149286    1    2.61855e-322
0.000704366    -0.00106223    0.00953176    -0.00014702    -0    2.61855e-322
0.000693602    -0.00104601    0.00938597    -0.000144788    0    3.40905e-322
0.000682993    -0.00103003    0.00924228    -0.000142588    0    1.82804e-322
0.000672546    -0.00101428    0.00910079    -0.000140422    -0    2.61855e-322
0.000662272    -0.000998799    0.00896165    -0.000138291    1    2.61855e-322
0.000652129    -0.000983514    0.00882429    -0.000136186    -0    2.61855e-322
0.000642157    -0.000968485    0.00868924    -0.000134117    0    3.40905e-322
0.000632339    -0.000953688    0.00855629    -0.000132079    0    1.82804e-322
0.000622653    -0.00093909    0.00842513    -0.000130068    -0    2.61855e-322
0.000613133    -0.000924742    0.00829622    -0.000128092    1    2.61855e-322
0.000603762    -0.000910618    0.00816932    -0.000126145    -0    2.61855e-322
0.000594517    -0.000896683    0.00804414    -0.000124225    0    3.40905e-322
0.00058543    -0.000882986    0.00792109    -0.000122337    0    1.82804e-322
0.000576478    -0.000869493    0.00779988    -0.000120477    -0    2.61855e-322
0.000567631    -0.000856158    0.0076801    -0.000118639    1    2.61855e-322
0.000558944    -0.000843064    0.00756248    -0.000116833    -0    2.61855e-322
0.000550386    -0.000830163    0.00744661    -0.000115054    0    3.40905e-322
0.000541965    -0.00081747    0.00733261    -0.000113303    0    1.82804e-322
0.000533681    -0.000804982    0.00722045    -0.00011158    -0    2.61855e-322
0.000525517    -0.000792674    0.00710991    -0.000109882    1    2.61855e-322
0.000517478    -0.000780556    0.00700109    -0.00010821    -0    2.61855e-322
0.000509569    -0.000768633    0.00689402    -0.000106564    0    3.40905e-322
0.000501785    -0.000756898    0.00678864    -0.000104944    0    1.82804e-322
0.000494099    -0.000745311    0.00668459    -0.000103344    -0    2.61855e-322
0.000486545    -0.000733923    0.00658234    -0.000101772    1    2.61855e-322
0.000479108    -0.00072271    0.00648166    -0.000100224    -0    2.61855e-322
0.00047177    -0.000711647    0.00638233    -9.86958e-05    0    3.40905e-322
0.000464548    -0.000700759    0.00628457    -9.71919e-05    0    1.82804e-322
0.000457449    -0.000690054    0.00618847    -9.57132e-05    -0    2.61855e-322
0.000450448    -0.0006795    0.00609372    -9.4255e-05    1    2.61855e-322
0.000443562    -0.000669118    0.00600051    -9.28204e-05    -0    2.61855e-322
0.000436786    -0.000658901    0.00590879    -9.14084e-05    0    3.40905e-322
0.000430093    -0.000648809    0.0058182    -9.00137e-05    0    1.82804e-322
0.000423514    -0.000638889    0.00572915    -8.86425e-05    -0    2.61855e-322
0.000417044    -0.000629132    0.00564158    -8.72937e-05    1    2.61855e-322
0.00041065    -0.000619492    0.00555505    -8.59609e-05    -0    2.61855e-322
0.000404369    -0.000610021    0.00547004    -8.46513e-05    0    3.40905e-322
0.000398193    -0.000600708    0.00538645    -8.33634e-05    0    1.82804e-322
0.00039209    -0.000591505    0.00530386    -8.20907e-05    -0    2.61855e-322
0.000386046    -0.000582392    0.00522206    -8.08301e-05    1    2.61855e-322
0.000380146    -0.000573494    0.00514221    -7.95993e-05    -0    2.61855e-322
0.000374332    -0.000564727    0.00506353    -7.83863e-05    0    3.40905e-322
0.000368601    -0.000556084    0.00498597    -7.71906e-05    0    1.82804e-322
0.000362945    -0.000547555    0.00490943    -7.60104e-05    -0    2.61855e-322
0.000357389    -0.000539176    0.00483424    -7.48508e-05    1    2.61855e-322
0.000351917    -0.000530923    0.00476018    -7.37086e-05    -0    2.61855e-322
0.000346536    -0.000522809    0.00468737    -7.25855e-05    0    3.40905e-322
0.000341235    -0.000514815    0.00461564    -7.14789e-05    0    1.82804e-322
0.000336022    -0.000506953    0.0045451    -7.03905e-05    -0    2.61855e-322
0.000330874    -0.000499189    0.00447543    -6.93155e-05    1    2.61855e-322
0.000325807    -0.000491547    0.00440687    -6.82574e-05    -0    2.61855e-322
0.000320822    -0.000484029    0.00433941    -6.72163e-05    0    3.40905e-322
0.000315915    -0.000476628    0.00427302    -6.61915e-05    0    1.82804e-322
0.000311065    -0.000469314    0.0042074    -6.51785e-05    -0    2.61855e-322
0.000306305    -0.000462134    0.00414298    -6.41839e-05    1    2.61855e-322
0.000301613    -0.000455058    0.0040795    -6.32038e-05    -0    2.61855e-322
0.000296989    -0.000448083    0.00401693    -6.22375e-05    0    3.40905e-322
0.000292433    -0.000441212    0.00395529    -6.12855e-05    0    1.82804e-322
0.00028796    -0.000434466    0.00389477    -6.03509e-05    -0    2.61855e-322
0.000283542    -0.000427801    0.00383499    -5.94274e-05    1    2.61855e-322
0.000279203    -0.000421257    0.00377629    -5.85205e-05    -0    2.61855e-322
0.000274933    -0.000414817    0.00371852    -5.7628e-05    0    3.40905e-322
0.000270723    -0.000408466    0.00366155    -5.67477e-05    0    1.82804e-322
0.000266579    -0.000402216    0.00360549    -5.58814e-05    -0    2.61855e-322
0.000262502    -0.000396066    0.00355033    -5.5029e-05    1    2.61855e-322
0.000258487    -0.000390009    0.003496    -5.41893e-05    -0    2.61855e-322
0.000254531    -0.000384043    0.00344248    -5.33622e-05    0    3.40905e-322
0.000250633    -0.000378164    0.00338975    -5.25471e-05    0    1.82804e-322
0.000246801    -0.000372383    0.00333791    -5.17456e-05    -0    2.61855e-322
0.000243021    -0.000366681    0.00328676    -5.09548e-05    1    2.61855e-322
0.000239308    -0.000361081    0.00323654    -5.01782e-05    -0    2.61855e-322
0.000235647    -0.000355557    0.003187    -4.94122e-05    0    3.40905e-322
0.000232041    -0.000350118    0.00313822    -4.86578e-05    0    1.82804e-322
0.000228492    -0.000344765    0.00309021    -4.79153e-05    -0    2.61855e-322
0.000224995    -0.00033949    0.0030429    -4.71836e-05    1    2.61855e-322
0.000221554    -0.000334298    0.00299635    -4.64635e-05    1.07711e-319    1.82804e-322
0.000218168    -0.00032919    0.00295054    -4.57549e-05    -0    2.61855e-322
0.00021483    -0.000324155    0.00290539    -4.50564e-05    -0    2.61855e-322
0.000211541    -0.000319194    0.0028609    -4.4368e-05    1.08304e-319    2.61855e-322
0.000208312    -0.000314322    0.00281721    -4.3692e-05    0.866086    2.61855e-322
0.000205115    -0.000309499    0.00277397    -4.30229e-05    0.866085    2.61855e-322
0.000201979    -0.000304769    0.00273155    -4.23665e-05    1.08897e-319    1.82804e-322
0.000198891    -0.000300111    0.00268978    -4.17201e-05    6.90546e-310    1.82804e-322
0.000195816    -0.000295472    0.00264818    -4.10763e-05    0.866082    2.61855e-322
0.000192812    -0.00029094    0.00260755    -4.04473e-05    0    3.40905e-322
0.000189863    -0.00028649    0.00256765    -3.98297e-05    1    2.61855e-322
0.000186954    -0.000282103    0.00252831    -3.92207e-05    -0    2.61855e-322
0.000184098    -0.000277793    0.00248967    -3.86225e-05    0    3.40905e-322
0.000181283    -0.000273547    0.00245159    -3.8033e-05    0    1.82804e-322
0.000178502    -0.000269351    0.00241398    -3.74506e-05    -0    2.61855e-322
0.00017577    -0.00026523    0.00237703    -3.68784e-05    1    2.61855e-322
0.000173083    -0.000261176    0.00234068    -3.63156e-05    -0    2.61855e-322
0.000169843    -0.000256287    0.00229685    -3.56369e-05    0    3.40905e-322
0.000167245    -0.000252368    0.00226171    -3.50927e-05    0    1.82804e-322
0.000164688    -0.000248511    0.00222713    -3.45571e-05    -0    2.61855e-322
0.000162159    -0.000244695    0.00219292    -3.40273e-05    1    2.61855e-322
0.000159676    -0.000240948    0.00215933    -3.35069e-05    -0    2.61855e-322
0.000157233    -0.000237262    0.00212628    -3.29951e-05    0    3.40905e-322
0.000154823    -0.000233627    0.00209369    -3.24902e-05    0    1.82804e-322
0.000152455    -0.000230054    0.00206166    -3.19939e-05    -0    2.61855e-322
0.000150122    -0.000226534    0.00203011    -3.15051e-05    1    2.61855e-322
0.000147826    -0.00022307    0.00199905    -3.10239e-05    -0    2.61855e-322
0.000145568    -0.000219664    0.00196852    -3.05508e-05    0    3.40905e-322
0.000143339    -0.0002163    0.00193836    -3.00835e-05    0    1.82804e-322
0.000141145    -0.00021299    0.00190869    -2.96237e-05    -0    2.61855e-322
0.000138984    -0.000209729    0.00187946    -2.91707e-05    1    2.61855e-322
0.000136859    -0.000206524    0.00185073    -2.87255e-05    -0    2.61855e-322
0.000134767    -0.000203367    0.00182243    -2.82869e-05    0    3.40905e-322
0.000132705    -0.000200257    0.00179454    -2.78547e-05    0    1.82804e-322
0.000130677    -0.000197196    0.00176711    -2.74295e-05    -0    2.61855e-322
0.00012868    -0.000194182    0.00174009    -2.70108e-05    1    2.61855e-322
0.000126711    -0.000191213    0.00171347    -2.65981e-05    -0    2.61855e-322
0.000124775    -0.00018829    0.00168728    -2.61921e-05    0    3.40905e-322
0.000122865    -0.000185409    0.00166145    -2.57916e-05    0    1.82804e-322
0.000120984    -0.000182571    0.00163601    -2.53973e-05    -0    2.61855e-322
0.000119131    -0.000179775    0.00161095    -2.50088e-05    1    2.61855e-322
0.00011731    -0.000177027    0.00158632    -2.46268e-05    -0    2.61855e-322
0.000115511    -0.000174313    0.00156199    -2.42497e-05    0    3.40905e-322
0.000113744    -0.000171647    0.0015381    -2.38793e-05    0    1.82804e-322
0.000112005    -0.000169023    0.00151458    -2.35145e-05    -0    2.61855e-322
0.000110288    -0.000166433    0.00149136    -2.31545e-05    1    2.61855e-322
0.000108602    -0.000163887    0.00146855    -2.28007e-05    -0    2.61855e-322
0.000106939    -0.00016138    0.00144607    -2.24521e-05    0    3.40905e-322
0.000105299    -0.000158904    0.00142388    -2.21081e-05    0    1.82804e-322
0.000103687    -0.000156472    0.00140209    -2.177e-05    -0    2.61855e-322
0.000102103    -0.000154081    0.00138066    -2.14377e-05    1    2.61855e-322
0.000100539    -0.000151721    0.0013595    -2.11096e-05    -0    2.61855e-322
9.8999e-05    -0.000149398    0.00133868    -2.07866e-05    0    3.40905e-322
9.74857e-05    -0.000147115    0.00131822    -2.04692e-05    0    1.82804e-322
9.59921e-05    -0.000144861    0.00129802    -2.01559e-05    -0    2.61855e-322
9.45181e-05    -0.000142637    0.00127808    -1.98466e-05    1    2.61855e-322
9.30722e-05    -0.000140455    0.00125853    -1.95433e-05    -0    2.61855e-322
9.16435e-05    -0.000138299    0.00123921    -1.92436e-05    0    3.40905e-322
9.02395e-05    -0.000136181    0.00122022    -1.8949e-05    0    1.82804e-322
8.88608e-05    -0.0001341    0.00120158    -1.86598e-05    -0    2.61855e-322
8.74986e-05    -0.000132045    0.00118316    -1.8374e-05    1    2.61855e-322
8.61573e-05    -0.000130021    0.00116502    -1.80925e-05    -0    2.61855e-322
8.48406e-05    -0.000128034    0.00114721    -1.78163e-05    0    3.40905e-322
8.35404e-05    -0.000126072    0.00112963    -1.75435e-05    0    1.82804e-322
8.22611e-05    -0.000124141    0.00111233    -1.7275e-05    -0    2.61855e-322
8.10026e-05    -0.000122242    0.00109531    -1.70109e-05    1    2.61855e-322
7.97603e-05    -0.000120368    0.00107851    -1.67503e-05    -0    2.61855e-322
7.85406e-05    -0.000118527    0.00106201    -1.64943e-05    0    3.40905e-322
7.73366e-05    -0.00011671    0.00104573    -1.62416e-05    0    1.82804e-322
