0    0    0    0    2.37152e-322    1.82804e-322
0    0    0    0    0    3.40905e-322
0    0    0    0    -0    2.61855e-322
0    0    0    0    0    3.40905e-322
0    0    0    0    0    1.82804e-322
0    0    0    0    -0    2.61855e-322
0    0    0    0    1    2.61855e-322
0    0    0    0    -0    2.61855e-322
0    0    0    0    0    3.40905e-322
0    0    0    0    0    1.82804e-322
0    0    0    0    -0    2.61855e-322
0    0    0    0    1    2.61855e-322
0    0    0    0    -0    2.61855e-322
0    0    0    0    0    3.40905e-322
0    0    0    0    0    1.82804e-322
0    0    0    0    -0    2.61855e-322
0    0    0    0    1    2.61855e-322
0    0    0    0    0    3.40905e-322
0    0    0    0    0    3.40905e-322
0    0    0    0    1    2.61855e-322
0    0    0    0    1    2.61855e-322
0    0    0    0    0    3.40905e-322
0    0    0    0    0    3.40905e-322
0    0    0    0    1    2.61855e-322
0    0    0    0    -0    2.61855e-322
0    0    0    0    1    2.61855e-322
0    0    0    0    -0    2.61855e-322
0    0    0    0    -1    2.61855e-322
0    0    0    0    1    2.61855e-322
0    0    0    0    -0    2.61855e-322
0    0    0    0    0    3.40905e-322
0    0    0    0    0    1.82804e-322
0    0    0    0    -0    2.61855e-322
0    0    0    0    1    2.61855e-322
0    0    0    0    -0    2.61855e-322
0    0    0    0    0    3.40905e-322
0    0    0    0    0    1.82804e-322
0    0    0    0    -0    2.61855e-322
0    0    0    0    1    2.61855e-322
0    0    0    0    -0    2.61855e-322
0    0    0    0    0    3.40905e-322
0    0    0    0    0    1.82804e-322
0    0    0    0    -0    2.61855e-322
0    0    0    0    1    2.61855e-322
0    0    0    0    -0    2.61855e-322
0    0    0    0    0    3.40905e-322
0    0    0    0    0    1.82804e-322
0    0    0    0    -0    2.61855e-322
0.0786158    -0.107335    1.13802    -0.00354558    1    2.61855e-322
0.0772969    -0.105734    1.1182    -0.0037014    -0    2.61855e-322
0.0763177    -0.10454    1.10348    -0.00381205    1    2.61855e-322
0.0750255    -0.102958    1.08407    -0.00395242    0    3.40905e-322
0.0739091    -0.101587    1.06731    -0.00406788    2.37152e-322    1.82804e-322
0.0729679    -0.100426    1.05319    -0.004161    0    3.40905e-322
0.0720028    -0.0992323    1.03871    -0.00425268    1    2.61855e-322
0.0708869    -0.0978476    1.02198    -0.00435402    -0    2.61855e-322
0.0697109    -0.096383    1.00435    -0.00445526    0    3.40905e-322
0.0687364    -0.0951649    0.989752    -0.00453456    0    1.82804e-322
0.0678687    -0.094077    0.976761    -0.00460172    -0    2.61855e-322
0.0670219    -0.0930123    0.964088    -0.00466421    1    2.61855e-322
0.0660494    -0.0917862    0.949541    -0.00473239    -0    2.61855e-322
0.065216    -0.0907323    0.937083    -0.00478753    0    3.40905e-322
0.0643363    -0.089617    0.923939    -0.00484262    0    3.40905e-322
0.0631019    -0.0880471    0.905505    -0.00491493    1    2.61855e-322
0.062051    -0.0867057    0.889825    -0.00497121    -0    2.61855e-322
0.0610345    -0.0854039    0.874669    -0.00502119    0    3.40905e-322
0.060204    -0.0843371    0.862295    -0.00505863    0    1.82804e-322
0.0593067    -0.0831815    0.848934    -0.00509587    -0    2.61855e-322
0.0584689    -0.0820996    0.836467    -0.00512753    1    2.61855e-322
0.0575356    -0.0808912    0.822589    -0.00515941    -0    2.61855e-322
0.0566847    -0.0797864    0.809946    -0.0051852    0    3.40905e-322
0.0558052    -0.0786414    0.796885    -0.00520867    0    1.82804e-322
0.054974    -0.0775566    0.784553    -0.0052278    -0    2.61855e-322
0.0542854    -0.0766557    0.774344    -0.00524133    1    2.61855e-322
0.053502    -0.0756285    0.762736    -0.00525437    -0    2.61855e-322
0.0526024    -0.0744462    0.749416    -0.00526627    0    3.40905e-322
0.0517176    -0.0732802    0.736327    -0.00527461    0    1.82804e-322
0.0509016    -0.0722021    0.724266    -0.0052793    -0    2.61855e-322
0.0502034    -0.0712775    0.713954    -0.005281    1    2.61855e-322
0.0494053    -0.0702183    0.702175    -0.00528049    -0    2.61855e-322
0.048644    -0.0692057    0.69095    -0.00527747    0    3.40905e-322
0.0479608    -0.0682949    0.680882    -0.00527261    0    1.82804e-322
0.0472093    -0.0672911    0.669817    -0.00526504    -0    2.61855e-322
0.0465887    -0.0664604    0.660687    -0.00525689    1    2.61855e-322
0.0459152    -0.0655573    0.650787    -0.00524625    -0    2.61855e-322
0.0451523    -0.0645322    0.63958    -0.00523195    0    3.40905e-322
0.0444127    -0.0635362    0.628724    -0.00521572    0    1.82804e-322
0.0437932    -0.0627002    0.619639    -0.00520025    -0    2.61855e-322
0.0432016    -0.0619006    0.610971    -0.00518395    1    2.61855e-322
0.0424811    -0.0609249    0.60042    -0.0051622    -0    2.61855e-322
0.0418845    -0.0601156    0.591693    -0.00514245    0    3.40905e-322
0.0412271    -0.0592221    0.582082    -0.00511897    0    1.82804e-322
0.0405264    -0.0582679    0.571846    -0.00509197    -0    2.61855e-322
0.0399089    -0.0574255    0.562835    -0.0050664    1    2.61855e-322
0.0391799    -0.0564292    0.552205    -0.00503423    -0    2.61855e-322
0.0385319    -0.0555419    0.542765    -0.00500368    0    3.40905e-322
0.037972    -0.0547738    0.534615    -0.00497579    0    1.82804e-322
0.0373321    -0.0538947    0.52531    -0.00494236    -0    2.61855e-322
0.0367969    -0.0531581    0.517532    -0.00491301    1    2.61855e-322
0.0361944    -0.0523276    0.508783    -0.00487855    -0    2.61855e-322
0.0356247    -0.0515411    0.500518    -0.00484454    0    3.40905e-322
0.0349713    -0.0506374    0.491046    -0.0048039    0    1.82804e-322
0.0344554    -0.0499229    0.483575    -0.00477047    -0    2.61855e-322
0.0339917    -0.0492797    0.476864    -0.00473943    1    2.61855e-322
0.0334115    -0.0484739    0.468474    -0.00469938    -0    2.61855e-322
0.0328482    -0.0476902    0.460334    -0.00465912    0    3.40905e-322
0.0324159    -0.047088    0.454094    -0.00462727    0    1.82804e-322
0.0318733    -0.0463312    0.446265    -0.00458622    -0    2.61855e-322
0.0313766    -0.0456374    0.439105    -0.00454753    1    2.61855e-322
0.0309207    -0.0449997    0.432537    -0.00451108    -0    2.61855e-322
0.0304422    -0.0443297    0.42565    -0.0044719    0    3.40905e-322
0.0300214    -0.0437398    0.419598    -0.00443662    0    1.82804e-322
0.0295335    -0.0430549    0.412584    -0.00439481    -0    2.61855e-322
0.0291219    -0.0424764    0.406673    -0.00435872    1    2.61855e-322
0.0286952    -0.0418761    0.400548    -0.00432056    -0    2.61855e-322
0.0283054    -0.0413271    0.394957    -0.00428501    0    3.40905e-322
0.0279274    -0.0407942    0.38954    -0.00424993    0    1.82804e-322
0.027542    -0.0402503    0.384019    -0.00421355    -0    2.61855e-322
0.0271226    -0.0396578    0.378015    -0.00417325    1    2.61855e-322
0.0267295    -0.0391017    0.372391    -0.00413479    -0    2.61855e-322
0.0263736    -0.038598    0.367304    -0.00409941    0    3.40905e-322
0.025928    -0.0379666    0.360937    -0.0040544    0    1.82804e-322
0.0255915    -0.0374891    0.356132    -0.0040198    -0    2.61855e-322
0.0252557    -0.0370124    0.351341    -0.00398482    1    2.61855e-322
0.0248798    -0.0364782    0.345981    -0.0039451    -0    2.61855e-322
0.024476    -0.0359039    0.340227    -0.00390179    0    3.40905e-322
0.0240463    -0.0352919    0.334108    -0.00385496    0    1.82804e-322
0.0236359    -0.0347068    0.328267    -0.00380949    -0    2.61855e-322
0.0232619    -0.0341732    0.32295    -0.00376743    1    2.61855e-322
0.0229176    -0.0336815    0.318058    -0.00372818    -0    2.61855e-322
0.0225472    -0.0331519    0.312798    -0.00368541    0    3.40905e-322
0.0222252    -0.0326911    0.308227    -0.00364773    0    1.82804e-322
0.021915    -0.0322469    0.303829    -0.00361104    -0    2.61855e-322
0.0216158    -0.0318181    0.299587    -0.00357524    1    2.61855e-322
0.0212833    -0.0313411    0.294876    -0.00353504    -0    2.61855e-322
0.0209915    -0.0309223    0.290745    -0.00349937    0    3.40905e-322
0.0207061    -0.0305123    0.286706    -0.00346413    0    1.82804e-322
0.0203718    -0.0300318    0.281979    -0.00342244    -0    2.61855e-322
0.0201041    -0.0296467    0.278195    -0.0033887    1    2.61855e-322
0.0197734    -0.0291705    0.273523    -0.00334662    0    3.40905e-322
0.0195093    -0.0287899    0.269793    -0.00331266    0    3.40905e-322
0.0191597    -0.0282858    0.26486    -0.0032673    1    2.61855e-322
0.0189119    -0.0279283    0.261366    -0.00323482    -0    2.61855e-322
0.0185861    -0.0274578    0.256773    -0.00319173    0    3.40905e-322
0.0183481    -0.0271139    0.253421    -0.00315996    0    1.82804e-322
0.0180711    -0.0267133    0.24952    -0.00312269    -0    2.61855e-322
0.0178284    -0.0263622    0.246105    -0.00308977    1    2.61855e-322
0.0175827    -0.0260065    0.24265    -0.00305619    -0    2.61855e-322
0.0172933    -0.0255871    0.23858    -0.00301632    0    3.40905e-322
0.0170132    -0.0251811    0.234645    -0.0029774    0    1.82804e-322
0.0167445    -0.0247912    0.230871    -0.00293975    -0    2.61855e-322
0.0164545    -0.0243702    0.226801    -0.00289879    1    2.61855e-322
0.0161958    -0.0239945    0.223173    -0.00286195    -0    2.61855e-322
0.0159316    -0.0236104    0.219468    -0.00282402    0    3.40905e-322
0.015724    -0.0233084    0.216559    -0.00279401    0    1.82804e-322
0.0155158    -0.0230055    0.213643    -0.00276374    -0    2.61855e-322
0.0152803    -0.0226625    0.210345    -0.00272928    1    2.61855e-322
0.0150821    -0.0223738    0.207572    -0.00270009    -0    2.61855e-322
0.0148869    -0.0220893    0.204841    -0.00267118    0    3.40905e-322
0.0146843    -0.0217938    0.202007    -0.002641    0    1.82804e-322
0.0144654    -0.0214745    0.198949    -0.00260823    -0    2.61855e-322
0.0142249    -0.0211234    0.195588    -0.00257198    1    2.61855e-322
0.0140053    -0.0208026    0.192521    -0.00253867    -0    2.61855e-322
0.0137766    -0.0204684    0.189329    -0.00250376    0    3.40905e-322
0.0135995    -0.0202096    0.186859    -0.00247659    0    1.82804e-322
0.0134173    -0.019943    0.184318    -0.00244847    -0    2.61855e-322
0.0131821    -0.0195987    0.181038    -0.002412    1    2.61855e-322
0.0130025    -0.0193358    0.178536    -0.00238398    -0    2.61855e-322
0.0127811    -0.0190115    0.175453    -0.00234928    0    3.40905e-322
0.0126119    -0.0187635    0.173096    -0.0023226    0    1.82804e-322
0.0123908    -0.0184392    0.170019    -0.00228757    -0    2.61855e-322
0.0122305    -0.0182042    0.167789    -0.00226205    1    2.61855e-322
0.0120237    -0.0179006    0.164913    -0.00222896    -0    2.61855e-322
0.0118677    -0.0176716    0.162745    -0.00220388    0    3.40905e-322
0.0117174    -0.0174509    0.160657    -0.00217962    0    1.82804e-322
0.011516    -0.0171549    0.157859    -0.00214697    -0    2.61855e-322
0.0113369    -0.0168916    0.155372    -0.00211779    1    2.61855e-322
0.0111837    -0.0166664    0.153246    -0.00209273    -0    2.61855e-322
0.0110328    -0.0164442    0.151151    -0.00206793    0    3.40905e-322
0.0108716    -0.016207    0.148916    -0.00204135    0    1.82804e-322
0.0106852    -0.0159326    0.146332    -0.00201049    -0    2.61855e-322
0.0105069    -0.0156699    0.14386    -0.00198082    1    2.61855e-322
0.0103553    -0.0154466    0.14176    -0.0019555    -0    2.61855e-322
0.0101962    -0.015212    0.139556    -0.0019288    0    3.40905e-322
0.0100378    -0.0149785    0.137363    -0.00190214    0    1.82804e-322
0.00988836    -0.014758    0.135295    -0.00187688    -0    2.61855e-322
0.00972933    -0.0145234    0.133094    -0.00184991    1    2.61855e-322
0.00960129    -0.0143343    0.131323    -0.0018281    -0    2.61855e-322
0.00945413    -0.014117    0.129288    -0.00180296    0    3.40905e-322
0.00929901    -0.0138879    0.127144    -0.00177637    0    1.82804e-322
0.0091673    -0.0136933    0.125324    -0.00175371    -0    2.61855e-322
0.00900602    -0.0134549    0.123096    -0.00172587    1    2.61855e-322
0.00886609    -0.0132479    0.121164    -0.00170162    -0    2.61855e-322
0.00871531    -0.0130249    0.119082    -0.0016754    0    3.40905e-322
0.00857267    -0.0128138    0.117114    -0.00165051    0    1.82804e-322
0.00843688    -0.0126128    0.115241    -0.00162674    -0    2.61855e-322
0.00832828    -0.012452    0.113743    -0.00160767    1    2.61855e-322
0.00819165    -0.0122496    0.111859    -0.00158361    -0    2.61855e-322
0.00805351    -0.012045    0.109955    -0.00155921    0    3.40905e-322
0.00791427    -0.0118386    0.108036    -0.00153453    0    1.82804e-322
0.00777956    -0.0116389    0.10618    -0.00151058    -0    2.61855e-322
0.00764895    -0.0114452    0.104381    -0.00148728    1    2.61855e-322
0.00751475    -0.0112461    0.102534    -0.00146328    -0    2.61855e-322
0.00739168    -0.0110635    0.10084    -0.00144119    0    3.40905e-322
0.00726481    -0.0108752    0.0990944    -0.00141836    0    1.82804e-322
0.00713717    -0.0106857    0.0973386    -0.00139533    -0    2.61855e-322
0.00702273    -0.0105157    0.0957649    -0.00137461    1    2.61855e-322
0.00691614    -0.0103574    0.0942994    -0.00135527    -0    2.61855e-322
0.00682283    -0.0102187    0.0930169    -0.0013383    0    3.40905e-322
0.00670757    -0.0100474    0.0914331    -0.00131729    0    1.82804e-322
0.00659258    -0.00987646    0.0898533    -0.00129628    -0    2.61855e-322
0.00648785    -0.00972073    0.0884149    -0.00127709    1    2.61855e-322
0.00638435    -0.00956678    0.0869937    -0.00125808    -0    2.61855e-322
0.00629538    -0.00943442    0.0857724    -0.0012417    0    3.40905e-322
0.00619586    -0.00928632    0.0844064    -0.00122334    0    1.82804e-322
0.00611004    -0.00915859    0.0832288    -0.00120748    -0    2.61855e-322
0.00601105    -0.00901123    0.0818707    -0.00118915    1    2.61855e-322
0.00592526    -0.00888349    0.080694    -0.00117322    -0    2.61855e-322
0.00584005    -0.00875657    0.0795254    -0.00115738    0    3.40905e-322
0.00575916    -0.00863608    0.0784163    -0.00114231    0    1.82804e-322
0.00568382    -0.00852385    0.0773836    -0.00112825    -0    2.61855e-322
0.00559375    -0.00838963    0.0761491    -0.00111141    1    2.61855e-322
0.00551649    -0.00827447    0.0750904    -0.00109694    -0    2.61855e-322
0.00542821    -0.00814287    0.0738809    -0.00108037    0    3.40905e-322
0.00534548    -0.00801952    0.0727477    -0.00106482    0    1.82804e-322
0.00525179    -0.0078798    0.0714646    -0.00104717    -0    2.61855e-322
0.00517755    -0.00776906    0.070448    -0.00103316    1    2.61855e-322
0.00509761    -0.00764981    0.0693538    -0.00101805    -0    2.61855e-322
0.0050146    -0.00752594    0.0682176    -0.00100233    0    3.40905e-322
0.00494784    -0.00742631    0.0673039    -0.000989664    0    1.82804e-322
0.00487327    -0.007315    0.0662836    -0.000975498    -0    2.61855e-322
0.00479689    -0.00720098    0.0652388    -0.000960964    1    2.61855e-322
0.00471336    -0.00707625    0.0640963    -0.000945043    -0    2.61855e-322
0.00464276    -0.00697081    0.0631308    -0.000931563    0    3.40905e-322
0.00457591    -0.00687097    0.0622168    -0.00091878    0    1.82804e-322
0.00449839    -0.00675516    0.0611571    -0.000903934    -0    2.61855e-322
0.00443141    -0.00665508    0.0602416    -0.000891086    1    2.61855e-322
0.00437493    -0.00657068    0.0594698    -0.000880238    -0    2.61855e-322
0.00431142    -0.00647575    0.0586019    -0.000868022    0    3.40905e-322
0.00424361    -0.0063744    0.0576756    -0.000854964    0    1.82804e-322
0.00417196    -0.00626727    0.0566968    -0.000841145    -0    2.61855e-322
0.00411383    -0.00618035    0.0559028    -0.000829916    1    2.61855e-322
0.00404716    -0.00608065    0.0549924    -0.000817023    -0    2.61855e-322
0.00398585    -0.00598895    0.0541553    -0.000805149    0    3.40905e-322
0.00392547    -0.00589863    0.0533311    -0.00079344    0    1.82804e-322
0.00386946    -0.00581484    0.0525666    -0.000782566    -0    2.61855e-322
0.00380645    -0.00572055    0.0517067    -0.000770317    1    2.61855e-322
0.00375443    -0.00564271    0.0509968    -0.000760191    -0    2.61855e-322
0.00369483    -0.0055535    0.0501836    -0.000748577    0    3.40905e-322
0.00364689    -0.00548174    0.0495295    -0.000739223    0    1.82804e-322
0.00359293    -0.00540095    0.0487935    -0.000728684    -0    2.61855e-322
0.0035347    -0.00531377    0.0479993    -0.000717298    1    2.61855e-322
0.00347771    -0.00522843    0.0472221    -0.000706141    -0    2.61855e-322
0.00342216    -0.00514525    0.0464648    -0.000695255    0    3.40905e-322
0.00337262    -0.00507105    0.0457894    -0.000685534    0    1.82804e-322
0.00332651    -0.00500197    0.0451607    -0.000676476    -0    2.61855e-322
0.00327392    -0.00492319    0.044444    -0.000666137    1    2.61855e-322
0.00322196    -0.00484533    0.0437358    -0.000655908    -0    2.61855e-322
0.00316912    -0.00476616    0.0430158    -0.000645497    0    3.40905e-322
0.00312355    -0.00469785    0.0423948    -0.000636506    0    1.82804e-322
0.00307219    -0.00462087    0.0416951    -0.000626365    -0    2.61855e-322
0.00302985    -0.00455741    0.0411184    -0.000617997    1    2.61855e-322
0.0029773    -0.00447864    0.0404027    -0.000607602    -0    2.61855e-322
0.00292921    -0.00440652    0.0397476    -0.000598076    0    3.40905e-322
0.00288233    -0.00433624    0.0391094    -0.000588784    0    1.82804e-322
0.00284162    -0.00427519    0.038555    -0.000580705    -0    2.61855e-322
0.00279782    -0.0042095    0.0379587    -0.000572006    1    2.61855e-322
0.00276088    -0.00415409    0.0374559    -0.000564664    -0    2.61855e-322
0.0027221    -0.00409591    0.0369279    -0.000556948    0    3.40905e-322
0.00267547    -0.00402597    0.0362934    -0.000547666    0    1.82804e-322
0.00263222    -0.00396107    0.0357047    -0.000539046    -0    2.61855e-322
0.00259738    -0.00390881    0.0352307    -0.000532098    1    2.61855e-322
0.00256281    -0.00385692    0.0347602    -0.000525197    -0    2.61855e-322
0.00252549    -0.00380092    0.0342525    -0.000517743    0    3.40905e-322
0.00248602    -0.00374168    0.0337155    -0.000509852    0    1.82804e-322
0.00244692    -0.003683    0.0331837    -0.000502032    -0    2.61855e-322
0.00240749    -0.00362381    0.0326475    -0.000494137    1    2.61855e-322
0.00237317    -0.00357229    0.0321807    -0.000487261    -0    2.61855e-322
0.00233374    -0.00351308    0.0316444    -0.000479353    0    3.40905e-322
0.00230062    -0.00346336    0.0311941    -0.000472708    0    1.82804e-322
0.00226736    -0.00341341    0.0307418    -0.000466028    -0    2.61855e-322
0.0022363    -0.00336677    0.0303195    -0.000459786    1    2.61855e-322
0.00219676    -0.00330739    0.029782    -0.000451835    -0    2.61855e-322
0.00216867    -0.0032652    0.0294002    -0.000446184    0    3.40905e-322
0.00213203    -0.00321017    0.0289022    -0.000438806    0    1.82804e-322
0.00210129    -0.00316399    0.0284844    -0.000432612    -0    2.61855e-322
0.00207251    -0.00312076    0.0280932    -0.000426809    1    2.61855e-322
0.00204145    -0.0030741    0.0276712    -0.000420543    -0    2.61855e-322
0.00200563    -0.00302027    0.0271844    -0.000413311    0    3.40905e-322
0.00197069    -0.00296778    0.0267098    -0.000406254    0    1.82804e-322
0.001938    -0.00291866    0.0262656    -0.000399645    -0    2.61855e-322
0.00190648    -0.00287128    0.0258373    -0.000393267    1    2.61855e-322
0.00188088    -0.00283282    0.0254897    -0.000388087    -0    2.61855e-322
0.00185037    -0.00278696    0.0250752    -0.000381907    0    3.40905e-322
0.00182322    -0.00274615    0.0247065    -0.000376405    0    1.82804e-322
0.00179283    -0.00270046    0.0242937    -0.000370242    -0    2.61855e-322
0.00176145    -0.0026533    0.0238677    -0.000363877    1    2.61855e-322
0.00173091    -0.00260737    0.0234529    -0.000357675    -0    2.61855e-322
0.00170137    -0.00256297    0.0230518    -0.000351676    0    3.40905e-322
0.00167785    -0.0025276    0.0227325    -0.000346894    0    1.82804e-322
0.00164977    -0.00248538    0.0223513    -0.000341184    -0    2.61855e-322
0.0016242    -0.00244693    0.0220042    -0.000335982    1    2.61855e-322
0.00160094    -0.00241194    0.0216884    -0.000331246    -0    2.61855e-322
0.0015732    -0.00237022    0.0213118    -0.000325596    0    3.40905e-322
0.00154596    -0.00232927    0.0209422    -0.000320047    0    1.82804e-322
0.00151948    -0.00228943    0.0205828    -0.000314647    -0    2.61855e-322
0.00149617    -0.00225436    0.0202664    -0.00030989    1    2.61855e-322
0.00147275    -0.00221914    0.0199486    -0.000305112    -0    2.61855e-322
0.00145275    -0.00218905    0.0196772    -0.000301027    0    3.40905e-322
0.00143219    -0.00215812    0.0193983    -0.000296828    0    1.82804e-322
0.00140773    -0.00212132    0.0190664    -0.000291829    -0    2.61855e-322
0.00138627    -0.00208903    0.0187752    -0.000287441    1    2.61855e-322
0.00136527    -0.00205743    0.0184903    -0.000283146    -0    2.61855e-322
0.001342    -0.00202242    0.0181746    -0.000278384    0    3.40905e-322
0.00132151    -0.00199159    0.0178967    -0.00027419    0    1.82804e-322
0.00130263    -0.00196317    0.0176406    -0.000270322    -0    2.61855e-322
0.0012796    -0.00192851    0.0173282    -0.000265604    1    2.61855e-322
0.00125889    -0.00189734    0.0170473    -0.000261358    -0    2.61855e-322
0.00123819    -0.0018662    0.0167667    -0.000257115    0    3.40905e-322
0.00122152    -0.0018411    0.0165405    -0.000253694    0    1.82804e-322
0.00120226    -0.0018121    0.0162793    -0.000249741    -0    2.61855e-322
0.0011839    -0.00178447    0.0160304    -0.000245972    1    2.61855e-322
0.00116377    -0.00175417    0.0157574    -0.000241838    -0    2.61855e-322
0.00114463    -0.00172536    0.0154979    -0.000237907    0    3.40905e-322
0.00112896    -0.00170177    0.0152855    -0.000234686    0    1.82804e-322
0.00111326    -0.00167814    0.0150726    -0.000231458    -0    2.61855e-322
0.00109625    -0.00165252    0.014842    -0.000227959    1    2.61855e-322
0.00108157    -0.00163042    0.0146429    -0.000224939    -0    2.61855e-322
0.00106701    -0.0016085    0.0144456    -0.000221943    0    3.40905e-322
0.00105142    -0.00158502    0.0142342    -0.000218733    0    1.82804e-322
0.00103624    -0.00156217    0.0140285    -0.000215609    -0    2.61855e-322
0.00101818    -0.00153496    0.0137836    -0.000211887    1    2.61855e-322
0.00100054    -0.00150841    0.0135445    -0.000208253    -0    2.61855e-322
0.000984597    -0.0014844    0.0133285    -0.000204967    0    3.40905e-322
0.000967881    -0.00145922    0.0131019    -0.000201521    0    1.82804e-322
0.000951544    -0.00143462    0.0128805    -0.000198151    -0    2.61855e-322
0.000936988    -0.0014127    0.0126832    -0.000195148    1    2.61855e-322
0.000923454    -0.00139231    0.0124998    -0.000192355    -0    2.61855e-322
0.00090983    -0.00137179    0.0123152    -0.000189542    0    3.40905e-322
0.000895107    -0.00134962    0.0121157    -0.000186502    0    1.82804e-322
0.000880927    -0.00132826    0.0119235    -0.000183573    -0    2.61855e-322
0.00086852    -0.00130957    0.0117554    -0.00018101    1    2.61855e-322
0.000856733    -0.00129181    0.0115957    -0.000178574    -0    2.61855e-322
0.000845455    -0.00127482    0.0114429    -0.000176243    0    3.40905e-322
0.000834173    -0.00125783    0.0112901    -0.00017391    0    1.82804e-322
0.000820803    -0.00123768    0.0111089    -0.000171145    -0    2.61855e-322
0.000808832    -0.00121965    0.0109467    -0.000168669    1    2.61855e-322
0.000797315    -0.0012023    0.0107907    -0.000166286    -0    2.61855e-322
0.000785785    -0.00118493    0.0106345    -0.0001639    0    3.40905e-322
0.00077538    -0.00116925    0.0104936    -0.000161747    0    1.82804e-322
0.000763824    -0.00115184    0.010337    -0.000159354    -0    2.61855e-322
0.000750461    -0.00113171    0.010156    -0.000156587    1    2.61855e-322
0.00073869    -0.00111397    0.00999656    -0.000154149    -0    2.61855e-322
0.000728224    -0.0010982    0.00985481    -0.00015198    0    3.40905e-322
0.00071649    -0.00108052    0.00969587    -0.000149549    0    1.82804e-322
0.000704615    -0.00106262    0.00953503    -0.000147087    -0    2.61855e-322
0.000693879    -0.00104644    0.00938962    -0.000144861    1    2.61855e-322
0.000684446    -0.00103223    0.00926186    -0.000142905    -0    2.61855e-322
0.000672674    -0.00101449    0.00910243    -0.000140464    0    3.40905e-322
0.000661947    -0.000998323    0.00895716    -0.000138238    0    1.82804e-322
0.00065176    -0.00098297    0.0088192    -0.000136124    -0    2.61855e-322
0.000642751    -0.000969393    0.0086972    -0.000134255    1    2.61855e-322
0.000632727    -0.000954286    0.00856146    -0.000132174    -0    2.61855e-322
0.000623283    -0.000940052    0.00843357    -0.000130213    0    3.40905e-322
0.000612722    -0.000924134    0.00829055    -0.00012802    0    1.82804e-322
0.00060366    -0.000910476    0.00816786    -0.000126138    -0    2.61855e-322
0.000595202    -0.000897727    0.00805333    -0.000124381    1    2.61855e-322
0.00058661    -0.000884778    0.007937    -0.000122596    -0    2.61855e-322
0.000576933    -0.00087019    0.00780596    -0.000120585    0    3.40905e-322
0.000567704    -0.000856279    0.007681    -0.000118667    0    1.82804e-322
0.000557653    -0.000841129    0.00754492    -0.000116577    -0    2.61855e-322
0.00054957    -0.000828943    0.00743548    -0.000114897    1    2.61855e-322
0.000540079    -0.000814637    0.00730699    -0.000112923    -0    2.61855e-322
0.000532802    -0.000803667    0.00720847    -0.000111409    0    3.40905e-322
0.000524845    -0.000791672    0.00710074    -0.000109754    0    1.82804e-322
0.000518117    -0.000781529    0.00700966    -0.000108354    -0    2.61855e-322
0.000509442    -0.000768452    0.00689223    -0.000106549    1    2.61855e-322
0.000500946    -0.000755643    0.00677721    -0.000104781    -0    2.61855e-322
0.000493792    -0.000744858    0.00668037    -0.000103292    0    3.40905e-322
0.000487198    -0.000734916    0.0065911    -0.000101919    0    1.82804e-322
0.000478838    -0.000722312    0.00647793    -0.000100178    -0    2.61855e-322
0.000470993    -0.000710484    0.00637174    -9.85448e-05    1    2.61855e-322
0.000464858    -0.000701235    0.0062887    -9.72671e-05    -0    2.61855e-322
0.000457874    -0.000690705    0.00619417    -9.58123e-05    0    3.40905e-322
0.000449767    -0.000678481    0.00608442    -9.41233e-05    0    1.82804e-322
0.000442429    -0.000667417    0.00598511    -9.25944e-05    -0    2.61855e-322
0.000436297    -0.000658171    0.0059021    -9.13164e-05    1    2.61855e-322
0.00042968    -0.000648195    0.00581255    -8.99374e-05    -0    2.61855e-322
0.000422317    -0.000637092    0.00571289    -8.84025e-05    0    3.40905e-322
0.000416708    -0.000628634    0.00563698    -8.72333e-05    0    1.82804e-322
0.00041117    -0.000620284    0.00556202    -8.60787e-05    -0    2.61855e-322
0.000405118    -0.000611159    0.00548012    -8.48168e-05    1    2.61855e-322
0.000399327    -0.000602425    0.00540173    -8.36089e-05    -0    2.61855e-322
0.000392889    -0.000592718    0.00531461    -8.22663e-05    0    3.40905e-322
0.000386269    -0.000582735    0.00522501    -8.08853e-05    0    1.82804e-322
0.00038107    -0.000574895    0.00515466    -7.98007e-05    -0    2.61855e-322
0.000376083    -0.000567375    0.00508717    -7.87603e-05    1    2.61855e-322
0.000371163    -0.000559954    0.00502058    -7.77335e-05    -0    2.61855e-322
0.00036557    -0.000551521    0.0049449    -7.65665e-05    0    3.40905e-322
0.000359454    -0.000542298    0.00486214    -7.52901e-05    0    1.82804e-322
0.000353612    -0.000533487    0.00478308    -7.40706e-05    -0    2.61855e-322
0.000348303    -0.00052548    0.00471123    -7.29622e-05    1    2.61855e-322
0.000343631    -0.000518435    0.00464802    -7.1987e-05    -0    2.61855e-322
0.00033821    -0.000510259    0.00457465    -7.0855e-05    0    3.40905e-322
0.000332897    -0.000502247    0.00450276    -6.97457e-05    0    1.82804e-322
0.000327752    -0.000494487    0.00443314    -6.86712e-05    -0    2.61855e-322
0.000322581    -0.000486688    0.00436317    -6.75912e-05    1    2.61855e-322
0.000317872    -0.000479585    0.00429945    -6.66074e-05    -0    2.61855e-322
0.000313322    -0.000472723    0.00423788    -6.5657e-05    0    3.40905e-322
0.000307915    -0.000464569    0.00416473    -6.45275e-05    0    1.82804e-322
0.00030324    -0.000457518    0.00410148    -6.35507e-05    -0    2.61855e-322
0.000299106    -0.000451283    0.00404554    -6.26868e-05    1    2.61855e-322
0.00029436    -0.000444124    0.00398132    -6.16949e-05    -0    2.61855e-322
0.000289821    -0.000437278    0.0039199    -6.07463e-05    0    3.40905e-322
0.00028522    -0.000430339    0.00385766    -5.97847e-05    0    1.82804e-322
0.000280711    -0.000423538    0.00379665    -5.88422e-05    -0    2.61855e-322
0.000276792    -0.000417626    0.00374362    -5.80228e-05    1    2.61855e-322
0.000272091    -0.000410536    0.00368003    -5.70401e-05    -0    2.61855e-322
0.000268503    -0.000405124    0.00363148    -5.62899e-05    0    3.40905e-322
0.000264937    -0.000399745    0.00358324    -5.55443e-05    0    1.82804e-322
0.000260327    -0.00039279    0.00352085    -5.458e-05    -0    2.61855e-322
0.000256766    -0.00038742    0.00347269    -5.38355e-05    1    2.61855e-322
0.000252866    -0.000381537    0.00341993    -5.30198e-05    -0    2.61855e-322
0.000249338    -0.000376214    0.00337219    -5.22818e-05    0    3.40905e-322
0.00024512    -0.000369852    0.00331513    -5.13995e-05    0    1.82804e-322
0.000241626    -0.000364582    0.00326786    -5.06687e-05    -0    2.61855e-322
0.000238101    -0.000359264    0.00322016    -4.9931e-05    1    2.61855e-322
0.00023401    -0.000353093    0.00316483    -4.90752e-05    -0    2.61855e-322
0.000230614    -0.000347971    0.00311889    -4.83646e-05    0    3.40905e-322
0.000226729    -0.00034211    0.00306633    -4.75517e-05    0    1.82804e-322
0.000223076    -0.0003366    0.00301692    -4.67873e-05    -0    2.61855e-322
0.000220183    -0.000332235    0.00297778    -4.61817e-05    1    2.61855e-322
0.000217078    -0.000327551    0.00293578    -4.55319e-05    -0    2.61855e-322
0.000213459    -0.000322092    0.00288682    -4.47744e-05    1.02968e-319    3.40905e-322
0.000210061    -0.000316965    0.00284084    -4.4063e-05    1.02968e-319    1.82804e-322
0.000206495    -0.000311586    0.00279262    -4.33166e-05    1    2.61855e-322
0.000203533    -0.000307117    0.00275254    -4.26964e-05    1    2.61855e-322
0.000200691    -0.000302829    0.00271409    -4.21014e-05    -1    2.61855e-322
0.000197918    -0.000298647    0.00267659    -4.15209e-05    -0    2.61855e-322
0.00019478    -0.000293913    0.00263414    -4.08638e-05    -0    2.61855e-322
0.000192179    -0.000289989    0.00259896    -4.03192e-05    -0    2.61855e-322
0.000189066    -0.000285293    0.00255685    -3.96673e-05    -0    2.61855e-322
0.000185911    -0.000280532    0.00251417    -3.90064e-05    -0    2.61855e-322
0.000182863    -0.000275934    0.00247294    -3.83681e-05    -0    2.61855e-322
0.000180336    -0.000272121    0.00243876    -3.78388e-05    -0    2.61855e-322
0.000177668    -0.000268097    0.00240267    -3.72801e-05    -0    2.61855e-322
0.000175116    -0.000264246    0.00236815    -3.67454e-05    -0    2.61855e-322
0.000172483    -0.000260274    0.00233254    -3.61939e-05    -0    2.61855e-322
0.000170076    -0.000256643    0.00229998    -3.56896e-05    -0    2.61855e-322
0.00016757    -0.000252862    0.00226609    -3.51647e-05    -0    2.61855e-322
0.000164974    -0.000248946    0.00223097    -3.46208e-05    -0    2.61855e-322
0.000162739    -0.000245573    0.00220074    -3.41524e-05    -0    2.61855e-322
0.000160199    -0.000241741    0.00216639    -3.36203e-05    -0    2.61855e-322
0.00015813    -0.00023862    0.0021384    -3.31868e-05    -0    2.61855e-322
0.000155809    -0.000235117    0.002107    -3.27002e-05    -0    2.61855e-322
0.000153516    -0.000231659    0.002076    -3.22199e-05    -0    2.61855e-322
0.00015132    -0.000228345    0.00204629    -3.17596e-05    -0    2.61855e-322
0.00014883    -0.000224587    0.00201261    -3.12377e-05    -0    2.61855e-322
0.000146727    -0.000221414    0.00198416    -3.07969e-05    -0    2.61855e-322
0.000144372    -0.000217862    0.00195231    -3.03033e-05    -0    2.61855e-322
0.000142128    -0.000214475    0.00192196    -2.98329e-05    -0    2.61855e-322
0.00013965    -0.000210738    0.00188845    -2.93136e-05    -0    2.61855e-322
0.000137386    -0.000207321    0.00185783    -2.88389e-05    -0    2.61855e-322
0.000135072    -0.00020383    0.00182653    -2.83539e-05    -0    2.61855e-322
0.000132875    -0.000200515    0.00179682    -2.78933e-05    -0    2.61855e-322
0.000130969    -0.00019764    0.00177104    -2.74938e-05    -0    2.61855e-322
0.000128871    -0.000194474    0.00174266    -2.70539e-05    -0    2.61855e-322
0.000127219    -0.000191981    0.00172032    -2.67075e-05    -0    2.61855e-322
0.000125249    -0.000189008    0.00169367    -2.62943e-05    -0    2.61855e-322
0.000123116    -0.000185791    0.00166484    -2.58472e-05    -0    2.61855e-322
0.000121161    -0.000182841    0.0016384    -2.54373e-05    -0    2.61855e-322
0.000119218    -0.000179908    0.0016121    -2.50296e-05    -0    2.61855e-322
0.000117385    -0.000177143    0.00158732    -2.46454e-05    0    3.40905e-322
0.000115645    -0.000174517    0.00156378    -2.42804e-05    2.37152e-322    2.61855e-322
0.000113599    -0.000171431    0.00153612    -2.38514e-05    1    2.61855e-322
0.000111738    -0.000168623    0.00151096    -2.34611e-05    1    2.61855e-322
0.000109861    -0.00016579    0.00148556    -2.30673e-05    -0    2.61855e-322
0.00010808    -0.000163102    0.00146148    -2.26938e-05    0    3.40905e-322
0.000106611    -0.000160885    0.00144161    -2.23856e-05    0    1.82804e-322
0.00010523    -0.000158802    0.00142293    -2.2096e-05    -0    2.61855e-322
0.000103851    -0.000156721    0.00140428    -2.18067e-05    1    2.61855e-322
0.000102162    -0.000154173    0.00138145    -2.14525e-05    -0    2.61855e-322
0.000100756    -0.000152051    0.00136243    -2.11575e-05    0    3.40905e-322
9.91537e-05    -0.000149633    0.00134076    -2.08213e-05    0    1.82804e-322
9.75382e-05    -0.000147196    0.00131891    -2.04824e-05    -0    2.61855e-322
9.6014e-05    -0.000144896    0.0012983    -2.01626e-05    1    2.61855e-322
9.47852e-05    -0.000143042    0.00128168    -1.99049e-05    -0    2.61855e-322
9.35673e-05    -0.000141204    0.00126521    -1.96493e-05    0    3.40905e-322
9.22247e-05    -0.000139178    0.00124706    -1.93676e-05    0    1.82804e-322
9.09242e-05    -0.000137216    0.00122947    -1.90948e-05    -0    2.61855e-322
8.94616e-05    -0.000135009    0.00120969    -1.87879e-05    1    2.61855e-322
8.79325e-05    -0.000132701    0.00118901    -1.8467e-05    -0    2.61855e-322
8.67249e-05    -0.000130879    0.00117268    -1.82136e-05    0    3.40905e-322
8.54686e-05    -0.000128983    0.00115569    -1.795e-05    0    1.82804e-322
8.40853e-05    -0.000126896    0.00113698    -1.76597e-05    -0    2.61855e-322
8.26401e-05    -0.000124715    0.00111744    -1.73564e-05    1    2.61855e-322
8.13135e-05    -0.000122713    0.0010995    -1.7078e-05    -0    2.61855e-322
8.01444e-05    -0.000120949    0.00108369    -1.68327e-05    0    3.40905e-322
7.87616e-05    -0.000118862    0.00106499    -1.65425e-05    0    1.82804e-322
7.76807e-05    -0.000117231    0.00105037    -1.63156e-05    -0    2.61855e-322
7.6623e-05    -0.000115635    0.00103607    -1.60937e-05    1    2.61855e-322
7.54473e-05    -0.000113861    0.00102017    -1.58469e-05    -0    2.61855e-322
7.41693e-05    -0.000111932    0.00100289    -1.55786e-05    0    3.40905e-322
7.29673e-05    -0.000110119    0.000986635    -1.53264e-05    0    1.82804e-322
7.16934e-05    -0.000108196    0.000969408    -1.5059e-05    -0    2.61855e-322
7.07082e-05    -0.000106709    0.000956085    -1.48522e-05    1    2.61855e-322
6.96574e-05    -0.000105124    0.000941876    -1.46316e-05    -0    2.61855e-322
6.85185e-05    -0.000103405    0.000926474    -1.43925e-05    0    3.40905e-322
6.73437e-05    -0.000101632    0.000910589    -1.41459e-05    0    1.82804e-322
6.62974e-05    -0.000100053    0.000896439    -1.39263e-05    -0    2.61855e-322
6.52023e-05    -9.8401e-05    0.000881631    -1.36964e-05    1    2.61855e-322
6.40643e-05    -9.66837e-05    0.000866243    -1.34575e-05    -0    2.61855e-322
6.317e-05    -9.53341e-05    0.000854149    -1.32698e-05    0    3.40905e-322
6.20659e-05    -9.3668e-05    0.00083922    -1.3038e-05    0    1.82804e-322
6.10998e-05    -9.22099e-05    0.000826154    -1.28351e-05    -0    2.61855e-322
6.00335e-05    -9.06008e-05    0.000811735    -1.26113e-05    1    2.61855e-322
5.91156e-05    -8.92158e-05    0.000799324    -1.24186e-05    -0    2.61855e-322
5.81963e-05    -8.78284e-05    0.000786893    -1.22256e-05    0    3.40905e-322
5.71787e-05    -8.62927e-05    0.000773132    -1.20119e-05    0    1.82804e-322
5.62182e-05    -8.48433e-05    0.000760144    -1.18102e-05    -0    2.61855e-322
5.52701e-05    -8.34125e-05    0.000747323    -1.16112e-05    1    2.61855e-322
5.43995e-05    -8.20986e-05    0.000735551    -1.14284e-05    -0    2.61855e-322
5.35247e-05    -8.07785e-05    0.000723722    -1.12447e-05    0    3.40905e-322
5.25722e-05    -7.93411e-05    0.000710842    -1.10447e-05    0    1.82804e-322
5.16506e-05    -7.79504e-05    0.000698381    -1.08512e-05    -0    2.61855e-322
5.0905e-05    -7.68251e-05    0.000688297    -1.06946e-05    1    2.61855e-322
5.00318e-05    -7.55074e-05    0.00067649    -1.05112e-05    -0    2.61855e-322
4.92408e-05    -7.43137e-05    0.000665794    -1.03451e-05    0    3.40905e-322
4.84541e-05    -7.31265e-05    0.000655157    -1.01799e-05    0    1.82804e-322
4.76499e-05    -7.19129e-05    0.000644282    -1.00111e-05    -0    2.61855e-322
4.68552e-05    -7.07136e-05    0.000633537    -9.84418e-06    1    2.61855e-322
4.6068e-05    -6.95256e-05    0.000622892    -9.67886e-06    -0    2.61855e-322
4.54158e-05    -6.85414e-05    0.000614073    -9.5419e-06    0    3.40905e-322
4.46976e-05    -6.74575e-05    0.000604362    -9.39107e-06    0    1.82804e-322
4.40182e-05    -6.64322e-05    0.000595175    -9.24839e-06    -0    2.61855e-322
4.34177e-05    -6.5526e-05    0.000587055    -9.12228e-06    1    2.61855e-322
4.26901e-05    -6.44279e-05    0.000577216    -8.96946e-06    -0    2.61855e-322
4.19578e-05    -6.33229e-05    0.000567315    -8.81567e-06    0    3.40905e-322
4.12369e-05    -6.22349e-05    0.000557567    -8.66427e-06    0    1.82804e-322
4.05703e-05    -6.12288e-05    0.000548553    -8.52425e-06    -0    2.61855e-322
3.99667e-05    -6.03179e-05    0.000540391    -8.39748e-06    1    2.61855e-322
3.93328e-05    -5.93613e-05    0.00053182    -8.26434e-06    -0    2.61855e-322
3.87126e-05    -5.84254e-05    0.000523434    -8.13408e-06    0    3.40905e-322
3.8092e-05    -5.74888e-05    0.000515042    -8.00373e-06    0    1.82804e-322
3.75006e-05    -5.65962e-05    0.000507045    -7.8795e-06    -0    2.61855e-322
3.69932e-05    -5.58305e-05    0.000500184    -7.77293e-06    1    2.61855e-322
3.64129e-05    -5.49547e-05    0.000492338    -7.65105e-06    -0    2.61855e-322
3.59414e-05    -5.42431e-05    0.000485962    -7.55201e-06    0    3.40905e-322
3.53547e-05    -5.33578e-05    0.00047803    -7.42878e-06    0    1.82804e-322
3.48089e-05    -5.25341e-05    0.00047065    -7.31414e-06    -0    2.61855e-322
3.42181e-05    -5.16424e-05    0.000462661    -7.19003e-06    1    2.61855e-322
3.36923e-05    -5.0849e-05    0.000455552    -7.0796e-06    -0    2.61855e-322
3.32417e-05    -5.0169e-05    0.000449459    -6.98495e-06    0    3.40905e-322
3.27348e-05    -4.94039e-05    0.000442604    -6.87846e-06    0    1.82804e-322
3.22323e-05    -4.86456e-05    0.00043581    -6.77291e-06    -0    2.61855e-322
3.18119e-05    -4.80112e-05    0.000430126    -6.6846e-06    1    2.61855e-322
3.12748e-05    -4.72006e-05    0.000422863    -6.57177e-06    -0    2.61855e-322
3.0814e-05    -4.65052e-05    0.000416633    -6.47497e-06    0    3.40905e-322
3.03196e-05    -4.5759e-05    0.000409948    -6.37111e-06    0    1.82804e-322
