0    0    0    0    2.37152e-322    1.82804e-322
0    0    0    0    5.18769e-321    1.82804e-322
0    0    0    0    0.890091    2.61855e-322
0    0    0    0    -0    2.61855e-322
0    0    0    0    1    2.61855e-322
0    0    0    0    -0    2.61855e-322
0    0    0    0    0    3.40905e-322
0    0    0    0    0    1.82804e-322
0    0    0    0    -0    2.61855e-322
0    0    0    0    1    2.61855e-322
0    0    0    0    -0    2.61855e-322
0    0    0    0    0    3.40905e-322
0    0    0    0    0    3.40905e-322
0    0    0    0    1    2.61855e-322
0    0    0    0    -0    2.61855e-322
0    0    0    0    0    3.40905e-322
0    0    0    0    0    1.82804e-322
0    0    0    0    -0    2.61855e-322
0    0    0    0    1    2.61855e-322
0    0    0    0    -0    2.61855e-322
0    0    0    0    0    3.40905e-322
0    0    0    0    0    1.82804e-322
0    0    0    0    -0    2.61855e-322
0    0    0    0    1    2.61855e-322
0    0    0    0    -0    2.61855e-322
0    0    0    0    0    3.40905e-322
0    0    0    0    0    1.82804e-322
0    0    0    0    -0    2.61855e-322
0    0    0    0    1    2.61855e-322
0    0    0    0    -0    2.61855e-322
0    0    0    0    0    3.40905e-322
0    0    0    0    0    1.82804e-322
0    0    0    0    -0    2.61855e-322
0    0    0    0    1    2.61855e-322
0    0    0    0    -0    2.61855e-322
0    0    0    0    1.60077e-320    3.40905e-322
0    0    0    0    -1    2.61855e-322
0    0    0    0    -0    2.61855e-322
0    0    0    0    -1.66006e-320    2.61855e-322
0    0    0    0    1    2.61855e-322
0    0    0    0    1    2.61855e-322
0    0    0    0    1.8567e-320    1.82804e-322
0    0    0    0    1    2.61855e-322
0    0    0    0    1    2.61855e-322
0    0    0    0    -0    2.61855e-322
0    0    0    0    0    3.40905e-322
0    0    0    0    0    1.82804e-322
0    0    0    0    -0    2.61855e-322
0    0    0    0    1    2.61855e-322
0    0    0    0    -0    2.61855e-322
0    0    0    0    0    3.40905e-322
0.0786158    -0.107335    1.13802    -0.00354558    2.37152e-322    2.61855e-322
0.0774386    -0.105906    1.12033    -0.00368482    0    3.40905e-322
0.0766038    -0.104888    1.10778    -0.00377978    1    2.61855e-322
0.0756994    -0.103783    1.0942    -0.00387945    -0    2.61855e-322
0.0744666    -0.102272    1.07568    -0.00401027    -1    2.61855e-322
0.073088    -0.100574    1.05499    -0.00414928    0    3.40905e-322
0.072116    -0.0993725    1.04041    -0.0042421    0    1.82804e-322
0.0713548    -0.0984286    1.02899    -0.00431185    -0    2.61855e-322
0.0706341    -0.0975326    1.01819    -0.00437565    1    2.61855e-322
0.0696182    -0.0962666    1.00296    -0.0044622    -0    2.61855e-322
0.0688878    -0.0953535    0.992023    -0.00452154    0    3.40905e-322
0.0680441    -0.0942962    0.979389    -0.00458741    0    3.40905e-322
0.0664343    -0.0922722    0.955296    -0.00470616    1    2.61855e-322
0.0651989    -0.0907114    0.936824    -0.0047894    -0    2.61855e-322
0.0640172    -0.0892127    0.919169    -0.00486294    0    3.40905e-322
0.0632177    -0.0881953    0.907232    -0.00490903    0    1.82804e-322
0.0622636    -0.0869778    0.892994    -0.00496069    -0    2.61855e-322
0.0614205    -0.085899    0.880422    -0.00500304    1    2.61855e-322
0.0603622    -0.084541    0.864649    -0.00505221    -0    2.61855e-322
0.0594654    -0.0833865    0.851294    -0.00509003    0    3.40905e-322
0.0584949    -0.0821337    0.836851    -0.00512721    0    1.82804e-322
0.057616    -0.0809959    0.823782    -0.00515737    -0    2.61855e-322
0.0570223    -0.0802254    0.814959    -0.00517571    1    2.61855e-322
0.056217    -0.0791782    0.802998    -0.0051984    -0    2.61855e-322
0.0551555    -0.0777942    0.787244    -0.00522443    0    3.40905e-322
0.0541141    -0.0764321    0.771802    -0.00524531    0    1.82804e-322
0.0531995    -0.0752323    0.758252    -0.00525973    -0    2.61855e-322
0.0525263    -0.0743468    0.748287    -0.00526791    1    2.61855e-322
0.0516296    -0.0731648    0.735023    -0.00527605    -0    2.61855e-322
0.0507981    -0.0720659    0.722734    -0.0052805    0    3.40905e-322
0.0501179    -0.0711648    0.712688    -0.00528185    0    1.82804e-322
0.0492889    -0.0700644    0.700455    -0.00528099    -0    2.61855e-322
0.04872    -0.0693075    0.692066    -0.00527855    1    2.61855e-322
0.04803    -0.0683879    0.681899    -0.00527385    -0    2.61855e-322
0.047145    -0.0672058    0.668868    -0.00526506    0    3.40905e-322
0.046299    -0.0660731    0.656424    -0.00525352    0    1.82804e-322
0.0456909    -0.0652569    0.647486    -0.00524319    -0    2.61855e-322
0.0451341    -0.0645084    0.639309    -0.00523234    1    2.61855e-322
0.0442958    -0.0633794    0.627006    -0.00521377    -0    2.61855e-322
0.043705    -0.0625818    0.618343    -0.00519874    0    3.40905e-322
0.0429797    -0.0616011    0.607716    -0.00517837    0    1.82804e-322
0.042155    -0.0604836    0.595644    -0.00515259    -0    2.61855e-322
0.0414951    -0.0595874    0.585994    -0.00512977    1    2.61855e-322
0.0406963    -0.0585005    0.574322    -0.00509979    -0    2.61855e-322
0.0399526    -0.0574862    0.563467    -0.00506941    0    3.40905e-322
0.0393846    -0.0567102    0.555185    -0.00504453    0    1.82804e-322
0.0386406    -0.0556918    0.544343    -0.00501    -0    2.61855e-322
0.0381048    -0.0549571    0.536544    -0.00498357    1    2.61855e-322
0.0374227    -0.0540201    0.526621    -0.00494826    -0    2.61855e-322
0.0368015    -0.0531653    0.517593    -0.00491435    0    3.40905e-322
0.0361095    -0.0522115    0.507546    -0.00487471    0    1.82804e-322
0.0355778    -0.0514771    0.499832    -0.00484278    -0    2.61855e-322
0.0351471    -0.0508816    0.493589    -0.00481599    1    2.61855e-322
0.0344718    -0.0499465    0.483807    -0.0047726    -0    2.61855e-322
0.0338174    -0.0490387    0.474336    -0.00472868    0    3.40905e-322
0.0334303    -0.0485009    0.46874    -0.00470174    0    1.82804e-322
0.0328104    -0.0476385    0.459783    -0.00465744    -0    2.61855e-322
0.0322771    -0.0468954    0.452084    -0.00461798    1    2.61855e-322
0.0318188    -0.0462561    0.445474    -0.00458307    -0    2.61855e-322
0.0313092    -0.0455441    0.438129    -0.00454323    0    3.40905e-322
0.0309095    -0.044985    0.432372    -0.00451118    0    1.82804e-322
0.030363    -0.0442196    0.424505    -0.00446634    -0    2.61855e-322
0.0299672    -0.0436646    0.418813    -0.00443302    1    2.61855e-322
0.0295362    -0.0430596    0.412619    -0.004396    -0    2.61855e-322
0.0291746    -0.0425514    0.407425    -0.0043643    0    3.40905e-322
0.0288283    -0.0420643    0.402455    -0.00433343    0    1.82804e-322
0.0284611    -0.0415473    0.397186    -0.00430015    -0    2.61855e-322
0.0280211    -0.0409271    0.390878    -0.00425956    1    2.61855e-322
0.0276257    -0.0403692    0.385213    -0.00422236    -0    2.61855e-322
0.0273024    -0.0399126    0.380585    -0.00419144    0    3.40905e-322
0.0267874    -0.0391844    0.373214    -0.00414137    0    1.82804e-322
0.0264919    -0.0387663    0.36899    -0.00411207    -0    2.61855e-322
0.0261938    -0.038344    0.36473    -0.00408214    1    2.61855e-322
0.0258027    -0.0377895    0.359144    -0.00404234    -0    2.61855e-322
0.0253523    -0.0371503    0.352715    -0.00399574    0    3.40905e-322
0.0248541    -0.0364424    0.34561    -0.00394323    0    1.82804e-322
0.024377    -0.0357636    0.338811    -0.00389194    -0    2.61855e-322
0.0239573    -0.0351658    0.332836    -0.00384602    1    2.61855e-322
0.0236265    -0.0346942    0.32813    -0.00380927    -0    2.61855e-322
0.0232159    -0.0341082    0.322291    -0.00376304    0    3.40905e-322
0.0228978    -0.0336538    0.317771    -0.00372671    0    1.82804e-322
0.0226014    -0.0332301    0.313563    -0.00369247    -0    2.61855e-322
0.0222919    -0.0327872    0.30917    -0.00365632    1    2.61855e-322
0.0219404    -0.0322839    0.304184    -0.00361481    -0    2.61855e-322
0.0216671    -0.0318923    0.30031    -0.00358214    0    3.40905e-322
0.0214164    -0.0315327    0.296757    -0.0035519    0    1.82804e-322
0.021047    -0.0310026    0.291526    -0.0035069    -0    2.61855e-322
0.0208085    -0.0306601    0.288151    -0.00347751    1    2.61855e-322
0.0204372    -0.0301264    0.282899    -0.00343134    0    3.40905e-322
0.0201984    -0.029783    0.279523    -0.0034013    0    3.40905e-322
0.0197884    -0.0291928    0.273731    -0.00334925    1    2.61855e-322
0.0195744    -0.0288844    0.270709    -0.00332175    -0    2.61855e-322
0.0191948    -0.028337    0.265351    -0.00327257    0    3.40905e-322
0.018991    -0.028043    0.262477    -0.00324588    0    1.82804e-322
0.0187024    -0.0276263    0.258408    -0.00320782    -0    2.61855e-322
0.0184804    -0.0273057    0.255282    -0.0031783    1    2.61855e-322
0.0182503    -0.026973    0.25204    -0.00314746    -0    2.61855e-322
0.0179231    -0.0264998    0.247434    -0.00310328    0    3.40905e-322
0.0176122    -0.0260497    0.24306    -0.00306088    0    1.82804e-322
0.0173205    -0.0256272    0.23896    -0.00302073    -0    2.61855e-322
0.0169805    -0.0251342    0.234182    -0.00297348    1    2.61855e-322
0.0167022    -0.0247304    0.230274    -0.00293444    -0    2.61855e-322
0.0164085    -0.024304    0.226152    -0.00289289    0    3.40905e-322
0.0162276    -0.0240411    0.223614    -0.00286709    0    1.82804e-322
0.0160419    -0.0237713    0.221011    -0.00284048    -0    2.61855e-322
0.0157967    -0.0234147    0.217575    -0.00280513    1    2.61855e-322
0.0156247    -0.0231644    0.215165    -0.00278016    -0    2.61855e-322
0.0154546    -0.0229169    0.212783    -0.00275536    0    3.40905e-322
0.015267    -0.0226436    0.210156    -0.00272786    0    1.82804e-322
0.0150422    -0.0223161    0.20701    -0.00269473    -0    2.61855e-322
0.014768    -0.0219164    0.203175    -0.00265405    1    2.61855e-322
0.0145347    -0.0215761    0.199914    -0.00261918    -0    2.61855e-322
0.0142787    -0.0212024    0.196337    -0.00258065    0    3.40905e-322
0.0141267    -0.0209804    0.194214    -0.00255763    0    1.82804e-322
0.0139614    -0.020739    0.191907    -0.0025325    -0    2.61855e-322
0.0136817    -0.0203301    0.188002    -0.00248972    1    2.61855e-322
0.0135152    -0.0200867    0.18568    -0.0024641    -0    2.61855e-322
0.0132595    -0.0197126    0.182115    -0.00242454    0    3.40905e-322
0.0131084    -0.0194913    0.180008    -0.00240101    0    1.82804e-322
0.012846    -0.019107    0.176353    -0.00235997    -0    2.61855e-322
0.0127085    -0.0189056    0.174439    -0.00233833    1    2.61855e-322
0.01247    -0.0185559    0.171119    -0.00230063    -0    2.61855e-322
0.0123345    -0.0183571    0.169233    -0.00227909    0    3.40905e-322
0.0122089    -0.0181729    0.167487    -0.00225906    0    1.82804e-322
0.0119732    -0.0178269    0.164208    -0.00222131    -0    2.61855e-322
0.0117809    -0.0175445    0.161536    -0.00219034    1    2.61855e-322
0.0116398    -0.0173372    0.159575    -0.00216751    -0    2.61855e-322
0.0115026    -0.0171355    0.15767    -0.00214523    0    3.40905e-322
0.0113409    -0.0168979    0.155426    -0.00211888    0    1.82804e-322
0.0111235    -0.0165781    0.152408    -0.00208328    -0    2.61855e-322
0.0109204    -0.0162793    0.14959    -0.00204985    1    2.61855e-322
0.0107702    -0.0160581    0.147507    -0.002025    -0    2.61855e-322
0.0106017    -0.01581    0.145172    -0.00199703    0    3.40905e-322
0.0104332    -0.0155617    0.142836    -0.00196893    0    1.82804e-322
0.0102803    -0.0153363    0.140718    -0.00194333    -0    2.61855e-322
0.0101057    -0.0150789    0.1383    -0.00191398    1    2.61855e-322
0.00999242    -0.0149119    0.136733    -0.00189487    -0    2.61855e-322
0.00983799    -0.0146841    0.134595    -0.00186874    0    3.40905e-322
0.00966383    -0.014427    0.132186    -0.00183914    0    1.82804e-322
0.00953632    -0.0142387    0.130423    -0.00181739    -0    2.61855e-322
0.00934537    -0.0139567    0.127783    -0.0017847    1    2.61855e-322
0.00919669    -0.013737    0.125728    -0.00175914    -0    2.61855e-322
0.00902304    -0.0134803    0.123329    -0.00172918    0    3.40905e-322
0.00886422    -0.0132455    0.121136    -0.00170166    0    1.82804e-322
0.00871855    -0.01303    0.119125    -0.00167632    -0    2.61855e-322
0.00862656    -0.0128939    0.117855    -0.00166027    1    2.61855e-322
0.0084744    -0.0126686    0.115756    -0.00163366    -0    2.61855e-322
0.00831796    -0.012437    0.113598    -0.0016062    0    3.40905e-322
0.00815679    -0.0121983    0.111376    -0.0015778    0    1.82804e-322
0.00800284    -0.0119702    0.109254    -0.00155057    -0    2.61855e-322
0.00785512    -0.0117512    0.107219    -0.00152435    1    2.61855e-322
0.00769858    -0.0115191    0.105063    -0.00149647    -0    2.61855e-322
0.00756325    -0.0113184    0.1032    -0.00147229    0    3.40905e-322
0.00741799    -0.0111028    0.1012    -0.00144624    0    1.82804e-322
0.0072699    -0.010883    0.0991624    -0.0014196    -0    2.61855e-322
0.00714743    -0.0107012    0.0974779    -0.00139749    1    2.61855e-322
0.00703896    -0.0105401    0.0959862    -0.00137786    -0    2.61855e-322
0.00695541    -0.010416    0.0948375    -0.00136271    0    3.40905e-322
0.00682695    -0.0102251    0.0930717    -0.00133935    0    1.82804e-322
0.00669693    -0.0100319    0.0912851    -0.00131565    -0    2.61855e-322
0.0066075    -0.00989891    0.0900566    -0.0012993    1    2.61855e-322
0.00649716    -0.00973482    0.088541    -0.00127908    -0    2.61855e-322
0.00641469    -0.00961216    0.0874087    -0.00126394    0    3.40905e-322
0.006309    -0.00945492    0.0859576    -0.00124449    0    1.82804e-322
0.00623006    -0.00933746    0.0848742    -0.00122993    -0    2.61855e-322
0.00612312    -0.0091783    0.0834066    -0.00121017    1    2.61855e-322
0.00604121    -0.00905636    0.0822828    -0.001195    -0    2.61855e-322
0.0059597    -0.00893499    0.0811648    -0.00117988    0    3.40905e-322
0.00588512    -0.00882393    0.080142    -0.00116602    0    1.82804e-322
0.00582022    -0.00872726    0.079252    -0.00115394    -0    2.61855e-322
0.005724    -0.00858392    0.0779328    -0.001136    1    2.61855e-322
0.00565274    -0.00847774    0.0769561    -0.00112269    -0    2.61855e-322
0.00555821    -0.00833686    0.0756606    -0.001105    0    3.40905e-322
0.00547307    -0.00820996    0.0744941    -0.00108903    0    1.82804e-322
0.00536426    -0.00804772    0.0730034    -0.00106859    -0    2.61855e-322
0.00529396    -0.0079429    0.0720407    -0.00105535    1    2.61855e-322
0.00521107    -0.00781926    0.0709056    -0.00103972    -0    2.61855e-322
0.00512037    -0.00768395    0.0696638    -0.00102258    0    3.40905e-322
0.005062    -0.00759686    0.0688649    -0.00101153    0    1.82804e-322
0.00498633    -0.00748395    0.0678294    -0.000997186    -0    2.61855e-322
0.00490595    -0.00736397    0.0667295    -0.000981924    1    2.61855e-322
0.00480962    -0.00722017    0.0654117    -0.000963602    -0    2.61855e-322
0.00473881    -0.00711443    0.0644431    -0.000950105    0    3.40905e-322
0.00467438    -0.00701822    0.063562    -0.000937808    0    1.82804e-322
0.00458702    -0.00688773    0.0623675    -0.000921108    -0    2.61855e-322
0.00452007    -0.00678772    0.0614522    -0.000908288    1    2.61855e-322
0.00447357    -0.00671824    0.0608166    -0.000899372    -0    2.61855e-322
0.00441228    -0.00662665    0.0599789    -0.000887606    0    3.40905e-322
0.00434064    -0.00651959    0.059    -0.000873835    0    1.82804e-322
0.0042602    -0.00639935    0.0579009    -0.000858348    -0    2.61855e-322
0.00420645    -0.006319    0.0571668    -0.000847985    1    2.61855e-322
0.00413511    -0.00621233    0.0561924    -0.000834212    -0    2.61855e-322
0.00407278    -0.00611911    0.0553411    -0.000822159    0    3.40905e-322
0.00401138    -0.00602728    0.0545028    -0.000810271    0    1.82804e-322
0.00395812    -0.00594762    0.0537757    -0.000799947    -0    2.61855e-322
0.00388946    -0.00584491    0.0528385    -0.000786622    1    2.61855e-322
0.00384238    -0.00577446    0.0521959    -0.000777472    -0    2.61855e-322
0.00377912    -0.00567979    0.0513326    -0.000765163    0    3.40905e-322
0.00373879    -0.00561943    0.0507823    -0.000757308    0    1.82804e-322
0.00368505    -0.00553899    0.0500491    -0.00074683    -0    2.61855e-322
0.00362175    -0.00544424    0.0491856    -0.000734475    1    2.61855e-322
0.00356028    -0.0053522    0.0483472    -0.000722459    -0    2.61855e-322
0.00350109    -0.00526357    0.0475399    -0.000710874    0    3.40905e-322
0.00345303    -0.0051916    0.0468846    -0.000701458    0    1.82804e-322
0.00341111    -0.00512882    0.0463132    -0.000693237    -0    2.61855e-322
0.00335535    -0.00504529    0.0455529    -0.000682289    1    2.61855e-322
0.00329997    -0.00496234    0.0447982    -0.000671406    -0    2.61855e-322
0.00324214    -0.00487569    0.0440099    -0.000660025    0    3.40905e-322
0.00319819    -0.00480984    0.043411    -0.000651367    0    1.82804e-322
0.0031418    -0.00472532    0.0426426    -0.000640246    -0    2.61855e-322
0.00310326    -0.00466756    0.0421176    -0.000632639    1    2.61855e-322
0.00304284    -0.004577    0.0412945    -0.0006207    -0    2.61855e-322
0.00299084    -0.00449904    0.0405862    -0.000610413    0    3.40905e-322
0.00294071    -0.00442388    0.0399035    -0.000600485    0    1.82804e-322
0.00290293    -0.00436724    0.0393891    -0.000592997    -0    2.61855e-322
0.00285773    -0.00429946    0.0387736    -0.00058403    1    2.61855e-322
0.00282594    -0.00425178    0.0383408    -0.000577717    -0    2.61855e-322
0.00278955    -0.0041972    0.0378454    -0.000570486    0    3.40905e-322
0.00273656    -0.00411771    0.037124    -0.000559947    0    1.82804e-322
0.00268976    -0.00404751    0.0364871    -0.000550631    -0    2.61855e-322
0.00265938    -0.00400193    0.0360737    -0.000544578    1    2.61855e-322
0.0026291    -0.0039565    0.0356616    -0.00053854    -0    2.61855e-322
0.00259258    -0.0039017    0.0351647    -0.000531255    0    3.40905e-322
0.00255107    -0.00383941    0.0345999    -0.000522966    0    1.82804e-322
0.00250979    -0.00377746    0.0340383    -0.000514718    -0    2.61855e-322
0.00246734    -0.00371373    0.0334607    -0.000506226    1    2.61855e-322
0.00243483    -0.00366494    0.0330186    -0.000499719    -0    2.61855e-322
0.00239099    -0.00359912    0.0324223    -0.000490937    0    3.40905e-322
0.00235959    -0.00355198    0.0319952    -0.000484641    0    1.82804e-322
0.00232759    -0.00350394    0.0315602    -0.000478223    -0    2.61855e-322
0.00229929    -0.00346145    0.0311753    -0.000472541    1    2.61855e-322
0.00225311    -0.00339211    0.0305475    -0.000463266    -0    2.61855e-322
0.00222991    -0.00335727    0.0302321    -0.000458602    0    3.40905e-322
0.0021886    -0.00329522    0.0296705    -0.000450291    0    1.82804e-322
0.00215885    -0.00325054    0.0292661    -0.000444303    -0    2.61855e-322
0.00213264    -0.00321117    0.0289099    -0.000439023    1    2.61855e-322
0.00210144    -0.00316429    0.0284858    -0.000432734    -0    2.61855e-322
0.00205976    -0.00310169    0.0279195    -0.00042433    0    3.40905e-322
0.00201956    -0.00304129    0.0273732    -0.000416215    0    1.82804e-322
0.00198338    -0.00298692    0.0268816    -0.000408906    -0    2.61855e-322
0.00194912    -0.00293545    0.0264162    -0.000401981    1    2.61855e-322
0.00192666    -0.00290169    0.026111    -0.000397437    -0    2.61855e-322
0.00189369    -0.00285213    0.0256631    -0.000390764    0    3.40905e-322
0.00186697    -0.00281198    0.0253002    -0.000385353    0    1.82804e-322
0.00183335    -0.00276145    0.0248436    -0.000378541    -0    2.61855e-322
0.00179724    -0.00270716    0.0243531    -0.000371218    1    2.61855e-322
0.00176228    -0.00265461    0.0238784    -0.000364124    -0    2.61855e-322
0.00172897    -0.00260452    0.023426    -0.000357359    0    3.40905e-322
0.00170765    -0.00257248    0.0231367    -0.000353029    0    1.82804e-322
0.00167655    -0.00252572    0.0227144    -0.000346707    -0    2.61855e-322
0.00165016    -0.00248602    0.022356    -0.000341337    1    2.61855e-322
0.00162831    -0.00245317    0.0220595    -0.000336891    -0    2.61855e-322
0.00159689    -0.00240591    0.0216329    -0.000330493    0    3.40905e-322
0.00156593    -0.00235936    0.0212128    -0.000324186    0    1.82804e-322
0.00153611    -0.00231451    0.0208081    -0.000318108    -0    2.61855e-322
0.00151269    -0.00227928    0.0204902    -0.00031333    1    2.61855e-322
0.00148844    -0.00224279    0.0201611    -0.00030838    -0    2.61855e-322
0.00147071    -0.00221613    0.0199205    -0.000304762    0    3.40905e-322
0.00145156    -0.00218731    0.0196606    -0.00030085    0    1.82804e-322
0.00142409    -0.00214599    0.019288    -0.000295238    -0    2.61855e-322
0.00140238    -0.00211332    0.0189933    -0.000290798    1    2.61855e-322
0.00138147    -0.00208186    0.0187097    -0.000286521    -0    2.61855e-322
0.00135549    -0.00204277    0.0183572    -0.000281206    0    3.40905e-322
0.00133483    -0.00201169    0.0180771    -0.000276978    0    1.82804e-322
0.00131721    -0.00198517    0.017838    -0.000273369    -0    2.61855e-322
0.00129757    -0.00195561    0.0175716    -0.000269344    1    2.61855e-322
0.00127533    -0.00192214    0.01727    -0.000264787    -0    2.61855e-322
0.00125298    -0.0018885    0.0169668    -0.000260203    0    3.40905e-322
0.00123836    -0.0018665    0.0167686    -0.000257206    0    1.82804e-322
0.00121818    -0.00183612    0.0164949    -0.000253064    -0    2.61855e-322
0.00119964    -0.00180822    0.0162435    -0.000249259    1    2.61855e-322
0.00117725    -0.0017745    0.0159398    -0.000244659    -0    2.61855e-322
0.00115658    -0.0017434    0.0156596    -0.000240414    0    3.40905e-322
0.00114261    -0.00172237    0.0154702    -0.000237543    0    1.82804e-322
0.00112834    -0.00170088    0.0152767    -0.000234609    -0    2.61855e-322
0.00111109    -0.00167491    0.0150428    -0.000231062    1    2.61855e-322
0.00109831    -0.00165566    0.0148695    -0.000228432    -0    2.61855e-322
0.00108549    -0.00163636    0.0146958    -0.000225795    0    3.40905e-322
0.00107039    -0.00161362    0.014491    -0.000222686    0    1.82804e-322
0.00105584    -0.00159171    0.0142938    -0.000219691    -0    2.61855e-322
0.00103513    -0.00156054    0.0140131    -0.000215427    1    2.61855e-322
0.00101509    -0.00153035    0.0137414    -0.000211297    -0    2.61855e-322
0.000998314    -0.00150509    0.0135141    -0.00020784    0    3.40905e-322
0.000979713    -0.00147708    0.013262    -0.000204005    0    1.82804e-322
0.000961626    -0.00144984    0.0130169    -0.000200274    -0    2.61855e-322
0.000946966    -0.00142776    0.0128182    -0.00019725    1    2.61855e-322
0.000934065    -0.00140833    0.0126433    -0.000194587    -0    2.61855e-322
0.000920749    -0.00138827    0.0124629    -0.000191838    0    3.40905e-322
0.000905211    -0.00136487    0.0122523    -0.00018863    0    1.82804e-322
0.000890405    -0.00134257    0.0120517    -0.000185571    -0    2.61855e-322
0.000878914    -0.00132526    0.011896    -0.000183197    1    2.61855e-322
0.000868528    -0.00130961    0.0117553    -0.000181051    -0    2.61855e-322
0.000858966    -0.00129521    0.0116257    -0.000179074    0    3.40905e-322
0.000849199    -0.0012805    0.0114934    -0.000177055    0    1.82804e-322
0.000834922    -0.00125899    0.0113    -0.000174103    -0    2.61855e-322
0.000823279    -0.00124145    0.0111422    -0.000171695    1    2.61855e-322
0.000812445    -0.00122512    0.0109955    -0.000169454    -0    2.61855e-322
0.000801373    -0.00120844    0.0108455    -0.000167162    0    3.40905e-322
0.000792399    -0.00119492    0.0107239    -0.000165305    0    1.82804e-322
0.000780845    -0.00117751    0.0105674    -0.000162913    -0    2.61855e-322
0.000765469    -0.00115435    0.0103591    -0.000159729    1    2.61855e-322
0.000753132    -0.00113576    0.010192    -0.000157174    -0    2.61855e-322
0.000743377    -0.00112106    0.0100598    -0.000155153    0    3.40905e-322
0.000730839    -0.00110217    0.00989001    -0.000152555    0    1.82804e-322
0.000717758    -0.00108246    0.00971283    -0.000149844    -0    2.61855e-322
0.000706877    -0.00106606    0.00956546    -0.000147588    1    2.61855e-322
0.000698492    -0.00105342    0.00945189    -0.000145849    -0    2.61855e-322
0.000685136    -0.0010333    0.00927102    -0.000143079    0    3.40905e-322
0.00067379    -0.0010162    0.00911735    -0.000140726    0    1.82804e-322
0.000663348    -0.00100046    0.00897594    -0.000138559    -0    2.61855e-322
0.000655132    -0.000988077    0.00886467    -0.000136854    1    2.61855e-322
0.000644737    -0.000972411    0.00872391    -0.000134696    -0    2.61855e-322
0.000635322    -0.000958221    0.00859641    -0.000132741    0    3.40905e-322
0.000623501    -0.000940405    0.00843635    -0.000130287    0    1.82804e-322
0.00061463    -0.000927034    0.00831622    -0.000128444    -0    2.61855e-322
0.000606771    -0.000915188    0.0082098    -0.000126812    1    2.61855e-322
0.000598536    -0.000902775    0.00809829    -0.000125101    -0    2.61855e-322
0.000588001    -0.000886896    0.00795566    -0.000122912    0    3.40905e-322
0.000578179    -0.000872091    0.00782266    -0.00012087    0    1.82804e-322
0.000566548    -0.000854558    0.00766519    -0.000118452    -0    2.61855e-322
0.000558773    -0.000842839    0.00755993    -0.000116836    1    2.61855e-322
0.000548016    -0.000826623    0.00741429    -0.000114598    -0    2.61855e-322
0.000541629    -0.000816994    0.00732782    -0.00011327    0    3.40905e-322
0.000533835    -0.000805246    0.00722231    -0.000111649    0    1.82804e-322
0.000528299    -0.000796899    0.00714735    -0.000110497    -0    2.61855e-322
0.000518711    -0.000782445    0.00701756    -0.000108501    1    2.61855e-322
0.000509351    -0.000768335    0.00689085    -0.000106553    -0    2.61855e-322
0.000502592    -0.000758144    0.00679935    -0.000105146    0    3.40905e-322
0.000496852    -0.000749491    0.00672165    -0.000103951    0    1.82804e-322
0.000487426    -0.000735279    0.00659404    -0.000101989    -0    2.61855e-322
0.000478892    -0.000722412    0.00647853    -0.000100211    1    2.61855e-322
0.000473731    -0.000714631    0.00640867    -9.91365e-05    -0    2.61855e-322
0.000466721    -0.000704062    0.00631378    -9.76762e-05    0    3.40905e-322
0.000457315    -0.00068988    0.00618647    -9.57166e-05    0    1.82804e-322
0.000449352    -0.000677874    0.00607869    -9.40574e-05    -0    2.61855e-322
0.000443789    -0.000669485    0.00600338    -9.28978e-05    1    2.61855e-322
0.000437114    -0.000659421    0.00591305    -9.15067e-05    -0    2.61855e-322
0.000428813    -0.000646904    0.00580069    -8.97762e-05    0    3.40905e-322
0.000423993    -0.000639635    0.00573545    -8.87712e-05    0    1.82804e-322
0.000419177    -0.000632375    0.00567028    -8.77671e-05    -0    2.61855e-322
0.00041326    -0.000623452    0.0055902    -8.65333e-05    1    2.61855e-322
0.000407758    -0.000615155    0.00551573    -8.53857e-05    -0    2.61855e-322
0.000400871    -0.00060477    0.00542253    -8.39493e-05    0    3.40905e-322
0.000393498    -0.000593652    0.00532274    -8.24112e-05    0    1.82804e-322
0.000388934    -0.000586769    0.00526097    -8.14589e-05    -0    2.61855e-322
0.000384723    -0.000580419    0.00520399    -8.05804e-05    1    2.61855e-322
0.00038056    -0.00057414    0.00514764    -7.97115e-05    -0    2.61855e-322
0.000374898    -0.000565602    0.00507102    -7.853e-05    0    3.40905e-322
0.000368116    -0.000555374    0.00497924    -7.71144e-05    0    1.82804e-322
0.000361781    -0.000545821    0.00489352    -7.57922e-05    -0    2.61855e-322
0.000356444    -0.000537772    0.0048213    -7.4678e-05    1    2.61855e-322
0.000352343    -0.000531588    0.00476581    -7.38218e-05    -0    2.61855e-322
0.000346633    -0.000522975    0.00468853    -7.26293e-05    0    3.40905e-322
0.000341051    -0.000514557    0.004613    -7.14637e-05    0    1.82804e-322
0.000335736    -0.000506541    0.00454108    -7.03537e-05    -0    2.61855e-322
0.000330279    -0.000498311    0.00446724    -6.92139e-05    1    2.61855e-322
0.000325675    -0.000491368    0.00440495    -6.82522e-05    -0    2.61855e-322
0.000321334    -0.00048482    0.00434621    -6.73453e-05    0    3.40905e-322
0.000315172    -0.000475526    0.00426282    -6.60577e-05    0    1.82804e-322
0.000310417    -0.000468354    0.00419849    -6.50642e-05    -0    2.61855e-322
0.000306676    -0.000462712    0.00414787    -6.42824e-05    1    2.61855e-322
0.000301643    -0.000455121    0.00407978    -6.32307e-05    -0    2.61855e-322
0.000296943    -0.000448031    0.00401618    -6.22482e-05    0    3.40905e-322
0.000292046    -0.000440645    0.00394992    -6.12245e-05    0    1.82804e-322
0.000287296    -0.000433481    0.00388566    -6.02317e-05    -0    2.61855e-322
0.000283651    -0.000427983    0.00383635    -5.94696e-05    1    2.61855e-322
0.000278377    -0.000420028    0.00376499    -5.83669e-05    -0    2.61855e-322
0.000275316    -0.000415411    0.00372358    -5.77268e-05    0    3.40905e-322
0.00027221    -0.000410726    0.00368156    -5.70773e-05    0    1.82804e-322
0.000266898    -0.000402713    0.00360969    -5.59664e-05    -0    2.61855e-322
0.000263698    -0.000397885    0.00356639    -5.5297e-05    1    2.61855e-322
0.00025971    -0.00039187    0.00351244    -5.44629e-05    -0    2.61855e-322
0.000256453    -0.000386957    0.00346837    -5.37815e-05    0    3.40905e-322
0.000251683    -0.000379762    0.00340385    -5.27838e-05    0    1.82804e-322
0.000248355    -0.000374742    0.00335882    -5.20875e-05    -0    2.61855e-322
0.000244912    -0.000369548    0.00331224    -5.13671e-05    1    2.61855e-322
0.000240228    -0.000362483    0.00324888    -5.03871e-05    -0    2.61855e-322
0.000236927    -0.000357502    0.00320422    -4.96962e-05    0    3.40905e-322
0.000232558    -0.000350911    0.00314511    -4.87819e-05    0    1.82804e-322
0.00022863    -0.000344986    0.00309198    -4.79598e-05    -0    2.61855e-322
0.000226187    -0.000341301    0.00305893    -4.74485e-05    1    2.61855e-322
0.000223278    -0.000336912    0.00301957    -4.68395e-05    -0    2.61855e-322
0.000219235    -0.000330813    0.00296488    -4.59931e-05    0    3.40905e-322
0.000215606    -0.000325338    0.00291579    -4.52335e-05    0    1.82804e-322
0.000211582    -0.000319269    0.00286137    -4.43911e-05    -0    2.61855e-322
0.000208755    -0.000315003    0.00282312    -4.37991e-05    1    2.61855e-322
0.000206144    -0.000311065    0.00278781    -4.32525e-05    -0    2.61855e-322
0.000203614    -0.000307248    0.00275358    -4.27227e-05    0    3.40905e-322
0.000200244    -0.000302163    0.00270799    -4.20169e-05    0    1.82804e-322
0.00019796    -0.000298718    0.0026771    -4.15386e-05    -0    2.61855e-322
0.000194582    -0.000293621    0.0026314    -4.08311e-05    1    2.61855e-322
0.000191053    -0.000288298    0.00258367    -4.00921e-05    -0    2.61855e-322
0.000187714    -0.00028326    0.0025385    -3.93926e-05    0    3.40905e-322
0.000185403    -0.000279773    0.00250724    -3.89084e-05    0    1.82804e-322
0.000182734    -0.000275747    0.00247114    -3.83494e-05    -0    2.61855e-322
0.000180272    -0.000272031    0.00243784    -3.78335e-05    1    2.61855e-322
0.000177633    -0.00026805    0.00240214    -3.72807e-05    -0    2.61855e-322
0.000175394    -0.000264673    0.00237186    -3.68117e-05    0    3.40905e-322
0.000172901    -0.000260911    0.00233814    -3.62893e-05    0    1.82804e-322
0.000170193    -0.000256826    0.00230152    -3.57219e-05    -0    2.61855e-322
0.000168178    -0.000253785    0.00227426    -3.52996e-05    1    2.61855e-322
0.000165512    -0.000249763    0.00223819    -3.47408e-05    -0    2.61855e-322
0.000163784    -0.000247156    0.00221482    -3.43788e-05    0    3.40905e-322
0.000161475    -0.000243672    0.00218359    -3.38948e-05    0    1.82804e-322
0.000159185    -0.000240217    0.00215262    -3.34149e-05    -0    2.61855e-322
0.00015706    -0.000237011    0.00212388    -3.29696e-05    1    2.61855e-322
0.000154279    -0.000232815    0.00208627    -3.23867e-05    -0    2.61855e-322
0.000152291    -0.000229816    0.00205938    -3.197e-05    0    3.40905e-322
0.000149732    -0.000225955    0.00202477    -3.14336e-05    0    1.82804e-322
0.000147357    -0.000222372    0.00199265    -3.09358e-05    -0    2.61855e-322
0.000144487    -0.000218041    0.00195383    -3.0334e-05    1    2.61855e-322
0.000142004    -0.000214295    0.00192025    -2.98135e-05    -0    2.61855e-322
0.000139394    -0.000210357    0.00188495    -2.92663e-05    0    3.40905e-322
0.000136986    -0.000206723    0.00185238    -2.87613e-05    0    1.82804e-322
0.000135146    -0.000203946    0.00182749    -2.83755e-05    -0    2.61855e-322
0.000132883    -0.000200532    0.00179688    -2.79009e-05    1    2.61855e-322
0.000131502    -0.000198449    0.00177821    -2.76115e-05    -0    2.61855e-322
0.000129446    -0.000195347    0.00175041    -2.71803e-05    0    3.40905e-322
0.000127023    -0.00019169    0.00171763    -2.66721e-05    0    1.82804e-322
0.00012493    -0.000188533    0.00168933    -2.62332e-05    -0    2.61855e-322
0.000122841    -0.00018538    0.00166107    -2.5795e-05    1    2.61855e-322
0.000120936    -0.000182506    0.00163532    -2.53956e-05    0    3.40905e-322
0.000119205    -0.000179893    0.0016119    -2.50324e-05    0    3.40905e-322
0.000117139    -0.000176776    0.00158396    -2.45991e-05    1    2.61855e-322
0.000115092    -0.000173687    0.00155628    -2.41697e-05    1    2.61855e-322
0.000112984    -0.000170506    0.00152777    -2.37275e-05    0    3.40905e-322
0.000111053    -0.000167592    0.00150165    -2.33223e-05    0    1.82804e-322
0.000109739    -0.00016561    0.00148388    -2.30467e-05    -0    2.61855e-322
0.000108573    -0.000163851    0.00146812    -2.28022e-05    1.13472e-319    3.40905e-322
0.000107389    -0.000162064    0.0014521    -2.25537e-05    -0    2.61855e-322
0.000105546    -0.000159283    0.00142718    -2.2167e-05    2.37152e-322    7.36158e-322
0.00010426    -0.000157342    0.00140978    -2.18972e-05    3.83638e-13    3.40905e-322
0.00010254    -0.000154748    0.00138653    -2.15364e-05    1.14263e-319    1.82804e-322
0.000100765    -0.000152069    0.00136252    -2.11639e-05    2.37152e-322    1.13141e-321
9.91526e-05    -0.000149636    0.00134072    -2.08256e-05    0    2.61855e-322
9.81316e-05    -0.000148095    0.00132691    -2.06114e-05    1    2.61855e-322
9.71092e-05    -0.000146552    0.00131308    -2.03968e-05    -0    2.61855e-322
9.58137e-05    -0.000144597    0.00129556    -2.0125e-05    0    3.40905e-322
9.45756e-05    -0.000142729    0.00127882    -1.98652e-05    0    1.82804e-322
9.29799e-05    -0.000140321    0.00125724    -1.95303e-05    -0    2.61855e-322
9.1223e-05    -0.00013767    0.00123348    -1.91616e-05    1    2.61855e-322
9.01182e-05    -0.000136003    0.00121854    -1.89297e-05    -0    2.61855e-322
8.88811e-05    -0.000134136    0.00120181    -1.86701e-05    0    3.40905e-322
8.73714e-05    -0.000131858    0.0011814    -1.83532e-05    0    1.82804e-322
8.5705e-05    -0.000129343    0.00115886    -1.80035e-05    -0    2.61855e-322
8.42632e-05    -0.000127168    0.00113937    -1.77009e-05    1    2.61855e-322
8.31277e-05    -0.000125454    0.00112401    -1.74625e-05    -0    2.61855e-322
8.15368e-05    -0.000123053    0.0011025    -1.71286e-05    0    3.40905e-322
8.05432e-05    -0.000121554    0.00108906    -1.692e-05    0    1.82804e-322
7.95842e-05    -0.000120107    0.00107609    -1.67187e-05    -0    2.61855e-322
7.83645e-05    -0.000118266    0.0010596    -1.64627e-05    1    2.61855e-322
7.69095e-05    -0.000116071    0.00103992    -1.61573e-05    -0    2.61855e-322
7.55956e-05    -0.000114088    0.00102216    -1.58815e-05    0    3.40905e-322
7.4132e-05    -0.000111879    0.00100236    -1.55742e-05    0    1.82804e-322
7.32235e-05    -0.000110508    0.000990078    -1.53835e-05    -0    2.61855e-322
7.21788e-05    -0.000108932    0.000975951    -1.51641e-05    1    2.61855e-322
7.09237e-05    -0.000107038    0.000958979    -1.49006e-05    -0    2.61855e-322
6.95771e-05    -0.000105005    0.000940769    -1.46179e-05    0    3.40905e-322
6.84776e-05    -0.000103346    0.000925902    -1.43871e-05    0    1.82804e-322
6.72632e-05    -0.000101514    0.000909481    -1.41321e-05    -0    2.61855e-322
6.59431e-05    -9.95213e-05    0.000891629    -1.38549e-05    1    2.61855e-322
6.51109e-05    -9.82656e-05    0.000880377    -1.36802e-05    -0    2.61855e-322
6.38352e-05    -9.63404e-05    0.000863126    -1.34123e-05    0    3.40905e-322
6.28246e-05    -9.48152e-05    0.00084946    -1.32001e-05    0    1.82804e-322
6.15899e-05    -9.2952e-05    0.000832765    -1.29408e-05    -0    2.61855e-322
6.06516e-05    -9.1536e-05    0.000820076    -1.27438e-05    1    2.61855e-322
5.96926e-05    -9.00888e-05    0.000807109    -1.25424e-05    -0    2.61855e-322
5.85162e-05    -8.83134e-05    0.000791202    -1.22954e-05    0    3.40905e-322
5.74456e-05    -8.66977e-05    0.000776724    -1.20706e-05    0    1.82804e-322
5.63867e-05    -8.50997e-05    0.000762406    -1.18482e-05    -0    2.61855e-322
5.54714e-05    -8.37185e-05    0.00075003    -1.1656e-05    1    2.61855e-322
5.45341e-05    -8.2304e-05    0.000737356    -1.14591e-05    -0    2.61855e-322
5.34272e-05    -8.06335e-05    0.000722388    -1.12266e-05    0    3.40905e-322
5.23755e-05    -7.90463e-05    0.000708167    -1.10058e-05    0    1.82804e-322
5.16647e-05    -7.79736e-05    0.000698555    -1.08565e-05    -0    2.61855e-322
5.06806e-05    -7.64885e-05    0.000685249    -1.06498e-05    1    2.61855e-322
4.98596e-05    -7.52495e-05    0.000674148    -1.04774e-05    -0    2.61855e-322
4.90288e-05    -7.39958e-05    0.000662915    -1.03029e-05    0    3.40905e-322
4.81516e-05    -7.26719e-05    0.000651052    -1.01186e-05    0    1.82804e-322
4.72826e-05    -7.13604e-05    0.000639302    -9.93607e-06    -0    2.61855e-322
4.64186e-05    -7.00565e-05    0.000627619    -9.7546e-06    1    2.61855e-322
4.58165e-05    -6.91479e-05    0.000619479    -9.62813e-06    -0    2.61855e-322
4.50682e-05    -6.80186e-05    0.00060936    -9.47095e-06    0    3.40905e-322
4.43909e-05    -6.69964e-05    0.000600202    -9.32867e-06    0    1.82804e-322
4.38584e-05    -6.61927e-05    0.000593001    -9.21681e-06    -0    2.61855e-322
4.30578e-05    -6.49845e-05    0.000582176    -9.04864e-06    1    2.61855e-322
4.22382e-05    -6.37476e-05    0.000571094    -8.87648e-06    -0    2.61855e-322
4.1433e-05    -6.25325e-05    0.000560207    -8.70734e-06    0    3.40905e-322
4.07302e-05    -6.14717e-05    0.000550703    -8.55968e-06    0    1.82804e-322
4.01427e-05    -6.05851e-05    0.00054276    -8.43627e-06    -0    2.61855e-322
3.94834e-05    -5.95902e-05    0.000533845    -8.29777e-06    1    2.61855e-322
3.88414e-05    -5.86212e-05    0.000525164    -8.16289e-06    -0    2.61855e-322
3.81914e-05    -5.76402e-05    0.000516375    -8.02634e-06    0    3.40905e-322
3.75915e-05    -5.6735e-05    0.000508264    -7.90032e-06    0    1.82804e-322
3.71487e-05    -5.60667e-05    0.000502277    -7.8073e-06    -0    2.61855e-322
3.65508e-05    -5.51643e-05    0.000494192    -7.68167e-06    1    2.61855e-322
3.61629e-05    -5.45789e-05    0.000488947    -7.60018e-06    -0    2.61855e-322
3.55365e-05    -5.36336e-05    0.000480478    -7.46859e-06    0    3.40905e-322
3.49853e-05    -5.28017e-05    0.000473025    -7.35279e-06    0    1.82804e-322
3.43332e-05    -5.18176e-05    0.000464208    -7.21578e-06    -0    2.61855e-322
3.38027e-05    -5.10169e-05    0.000457034    -7.10431e-06    1    2.61855e-322
3.34164e-05    -5.04339e-05    0.000451811    -7.02316e-06    -0    2.61855e-322
3.2908e-05    -4.96665e-05    0.000444936    -6.91633e-06    0    3.40905e-322
3.23997e-05    -4.88995e-05    0.000438064    -6.80954e-06    0    1.82804e-322
3.20495e-05    -4.8371e-05    0.000433329    -6.73596e-06    -0    2.61855e-322
3.14587e-05    -4.74793e-05    0.00042534    -6.61182e-06    1    2.61855e-322
3.10143e-05    -4.68086e-05    0.000419332    -6.51845e-06    -0    2.61855e-322
3.04971e-05    -4.60281e-05    0.000412339    -6.40979e-06    0    3.40905e-322
3.00458e-05    -4.53469e-05    0.000406236    -6.31495e-06    0    1.82804e-322
2.96933e-05    -4.48149e-05    0.00040147    -6.24089e-06    -0    2.61855e-322
2.92641e-05    -4.41673e-05    0.000395668    -6.15072e-06    1    2.61855e-322
2.88905e-05    -4.36034e-05    0.000390616    -6.07222e-06    -0    2.61855e-322
2.84736e-05    -4.29742e-05    0.000384979    -5.98462e-06    0    3.40905e-322
2.81753e-05    -4.2524e-05    0.000380946    -5.92194e-06    0    1.82804e-322
2.76833e-05    -4.17815e-05    0.000374294    -5.81856e-06    -0    2.61855e-322
2.72393e-05    -4.11113e-05    0.000368289    -5.72524e-06    1    2.61855e-322
2.67365e-05    -4.03525e-05    0.000361491    -5.6196e-06    -0    2.61855e-322
2.63054e-05    -3.97019e-05    0.000355663    -5.52902e-06    0    3.40905e-322
2.59173e-05    -3.91161e-05    0.000350415    -5.44745e-06    0    1.82804e-322
2.5526e-05    -3.85256e-05    0.000345124    -5.36523e-06    -0    2.61855e-322
2.50086e-05    -3.77447e-05    0.000338129    -5.25651e-06    1    2.61855e-322
2.47366e-05    -3.73342e-05    0.000334451    -5.19935e-06    -0    2.61855e-322
2.44633e-05    -3.69218e-05    0.000330756    -5.14192e-06    0    3.40905e-322
2.40546e-05    -3.63048e-05    0.000325229    -5.05603e-06    0    1.82804e-322
2.36635e-05    -3.57147e-05    0.000319942    -4.97386e-06    -0    2.61855e-322
2.33676e-05    -3.52681e-05    0.000315941    -4.91168e-06    1    2.61855e-322
2.30758e-05    -3.48277e-05    0.000311996    -4.85035e-06    -0    2.61855e-322
2.26917e-05    -3.4248e-05    0.000306802    -4.76963e-06    0    3.40905e-322
2.22486e-05    -3.35792e-05    0.000300811    -4.67651e-06    0    1.82804e-322
2.18548e-05    -3.29849e-05    0.000295487    -4.59376e-06    -0    2.61855e-322
2.15287e-05    -3.24927e-05    0.000291077    -4.52523e-06    1    2.61855e-322
2.1212e-05    -3.20147e-05    0.000286795    -4.45867e-06    -0    2.61855e-322
2.08131e-05    -3.14128e-05    0.000281402    -4.37485e-06    0    3.40905e-322
2.03998e-05    -3.0789e-05    0.000275814    -4.288e-06    0    1.82804e-322
1.99959e-05    -3.01794e-05    0.000270353    -4.2031e-06    -0    2.61855e-322
1.96103e-05    -2.95974e-05    0.000265139    -4.12207e-06    1    2.61855e-322
1.92581e-05    -2.90658e-05    0.000260377    -4.04805e-06    -0    2.61855e-322
1.89956e-05    -2.86697e-05    0.000256828    -3.99289e-06    0    3.40905e-322
1.86985e-05    -2.82213e-05    0.000252811    -3.93044e-06    0    1.82804e-322
1.84642e-05    -2.78676e-05    0.000249643    -3.8812e-06    -0    2.61855e-322
