0    0    0    0    2.37152e-322    1.82804e-322
0    0    0    0    0    3.40905e-322
0    0    0    0    -0    2.61855e-322
0    0    0    0    -0    2.61855e-322
0    0    0    0    -0    2.61855e-322
0    0    0    0    -0    2.61855e-322
0    0    0    0    -0    2.61855e-322
0    0    0    0    -0    2.61855e-322
0    0    0    0    -0    2.61855e-322
0    0    0    0    -0    2.61855e-322
0    0    0    0    -0    2.61855e-322
0    0    0    0    0    3.40905e-322
0    0    0    0    2.37152e-322    2.61855e-322
0    0    0    0    1    2.61855e-322
0    0    0    0    1    2.61855e-322
0    0    0    0    -0    2.61855e-322
0    0    0    0    0    3.40905e-322
0    0    0    0    0    1.82804e-322
0    0    0    0    -0    2.61855e-322
0    0    0    0    1    2.61855e-322
0    0    0    0    -0    2.61855e-322
0    0    0    0    0    3.40905e-322
0    0    0    0    0    1.82804e-322
0    0    0    0    -0    2.61855e-322
0    0    0    0    1    2.61855e-322
0    0    0    0    -0    2.61855e-322
0    0    0    0    0    3.40905e-322
0    0    0    0    0    1.82804e-322
0    0    0    0    -0    2.61855e-322
0    0    0    0    1    2.61855e-322
0    0    0    0    -0    2.61855e-322
0    0    0    0    0    3.40905e-322
0    0    0    0    0    1.82804e-322
0    0    0    0    -0    2.61855e-322
0    0    0    0    1    2.61855e-322
0    0    0    0    -0    2.61855e-322
0    0    0    0    0    3.40905e-322
0    0    0    0    0    1.82804e-322
0    0    0    0    -0    2.61855e-322
0    0    0    0    1    2.61855e-322
0    0    0    0    0    3.40905e-322
0    0    0    0    0    3.40905e-322
0    0    0    0    1    2.61855e-322
0    0    0    0    -0    2.61855e-322
0    0    0    0    0    3.40905e-322
0    0    0    0    0    1.82804e-322
0    0    0    0    -0    2.61855e-322
0    0    0    0    1    2.61855e-322
0    0    0    0    -0    2.61855e-322
0    0    0    0    0    3.40905e-322
0    0    0    0    0    1.82804e-322
0    0    0    0    -0    2.61855e-322
0    0    0    0    1    2.61855e-322
0    0    0    0    -0    2.61855e-322
0    0    0    0    0    3.40905e-322
0    0    0    0    0    1.82804e-322
0    0    0    0    -0    2.61855e-322
0    0    0    0    1    2.61855e-322
0    0    0    0    -0    2.61855e-322
0    0    0    0    0    3.40905e-322
0    0    0    0    0    1.82804e-322
0    0    0    0    -0    2.61855e-322
0    0    0    0    1    2.61855e-322
0    0    0    0    -0    2.61855e-322
0    0    0    0    0    3.40905e-322
0    0    0    0    0    1.82804e-322
0    0    0    0    -0    2.61855e-322
0    0    0    0    1    2.61855e-322
0    0    0    0    -0    2.61855e-322
0    0    0    0    0    3.40905e-322
0    0    0    0    0    1.82804e-322
0    0    0    0    -0    2.61855e-322
0    0    0    0    1    2.61855e-322
0    0    0    0    -0    2.61855e-322
0    0    0    0    0    3.40905e-322
0    0    0    0    0    1.82804e-322
0    0    0    0    -0    2.61855e-322
0    0    0    0    1    2.61855e-322
0    0    0    0    -0    2.61855e-322
0    0    0    0    0    3.40905e-322
0    0    0    0    0    1.82804e-322
0    0    0    0    -0    2.61855e-322
0    0    0    0    1    2.61855e-322
0    0    0    0    -0    2.61855e-322
0    0    0    0    0    3.40905e-322
0    0    0    0    0    1.82804e-322
0    0    0    0    -0    2.61855e-322
0    0    0    0    1    2.61855e-322
0    0    0    0    -0    2.61855e-322
0    0    0    0    0    3.40905e-322
0    0    0    0    0    1.82804e-322
0    0    0    0    -0    2.61855e-322
0    0    0    0    1    2.61855e-322
0    0    0    0    -0    2.61855e-322
0    0    0    0    0    3.40905e-322
0    0    0    0    0    1.82804e-322
0    0    0    0    -0    2.61855e-322
0    0    0    0    1    2.61855e-322
0    0    0    0    -0    2.61855e-322
0    0    0    0    0    3.40905e-322
0    0    0    0    0    1.82804e-322
0    0    0    0    -0    2.61855e-322
0    0    0    0    1    2.61855e-322
0    0    0    0    -0    2.61855e-322
0    0    0    0    0    3.40905e-322
0    0    0    0    0    1.82804e-322
0    0    0    0    -0    2.61855e-322
0    0    0    0    1    2.61855e-322
0    0    0    0    -0    2.61855e-322
0    0    0    0    0    3.40905e-322
0    0    0    0    0    1.82804e-322
0    0    0    0    -0    2.61855e-322
0    0    0    0    1    2.61855e-322
0    0    0    0    -0    2.61855e-322
0    0    0    0    0    3.40905e-322
0    0    0    0    0    1.82804e-322
0    0    0    0    -0    2.61855e-322
0    0    0    0    1    2.61855e-322
0    0    0    0    -0    2.61855e-322
0    0    0    0    0    3.40905e-322
0    0    0    0    0    1.82804e-322
0    0    0    0    -0    2.61855e-322
0    0    0    0    1    2.61855e-322
0.0786158    -0.107335    1.13802    -0.00354558    -0    2.61855e-322
0.0772742    -0.105706    1.11786    -0.00370405    -1    2.61855e-322
0.0756588    -0.103735    1.09358    -0.00388542    1    2.61855e-322
0.0738325    -0.101494    1.06616    -0.0040778    -0    2.61855e-322
0.0721028    -0.0993596    1.0402    -0.00424697    1    2.61855e-322
0.0706768    -0.0975901    1.01881    -0.00437655    -0    2.61855e-322
0.0695848    -0.0962293    1.00245    -0.00446963    0    3.40905e-322
0.0681434    -0.094426    0.980859    -0.0045854    0    1.82804e-322
0.0671042    -0.0931203    0.965305    -0.00466301    -0    2.61855e-322
0.0661551    -0.091924    0.951108    -0.00472983    1    2.61855e-322
0.0652476    -0.0907767    0.937541    -0.00479015    -0    2.61855e-322
0.0640516    -0.08926    0.919671    -0.00486474    0    3.40905e-322
0.0631914    -0.0881653    0.906828    -0.00491435    0    1.82804e-322
0.0624261    -0.0871889    0.895408    -0.00495579    -0    2.61855e-322
0.0611487    -0.0855544    0.876356    -0.0050202    1    2.61855e-322
0.0604326    -0.0846349    0.865686    -0.00505285    -0    2.61855e-322
0.0591422    -0.0829736    0.846469    -0.00510705    0    3.40905e-322
0.058416    -0.0820354    0.835665    -0.00513401    0    3.40905e-322
0.0570637    -0.0802835    0.815558    -0.00517922    1    2.61855e-322
0.0564357    -0.079467    0.80623    -0.00519708    -0    2.61855e-322
0.0551001    -0.0777264    0.786405    -0.00523057    0    3.40905e-322
0.0545128    -0.0769583    0.777695    -0.00524243    0    1.82804e-322
0.0535621    -0.0757124    0.763607    -0.00525891    -0    2.61855e-322
0.0528944    -0.0748352    0.753721    -0.00526799    1    2.61855e-322
0.0521865    -0.0739031    0.743245    -0.0052756    -0    2.61855e-322
0.0510667    -0.0724252    0.726686    -0.00528381    0    3.40905e-322
0.0500198    -0.0710391    0.711224    -0.00528659    0    1.82804e-322
0.0490486    -0.0697492    0.696893    -0.00528494    -0    2.61855e-322
0.0478762    -0.0681876    0.679613    -0.00527788    1    2.61855e-322
0.0469565    -0.0669585    0.666075    -0.00526801    -0    2.61855e-322
0.0459732    -0.0656408    0.651613    -0.00525356    0    3.40905e-322
0.045455    -0.0649446    0.644    -0.00524403    0    1.82804e-322
0.044914    -0.0642169    0.636058    -0.00523289    -0    2.61855e-322
0.0441298    -0.06316    0.624551    -0.00521474    1    2.61855e-322
0.0436392    -0.0624974    0.617359    -0.0052019    -0    2.61855e-322
0.0431609    -0.0618506    0.610351    -0.0051884    0    3.40905e-322
0.0426028    -0.0610949    0.60218    -0.00517148    0    1.82804e-322
0.0418944    -0.0601339    0.591815    -0.00514821    -0    2.61855e-322
0.04098    -0.0588908    0.578448    -0.00511524    1    2.61855e-322
0.0402318    -0.0578712    0.567523    -0.00508548    -0    2.61855e-322
0.03939    -0.0567217    0.555245    -0.00504926    0    3.40905e-322
0.0389666    -0.0561422    0.549075    -0.00502972    0    1.82804e-322
0.0384897    -0.0554887    0.542129    -0.00500682    -0    2.61855e-322
0.0375474    -0.0541956    0.528417    -0.00495923    1    2.61855e-322
0.0370617    -0.0535274    0.521356    -0.00493298    -0    2.61855e-322
0.0362112    -0.0523556    0.509004    -0.00488496    0    3.40905e-322
0.0357842    -0.0517661    0.502808    -0.00485949    0    1.82804e-322
0.0349085    -0.0505553    0.490112    -0.00480528    -0    2.61855e-322
0.0345322    -0.0500341    0.484664    -0.00478079    1    2.61855e-322
0.0337498    -0.0489487    0.473341    -0.00472829    -0    2.61855e-322
0.0333775    -0.0484313    0.467959    -0.00470223    0    3.40905e-322
0.0330416    -0.047964    0.463106    -0.0046782    0    1.82804e-322
0.0322671    -0.0468853    0.451922    -0.00462136    -0    2.61855e-322
0.0316652    -0.0460452    0.44324    -0.00457531    1    2.61855e-322
0.0312637    -0.0454841    0.437455    -0.00454366    -0    2.61855e-322
0.0308759    -0.0449416    0.43187    -0.00451244    0    3.40905e-322
0.0303911    -0.0442626    0.424893    -0.00447256    0    1.82804e-322
0.0296822    -0.0432682    0.414698    -0.00441264    -0    2.61855e-322
0.0290302    -0.0423521    0.405333    -0.00435561    1    2.61855e-322
0.0285875    -0.0417289    0.39898    -0.00431576    -0    2.61855e-322
0.0280707    -0.0410007    0.39157    -0.00426824    0    3.40905e-322
0.0275518    -0.0402685    0.384135    -0.0042194    0    1.82804e-322
0.0270935    -0.039621    0.377576    -0.00417529    -0    2.61855e-322
0.0265495    -0.0388514    0.369794    -0.00412183    1    2.61855e-322
0.026244    -0.0384187    0.365428    -0.00409118    -0    2.61855e-322
0.025777    -0.0377566    0.358758    -0.00404365    0    3.40905e-322
0.0252328    -0.0369841    0.350992    -0.00398715    0    1.82804e-322
0.0248665    -0.0364634    0.345768    -0.00394834    -0    2.61855e-322
0.0242551    -0.0355934    0.337057    -0.00388248    1    2.61855e-322
0.0238061    -0.0349537    0.330667    -0.00383303    -0    2.61855e-322
0.0232605    -0.0341753    0.322907    -0.00377186    0    3.40905e-322
0.0227706    -0.0334754    0.315947    -0.00371583    0    1.82804e-322
0.0223317    -0.0328476    0.309716    -0.00366476    -0    2.61855e-322
0.022095    -0.0325086    0.306358    -0.00363682    1    2.61855e-322
0.02163    -0.0318423    0.299765    -0.00358137    -0    2.61855e-322
0.0211476    -0.0311504    0.292932    -0.00352291    0    3.40905e-322
0.0206472    -0.0304316    0.28585    -0.00346123    0    1.82804e-322
0.0201735    -0.0297504    0.279152    -0.00340187    -0    2.61855e-322
0.019724    -0.0291032    0.272802    -0.00334465    1    2.61855e-322
0.0192412    -0.0284073    0.265987    -0.00328226    -0    2.61855e-322
0.0188366    -0.0278234    0.260281    -0.0032292    0    3.40905e-322
0.0183961    -0.027187    0.254074    -0.00317065    0    1.82804e-322
0.0179438    -0.0265329    0.247706    -0.0031097    -0    2.61855e-322
0.0175861    -0.026015    0.242674    -0.00306086    1    2.61855e-322
0.0172798    -0.0255712    0.238368    -0.00301859    -0    2.61855e-322
0.0170636    -0.0252578    0.235331    -0.0029885    0    3.40905e-322
0.016682    -0.024704    0.229972    -0.00293498    0    1.82804e-322
0.0162947    -0.0241416    0.224537    -0.00288004    -0    2.61855e-322
0.0160632    -0.0238051    0.221291    -0.00284686    1    2.61855e-322
0.0157466    -0.0233448    0.216855    -0.00280116    -0    2.61855e-322
0.0155297    -0.0230291    0.213817    -0.00276958    0    3.40905e-322
0.0152282    -0.0225899    0.209595    -0.00272538    0    1.82804e-322
0.0150226    -0.0222904    0.206719    -0.00269501    -0    2.61855e-322
0.0147146    -0.0218413    0.202411    -0.0026492    1    2.61855e-322
0.0144966    -0.0215232    0.199365    -0.00261653    -0    2.61855e-322
0.0142792    -0.0212058    0.196327    -0.00258374    0    3.40905e-322
0.0140856    -0.020923    0.193623    -0.00255436    0    1.82804e-322
0.0139271    -0.0206915    0.191411    -0.00253021    -0    2.61855e-322
0.0136556    -0.0202945    0.187622    -0.0024886    1    2.61855e-322
0.0134718    -0.0200257    0.185059    -0.00246025    -0    2.61855e-322
0.0132054    -0.0196357    0.181344    -0.00241891    0    3.40905e-322
0.0129717    -0.0192936    0.178089    -0.00238242    0    1.82804e-322
0.0126533    -0.0188269    0.173654    -0.00233234    -0    2.61855e-322
0.0124723    -0.0185616    0.171136    -0.00230367    1    2.61855e-322
0.0122447    -0.0182277    0.16797    -0.00226742    -0    2.61855e-322
0.01199    -0.0178539    0.164428    -0.00222661    0    3.40905e-322
0.0118479    -0.0176452    0.162453    -0.00220371    0    1.82804e-322
0.0116447    -0.0173467    0.15963    -0.00217083    -0    2.61855e-322
0.0114243    -0.0170226    0.156568    -0.00213497    1    2.61855e-322
0.0111482    -0.0166166    0.152737    -0.00208979    -0    2.61855e-322
0.0109603    -0.0163401    0.15013    -0.00205883    0    3.40905e-322
0.010794    -0.0160953    0.147824    -0.00203133    0    1.82804e-322
0.0105485    -0.0157337    0.144421    -0.00199051    -0    2.61855e-322
0.0103733    -0.0154755    0.141993    -0.00196121    1    2.61855e-322
0.0102674    -0.0153193    0.140526    -0.00194343    -0    2.61855e-322
0.0101103    -0.0150878    0.138352    -0.001917    0    3.40905e-322
0.00991784    -0.0148038    0.135688    -0.00188446    0    1.82804e-322
0.00969425    -0.0144738    0.132594    -0.00184648    -0    2.61855e-322
0.00956163    -0.014278    0.13076    -0.00182385    1    2.61855e-322
0.00936825    -0.0139923    0.128087    -0.00179072    -0    2.61855e-322
0.00920574    -0.0137522    0.125841    -0.00176276    0    3.40905e-322
0.00904598    -0.013516    0.123634    -0.00173516    0    1.82804e-322
0.00891269    -0.0133189    0.121794    -0.00171205    -0    2.61855e-322
0.00872755    -0.013045    0.119238    -0.00167984    1    2.61855e-322
0.00861491    -0.0128783    0.117683    -0.00166016    -0    2.61855e-322
0.00844743    -0.0126304    0.115373    -0.00163082    0    3.40905e-322
0.00835658    -0.0124958    0.11412    -0.00161485    0    1.82804e-322
0.00822089    -0.0122948    0.112249    -0.00159094    -0    2.61855e-322
0.00805304    -0.0120461    0.109936    -0.00156126    1    2.61855e-322
0.00789126    -0.0118063    0.107707    -0.00153254    -0    2.61855e-322
0.00773695    -0.0115775    0.105581    -0.00150504    0    3.40905e-322
0.00761903    -0.0114026    0.103958    -0.00148396    0    1.82804e-322
0.00752129    -0.0112576    0.102612    -0.00146644    -0    2.61855e-322
0.00737728    -0.0110438    0.10063    -0.00144056    1    2.61855e-322
0.00723398    -0.0108311    0.0986589    -0.00141473    -0    2.61855e-322
0.00708239    -0.010606    0.0965741    -0.00138731    0    3.40905e-322
0.00697626    -0.0104483    0.095115    -0.00136805    0    1.82804e-322
0.00682896    -0.0102294    0.0930904    -0.00134124    -0    2.61855e-322
0.00673949    -0.0100964    0.0918611    -0.00132492    1    2.61855e-322
0.00657912    -0.00985799    0.0896581    -0.00129558    -0    2.61855e-322
0.00644566    -0.00965949    0.0878254    -0.00127108    0    3.40905e-322
0.00631786    -0.00946935    0.0860709    -0.00124754    0    1.82804e-322
0.0062298    -0.00933828    0.0848622    -0.00123129    -0    2.61855e-322
0.0061173    -0.00917083    0.0833186    -0.00121047    1    2.61855e-322
0.00604734    -0.00906667    0.0823589    -0.0011975    -0    2.61855e-322
0.0059627    -0.00894063    0.081198    -0.00118178    0    3.40905e-322
0.00582452    -0.00873482    0.0793031    -0.00115606    0    1.82804e-322
0.00570612    -0.0085584    0.07768    -0.00113396    -0    2.61855e-322
0.00564044    -0.00846053    0.0767799    -0.00112167    1    2.61855e-322
0.0055741    -0.00836164    0.0758708    -0.00110924    -0    2.61855e-322
0.00548766    -0.00823279    0.0746865    -0.00109302    0    3.40905e-322
0.00538489    -0.00807954    0.0732787    -0.00107369    0    1.82804e-322
0.00528268    -0.00792711    0.071879    -0.00105442    -0    2.61855e-322
0.00517669    -0.007769    0.0704279    -0.0010344    1    2.61855e-322
0.00510207    -0.00765766    0.0694065    -0.00102028    -0    2.61855e-322
0.00499147    -0.00749261    0.0678929    -0.000999303    0    3.40905e-322
0.00491952    -0.00738521    0.0669085    -0.000985628    0    1.82804e-322
0.00484559    -0.00727482    0.0658971    -0.000971553    -0    2.61855e-322
0.00478288    -0.00718119    0.0650394    -0.000959598    1    2.61855e-322
0.00466428    -0.00700407    0.0634175    -0.000936949    -0    2.61855e-322
0.00461684    -0.0069332    0.0627689    -0.000927869    0    3.40905e-322
0.00451308    -0.00677817    0.0613505    -0.000907984    0    1.82804e-322
0.00444498    -0.00667641    0.0604198    -0.000894907    -0    2.61855e-322
0.00438744    -0.00659041    0.0596335    -0.000883842    1    2.61855e-322
0.00431441    -0.00648125    0.0586357    -0.000869779    -0    2.61855e-322
0.00420897    -0.0063236    0.0571953    -0.000849441    0    3.40905e-322
0.00410856    -0.00617346    0.0558241    -0.000830031    0    1.82804e-322
0.00402001    -0.006041    0.054615    -0.000812876    -0    2.61855e-322
0.00393731    -0.00591728    0.0534861    -0.000796826    1    2.61855e-322
0.00389027    -0.00584689    0.052844    -0.000787682    -0    2.61855e-322
0.003811    -0.00572827    0.0517623    -0.000772256    0    3.40905e-322
0.00375051    -0.00563773    0.050937    -0.000760466    0    1.82804e-322
0.00366911    -0.00551588    0.0498265    -0.000744577    -0    2.61855e-322
0.00358018    -0.00538272    0.0486135    -0.000727188    1    2.61855e-322
0.00349485    -0.00525495    0.04745    -0.000710474    -0    2.61855e-322
0.00341441    -0.00513445    0.0463532    -0.000694688    0    3.40905e-322
0.00336937    -0.00506699    0.0457393    -0.000685837    0    1.82804e-322
0.0032952    -0.00495586    0.0447283    -0.000671244    -0    2.61855e-322
0.00323478    -0.00486533    0.043905    -0.00065934    1    2.61855e-322
0.00318756    -0.00479456    0.0432617    -0.000650025    -0    2.61855e-322
0.00311211    -0.00468147    0.0422337    -0.000635123    0    3.40905e-322
0.00303822    -0.0045707    0.0412272    -0.000620507    0    1.82804e-322
0.00296769    -0.00446495    0.0402667    -0.000606536    -0    2.61855e-322
0.00291548    -0.00438665    0.0395557    -0.000596178    1    2.61855e-322
0.00286079    -0.00430463    0.0388111    -0.000585316    -0    2.61855e-322
0.00282478    -0.00425062    0.0383209    -0.000578159    0    3.40905e-322
0.00278452    -0.00419022    0.0377728    -0.000570148    0    1.82804e-322
0.00272027    -0.00409383    0.0368983    -0.000557353    -0    2.61855e-322
0.00267268    -0.00402243    0.0362507    -0.000547864    1    2.61855e-322
0.00262706    -0.00395397    0.0356299    -0.000538759    -0    2.61855e-322
0.00256708    -0.00386396    0.0348139    -0.000526776    0    3.40905e-322
0.00252201    -0.00379632    0.0342008    -0.000517763    0    1.82804e-322
0.00248547    -0.00374147    0.0337038    -0.000510448    -0    2.61855e-322
0.00244992    -0.0036881    0.0332203    -0.000503325    1    2.61855e-322
0.00239997    -0.00361311    0.0325409    -0.00049331    -0    2.61855e-322
0.00234949    -0.00353731    0.0318546    -0.00048318    0    3.40905e-322
0.00232078    -0.00349419    0.0314641    -0.000477411    0    1.82804e-322
0.00227631    -0.00342742    0.0308596    -0.000468473    -0    2.61855e-322
0.00223646    -0.00336756    0.0303178    -0.000460454    1    2.61855e-322
0.00218574    -0.00329137    0.0296284    -0.00045024    -0    2.61855e-322
0.00213989    -0.0032225    0.0290052    -0.000440997    0    3.40905e-322
0.00211247    -0.00318131    0.0286327    -0.000435466    0    1.82804e-322
0.00208403    -0.00313858    0.0282462    -0.000429726    -0    2.61855e-322
0.00204736    -0.00308347    0.0277479    -0.000422318    1    2.61855e-322
0.00202287    -0.00304668    0.0274152    -0.000417369    -0    2.61855e-322
0.00199817    -0.00300956    0.0270796    -0.000412373    0    3.40905e-322
0.00196712    -0.00296289    0.0266577    -0.00040609    0    1.82804e-322
0.0019376    -0.00291854    0.0262568    -0.000400115    -0    2.61855e-322
0.00189091    -0.00284835    0.0256226    -0.000390655    1    2.61855e-322
0.00184602    -0.00278087    0.0250129    -0.000381552    -0    2.61855e-322
0.00181008    -0.00272684    0.0245248    -0.000374257    0    3.40905e-322
0.00176901    -0.0026651    0.0239672    -0.000365916    0    1.82804e-322
0.0017294    -0.00260553    0.0234294    -0.000357863    -0    2.61855e-322
0.00169901    -0.00255984    0.0230168    -0.000351681    1    2.61855e-322
0.00167325    -0.00252109    0.0226671    -0.000346437    -0    2.61855e-322
0.00164638    -0.00248068    0.0223023    -0.000340965    0    3.40905e-322
0.00161342    -0.00243111    0.021855    -0.000334249    0    1.82804e-322
0.00158233    -0.00238435    0.021433    -0.000327909    -0    2.61855e-322
0.00156013    -0.00235096    0.0211318    -0.00032338    1    2.61855e-322
0.00154076    -0.00232181    0.0208688    -0.000319425    -0    2.61855e-322
0.00152345    -0.00229577    0.0206339    -0.000315891    0    3.40905e-322
0.00150551    -0.00226878    0.0203905    -0.000312226    0    1.82804e-322
0.00147564    -0.00222385    0.0199852    -0.000306122    -0    2.61855e-322
0.00145262    -0.00218922    0.019673    -0.000301417    1    2.61855e-322
0.00143161    -0.00215759    0.0193878    -0.000297117    -0    2.61855e-322
0.00140997    -0.00212503    0.0190943    -0.000292689    0    3.40905e-322
0.00139373    -0.0021006    0.018874    -0.000289365    0    1.82804e-322
0.00137067    -0.00206589    0.0185611    -0.000284641    -0    2.61855e-322
0.00133757    -0.00201608    0.0181122    -0.000277859    1    2.61855e-322
0.00131229    -0.00197804    0.0177694    -0.000272677    -0    2.61855e-322
0.00129375    -0.00195013    0.0175178    -0.000268873    0    3.40905e-322
0.00126784    -0.00191114    0.0171665    -0.000263557    0    1.82804e-322
0.00124051    -0.00186998    0.0167958    -0.000257944    -0    2.61855e-322
0.00121885    -0.00183739    0.0165022    -0.000253496    1    2.61855e-322
0.0012036    -0.00181443    0.0162954    -0.000250361    -0    2.61855e-322
0.00117545    -0.00177205    0.0159137    -0.000244574    0    3.40905e-322
0.0011525    -0.00173749    0.0156026    -0.000239853    0    1.82804e-322
0.00113185    -0.0017064    0.0153226    -0.000235604    -0    2.61855e-322
0.00111684    -0.00168379    0.0151191    -0.000232513    1    2.61855e-322
0.00109617    -0.00165267    0.0148389    -0.000228256    -0    2.61855e-322
0.00107804    -0.00162537    0.0145931    -0.000224521    0    3.40905e-322
0.00105368    -0.00158868    0.0142629    -0.0002195    0    1.82804e-322
0.00103674    -0.00156318    0.0140334    -0.000216009    -0    2.61855e-322
0.00102241    -0.0015416    0.0138392    -0.000213053    1    2.61855e-322
0.00100703    -0.00151843    0.0136307    -0.000209879    -0    2.61855e-322
0.00098579    -0.00148644    0.0133429    -0.000205496    0    3.40905e-322
0.000966343    -0.00145715    0.0130793    -0.000201481    0    1.82804e-322
0.000942272    -0.00142089    0.0127532    -0.000196509    -0    2.61855e-322
0.000927928    -0.00139928    0.0125588    -0.000193544    1    2.61855e-322
0.000906012    -0.00136627    0.0122618    -0.000189014    -0    2.61855e-322
0.000894956    -0.00134961    0.0121121    -0.000186728    0    3.40905e-322
0.000880357    -0.00132762    0.0119143    -0.000183708    0    1.82804e-322
0.00087132    -0.001314    0.0117918    -0.000181839    -0    2.61855e-322
0.000852208    -0.00128521    0.0115329    -0.000177884    1    2.61855e-322
0.000833651    -0.00125725    0.0112815    -0.000174042    -0    2.61855e-322
0.000821508    -0.00123895    0.011117    -0.000171528    0    3.40905e-322
0.000811748    -0.00122424    0.0109848    -0.000169506    0    1.82804e-322
0.000792974    -0.00119595    0.0107305    -0.000165616    -0    2.61855e-322
0.000776352    -0.00117091    0.0105053    -0.000162171    1    2.61855e-322
0.000767893    -0.00115816    0.0103908    -0.000160418    -0    2.61855e-322
0.000754927    -0.00113862    0.0102152    -0.000157729    0    3.40905e-322
0.000736099    -0.00111025    0.00996016    -0.000153824    0    1.82804e-322
0.000720812    -0.00108721    0.00975312    -0.000150652    -0    2.61855e-322
0.000711209    -0.00107274    0.00962307    -0.000148659    1    2.61855e-322
0.000698937    -0.00105424    0.00945687    -0.000146111    -0    2.61855e-322
0.000682776    -0.00102988    0.00923803    -0.000142756    0    3.40905e-322
0.000674884    -0.00101799    0.00913115    -0.000141116    0    1.82804e-322
