0    0    0    0    2.37152e-322    1.82804e-322
0    0    0    0    0    3.40905e-322
0    0    0    0    1    1.82804e-322
0    0    0    0    -0    2.61855e-322
0    0    0    0    -0    2.61855e-322
0    0    0    0    1    2.61855e-322
0    0    0    0    0    1.82804e-322
0    0    0    0    1    2.61855e-322
0    0    0    0    0    3.40905e-322
0    0    0    0    2.37152e-322    1.82804e-322
0    0    0    0    0    1.82804e-322
0    0    0    0    4.1469e-13    3.40905e-322
0    0    0    0    1    2.61855e-322
0    0    0    0    -0    2.61855e-322
0    0    0    0    0    3.40905e-322
0    0    0    0    0    1.82804e-322
0    0    0    0    -0    2.61855e-322
0    0    0    0    1    2.61855e-322
0    0    0    0    -0    2.61855e-322
0    0    0    0    0    3.40905e-322
0    0    0    0    0    1.82804e-322
0    0    0    0    -0    2.61855e-322
0    0    0    0    1    2.61855e-322
0    0    0    0    -0    2.61855e-322
0    0    0    0    0    3.40905e-322
0    0    0    0    0    1.82804e-322
0    0    0    0    -0    2.61855e-322
0    0    0    0    1    2.61855e-322
0    0    0    0    1.46243e-320    1.82804e-322
0    0    0    0    0.890091    2.61855e-322
0    0    0    0    -0    2.61855e-322
0    0    0    0    1.52172e-320    3.40905e-322
0    0    0    0    1    2.61855e-322
0    0    0    0    1    2.61855e-322
0    0    0    0    1.58101e-320    1.82804e-322
0    0    0    0    -0    2.61855e-322
0    0    0    0    1    2.61855e-322
0    0    0    0    0    3.40905e-322
0    0    0    0    1.66006e-320    1.82804e-322
0    0    0    0    0    3.40905e-322
0    0    0    0    1    2.61855e-322
0    0    0    0    0    3.40905e-322
0    0    0    0    1    2.61855e-322
0    0    0    0    -0    2.61855e-322
0    0    0    0    0    3.40905e-322
0    0    0    0    0    1.82804e-322
0    0    0    0    -0    2.61855e-322
0    0    0    0    1    2.61855e-322
0    0    0    0    -0    2.61855e-322
0    0    0    0    0    3.40905e-322
0    0    0    0    0    1.82804e-322
0    0    0    0    -0    2.61855e-322
0    0    0    0    1    2.61855e-322
0    0    0    0    -0    2.61855e-322
0    0    0    0    0    3.40905e-322
0    0    0    0    0    1.82804e-322
0.0786158    -0.107335    1.13802    -0.00354558    -0    2.61855e-322
0.0776314    -0.10614    1.12323    -0.00366221    -1    2.61855e-322
0.0769715    -0.105337    1.11331    -0.0037379    1    2.61855e-322
0.0763686    -0.104601    1.10425    -0.00380546    -0    2.61855e-322
0.0752883    -0.103279    1.08802    -0.00392327    0    3.40905e-322
0.0746535    -0.1025    1.07849    -0.00398994    0    1.82804e-322
0.0738356    -0.101494    1.06621    -0.00407351    -0    2.61855e-322
0.0720644    -0.0993085    1.03963    -0.00424679    1    2.61855e-322
0.0705852    -0.0974728    1.01745    -0.00438097    -0    2.61855e-322
0.0691883    -0.095731    0.996517    -0.00449915    1    2.61855e-322
0.0684016    -0.0947461    0.984736    -0.00456158    0.886201    2.61855e-322
0.0673574    -0.0934354    0.969106    -0.00464074    4.11306e-13    3.40905e-322
0.0664862    -0.0923381    0.956071    -0.00470313    1    2.61855e-322
0.0652549    -0.0907828    0.93766    -0.00478635    -0    2.61855e-322
0.0642803    -0.0895472    0.923098    -0.00484742    0    3.40905e-322
0.0631794    -0.0881469    0.906657    -0.00491178    0    1.82804e-322
0.062222    -0.0869252    0.892371    -0.00496344    -0    2.61855e-322
0.06172    -0.086283    0.884886    -0.00498873    1    2.61855e-322
0.0608677    -0.0851905    0.872181    -0.00502958    -0    2.61855e-322
0.0595935    -0.0835523    0.853199    -0.00508554    0    3.40905e-322
0.0583462    -0.0819425    0.834635    -0.00513363    0    1.82804e-322
0.0572984    -0.0805852    0.819057    -0.00516873    -0    2.61855e-322
0.0566339    -0.0797218    0.809184    -0.00518831    1    2.61855e-322
0.0556061    -0.0783836    0.793925    -0.00521532    2.74355e-320    1.82804e-322
0.0546748    -0.0771671    0.780109    -0.00523585    1    2.61855e-322
0.0539859    -0.076265    0.769898    -0.00524849    1    2.61855e-322
0.053044    -0.0750288    0.755946    -0.0052628    0.881748    2.61855e-322
0.0525163    -0.0743344    0.748135    -0.00526893    4.05825e-13    3.40905e-322
0.0517885    -0.0733752    0.737369    -0.00527562    1    2.61855e-322
0.0507414    -0.0719917    0.721892    -0.00528168    -0    2.61855e-322
0.0497522    -0.0706809    0.707286    -0.00528308    0    3.40905e-322
0.0491403    -0.0698678    0.698258    -0.00528161    0    1.82804e-322
0.0486086    -0.0691602    0.690421    -0.00527901    -0    2.61855e-322
0.0476147    -0.0678348    0.675778    -0.00527144    2.94117e-320    2.61855e-322
0.0470157    -0.0670339    0.666961    -0.00526459    2.37152e-322    2.61855e-322
0.0461958    -0.0659356    0.654903    -0.00525296    2.37152e-322    1.82804e-322
0.0452088    -0.0646102    0.6404    -0.00523536    2.37152e-322    2.61855e-322
0.044484    -0.0636343    0.629761    -0.0052196    0    3.40905e-322
0.0436    -0.0624414    0.616797    -0.00519751    1    2.61855e-322
0.0427274    -0.0612611    0.604015    -0.00517245    -0    2.61855e-322
0.0421339    -0.0604564    0.59533    -0.00515339    0    3.40905e-322
0.0412508    -0.0592567    0.582415    -0.00512253    0    1.82804e-322
0.0406999    -0.0585067    0.574369    -0.00510141    -0    2.61855e-322
0.0399116    -0.0574316    0.562863    -0.00506915    1    2.61855e-322
0.0392143    -0.0564786    0.552695    -0.00503836    -0    2.61855e-322
0.0383995    -0.0553627    0.540825    -0.00499986    0    3.40905e-322
0.0378396    -0.0545944    0.532678    -0.00497163    0    1.82804e-322
0.0374348    -0.054038    0.52679    -0.00495032    -0    2.61855e-322
0.0366351    -0.0529375    0.515169    -0.00490654    1    2.61855e-322
0.0358679    -0.0518794    0.504033    -0.00486195    -0    2.61855e-322
0.0354585    -0.0513137    0.498096    -0.00483698    0    3.40905e-322
0.0347354    -0.0503131    0.487616    -0.00479139    0    1.82804e-322
0.0341478    -0.0494987    0.47911    -0.00475264    -0    2.61855e-322
0.0336752    -0.0488425    0.472273    -0.00472034    1    2.61855e-322
0.0331159    -0.048065    0.464189    -0.00468096    -0    2.61855e-322
0.0327299    -0.0475277    0.458614    -0.00465293    0    3.40905e-322
0.0321069    -0.0466593    0.449622    -0.00460653    0    1.82804e-322
0.0317201    -0.0461194    0.444044    -0.0045768    -0    2.61855e-322
0.0312712    -0.0454922    0.437575    -0.00454154    1    2.61855e-322
0.0309304    -0.0450153    0.432666    -0.00451415    -0    2.61855e-322
0.0306109    -0.044568    0.428067    -0.00448803    0    3.40905e-322
0.0302553    -0.0440697    0.422951    -0.00445846    0    1.82804e-322
0.0297804    -0.0434035    0.416122    -0.0044182    -0    2.61855e-322
0.0293727    -0.0428309    0.410265    -0.00438286    1    2.61855e-322
0.0290766    -0.0424145    0.406012    -0.00435671    -0    2.61855e-322
0.0284703    -0.0415613    0.397313    -0.00430222    0    3.40905e-322
0.0282116    -0.0411968    0.393604    -0.00427841    0    1.82804e-322
0.027945    -0.0408208    0.389782    -0.00425356    -0    2.61855e-322
0.0275293    -0.0402341    0.383828    -0.0042143    1    2.61855e-322
0.027015    -0.0395074    0.376465    -0.00416477    -0    2.61855e-322
0.0264213    -0.0386674    0.367974    -0.00410626    0    3.40905e-322
0.0258594    -0.0378712    0.359947    -0.0040495    0    1.82804e-322
0.0254034    -0.0372241    0.353438    -0.00400241    -0    2.61855e-322
0.0250662    -0.036745    0.348628    -0.00396697    1    2.61855e-322
0.0246004    -0.0360827    0.341988    -0.0039173    -0    2.61855e-322
0.0242806    -0.0356274    0.337433    -0.00388262    0    3.40905e-322
0.0239898    -0.0352132    0.333294    -0.00385071    0    1.82804e-322
0.0237255    -0.0348363    0.329532    -0.00382138    -0    2.61855e-322
0.0233409    -0.0342877    0.324064    -0.00377825    1    2.61855e-322
0.0230792    -0.0339139    0.320344    -0.00374849    -0    2.61855e-322
0.0228514    -0.0335884    0.317108    -0.00372236    0    3.40905e-322
0.022432    -0.0329887    0.311154    -0.00367376    0    1.82804e-322
0.0222188    -0.0326835    0.308128    -0.00364871    -0    2.61855e-322
0.0217902    -0.0320697    0.30205    -0.00359791    1    2.61855e-322
0.0215716    -0.0317563    0.298952    -0.00357164    -0    2.61855e-322
0.0211062    -0.0310885    0.292359    -0.00351518    0    3.40905e-322
0.020922    -0.0308241    0.289753    -0.00349254    0    1.82804e-322
0.0204703    -0.0301749    0.283361    -0.00343651    -0    2.61855e-322
0.0202979    -0.029927    0.280925    -0.00341486    1    2.61855e-322
0.0199875    -0.0294803    0.276538    -0.00337559    -0    2.61855e-322
0.0197819    -0.0291842    0.273633    -0.00334934    0    3.40905e-322
0.0195602    -0.0288648    0.270504    -0.00332084    0    1.82804e-322
0.0191816    -0.0283189    0.265161    -0.00327175    -0    2.61855e-322
0.0188279    -0.0278084    0.260173    -0.00322534    1    2.61855e-322
0.0185022    -0.027338    0.255583    -0.00318214    -0    2.61855e-322
0.0180974    -0.0267528    0.249882    -0.00312785    0    3.40905e-322
0.0177887    -0.0263061    0.245538    -0.00308595    0    1.82804e-322
0.0174535    -0.0258207    0.240824    -0.00304002    -0    2.61855e-322
0.0172962    -0.0255927    0.238612    -0.00301827    1    2.61855e-322
0.0171293    -0.0253507    0.236267    -0.00299509    -0    2.61855e-322
0.0168662    -0.0249691    0.232572    -0.00295833    0    3.40905e-322
0.0167173    -0.0247531    0.230482    -0.00293739    0    1.82804e-322
0.0165723    -0.0245426    0.228447    -0.0029169    -0    2.61855e-322
0.0163951    -0.0242852    0.225961    -0.00289175    1    2.61855e-322
0.0161577    -0.0239402    0.22263    -0.00285785    -0    2.61855e-322
0.0158383    -0.0234759    0.218153    -0.00281192    0    3.40905e-322
0.015583    -0.0231044    0.214576    -0.00277488    0    1.82804e-322
0.0152894    -0.022677    0.210466    -0.00273196    -0    2.61855e-322
0.0151602    -0.0224887    0.208657    -0.00271293    1    2.61855e-322
0.0150081    -0.022267    0.206528    -0.00269044    -0    2.61855e-322
0.0146704    -0.0217747    0.201806    -0.00264026    0    3.40905e-322
0.0145134    -0.0215457    0.199612    -0.00261674    0    1.82804e-322
0.0142115    -0.0211049    0.195393    -0.00257124    -0    2.61855e-322
0.0140759    -0.020907    0.193501    -0.00255067    1    2.61855e-322
0.0137605    -0.020446    0.189097    -0.00250257    -0    2.61855e-322
0.0136435    -0.0202749    0.187465    -0.0024846    0    3.40905e-322
0.0133622    -0.0198635    0.183543    -0.0024412    0    1.82804e-322
0.0132453    -0.0196924    0.181913    -0.00242305    -0    2.61855e-322
0.0131426    -0.019542    0.180481    -0.00240705    1    2.61855e-322
0.0128621    -0.0191313    0.176574    -0.0023632    -0    2.61855e-322
0.0126503    -0.0188209    0.173625    -0.00232985    0    3.40905e-322
0.0125192    -0.0186286    0.1718    -0.0023091    0    1.82804e-322
0.0123924    -0.0184426    0.170035    -0.00228897    -0    2.61855e-322
0.0122251    -0.0181973    0.167709    -0.00226231    1    2.61855e-322
0.0119659    -0.0178167    0.164103    -0.0022208    -0    2.61855e-322
0.0117286    -0.0174682    0.160806    -0.00218254    0    3.40905e-322
0.0115761    -0.0172441    0.158687    -0.00215782    0    1.82804e-322
0.0113919    -0.0169735    0.15613    -0.00212785    -0    2.61855e-322
0.0112063    -0.0167005    0.153554    -0.0020975    1    2.61855e-322
0.0110448    -0.0164629    0.151313    -0.00207096    -0    2.61855e-322
0.0108471    -0.0161718    0.14857    -0.00203834    0    3.40905e-322
0.0107473    -0.016025    0.147187    -0.00202181    0    1.82804e-322
0.0105799    -0.0157785    0.144867    -0.00199399    -0    2.61855e-322
0.0103792    -0.0154827    0.142086    -0.00196049    1    2.61855e-322
0.0102523    -0.0152957    0.140328    -0.00193921    -0    2.61855e-322
0.0100224    -0.0149566    0.137144    -0.00190051    0    3.40905e-322
0.00985933    -0.014716    0.134887    -0.00187292    0    1.82804e-322
0.00965499    -0.0144144    0.13206    -0.0018382    -0    2.61855e-322
0.00947278    -0.0141454    0.129541    -0.00180709    1    2.61855e-322
0.00931117    -0.0139067    0.127307    -0.00177938    -0    2.61855e-322
0.00923441    -0.0137932    0.126246    -0.00176617    0    3.40905e-322
0.00905976    -0.0135351    0.123833    -0.00173605    0    1.82804e-322
0.00887785    -0.0132661    0.121321    -0.00170454    -0    2.61855e-322
0.0086874    -0.0129844    0.118692    -0.00167141    1    2.61855e-322
0.00850756    -0.0127182    0.116211    -0.00163998    -0    2.61855e-322
0.00833678    -0.0124653    0.113855    -0.00161002    0    3.40905e-322
0.00815116    -0.0121904    0.111296    -0.00157731    0    1.82804e-322
0.00799803    -0.0119635    0.109185    -0.00155021    -0    2.61855e-322
0.00782878    -0.0117126    0.106853    -0.00152016    1    2.61855e-322
0.00765389    -0.0114532    0.104445    -0.00148897    -0    2.61855e-322
0.00751896    -0.0112531    0.102587    -0.00146482    0    3.40905e-322
0.00740487    -0.0110838    0.101017    -0.00144434    0    1.82804e-322
0.00732965    -0.0109721    0.0999818    -0.00143081    -0    2.61855e-322
0.00718238    -0.0107535    0.0979559    -0.00140425    1    2.61855e-322
0.00703171    -0.0105297    0.0958838    -0.00137699    -0    2.61855e-322
0.00695413    -0.0104144    0.0948172    -0.00136291    0    3.40905e-322
0.00683312    -0.0102346    0.0931539    -0.0013409    0    1.82804e-322
0.00675494    -0.0101184    0.0920797    -0.00132665    -0    2.61855e-322
0.00663931    -0.00994656    0.0904911    -0.00130553    1    2.61855e-322
0.00656505    -0.00983612    0.089471    -0.00129193    -0    2.61855e-322
0.00644543    -0.00965823    0.0878283    -0.00126998    0    3.40905e-322
0.00636505    -0.00953865    0.0867247    -0.0012552    0    1.82804e-322
0.00628443    -0.0094187    0.085618    -0.00124034    -0    2.61855e-322
0.00621412    -0.00931406    0.0846531    -0.00122737    1    2.61855e-322
0.00615907    -0.00923214    0.0838977    -0.00121719    -0    2.61855e-322
0.0060534    -0.00907483    0.0824479    -0.00119763    0    3.40905e-322
0.00598609    -0.00897461    0.0815246    -0.00118514    0    1.82804e-322
0.00588169    -0.00881914    0.0800928    -0.00116574    -0    2.61855e-322
0.00579125    -0.00868442    0.0788527    -0.0011489    1    2.61855e-322
0.00566261    -0.00849276    0.0770893    -0.00112489    -0    2.61855e-322
0.00559481    -0.00839171    0.07616    -0.0011122    0    3.40905e-322
0.00550582    -0.00825907    0.0749406    -0.00109552    0    1.82804e-322
0.00540422    -0.0081076    0.0735488    -0.00107644    -0    2.61855e-322
0.0053531    -0.00803138    0.0728487    -0.00106682    1    2.61855e-322
0.00527401    -0.00791343    0.0717655    -0.00105192    -0    2.61855e-322
0.00518652    -0.00778292    0.0705676    -0.0010354    0    3.40905e-322
0.00507325    -0.00761393    0.069017    -0.00101398    0    1.82804e-322
0.00499978    -0.00750428    0.0680115    -0.00100005    -0    2.61855e-322
0.00493585    -0.00740887    0.0671368    -0.000987914    1    2.61855e-322
0.00483517    -0.00725858    0.0657593    -0.000968769    -0    2.61855e-322
0.0047661    -0.00715545    0.0648146    -0.000955608    0    3.40905e-322
0.00472896    -0.00709998    0.0643066    -0.000948522    0    1.82804e-322
0.00466793    -0.00700884    0.063472    -0.000936867    -0    2.61855e-322
0.00458982    -0.00689217    0.0624041    -0.00092193    1    2.61855e-322
0.00449718    -0.00675376    0.0611376    -0.000904182    -0    2.61855e-322
0.00444656    -0.00667813    0.0604458    -0.000894467    0    3.40905e-322
0.00436713    -0.00655942    0.0593603    -0.000879204    0    1.82804e-322
0.00430172    -0.00646165    0.0584666    -0.000866615    -0    2.61855e-322
0.00423725    -0.00636527    0.0575858    -0.000854189    1    2.61855e-322
0.00418498    -0.00628713    0.056872    -0.000844104    -0    2.61855e-322
0.00410806    -0.0061721    0.0558214    -0.00082924    0    3.40905e-322
0.00406491    -0.00610757    0.0552322    -0.000820891    0    1.82804e-322
0.00399555    -0.00600383    0.0542852    -0.000807455    -0    2.61855e-322
0.00396183    -0.00595339    0.0538249    -0.000800915    1    2.61855e-322
0.00390658    -0.00587073    0.0530707    -0.00079019    -0    2.61855e-322
0.00383549    -0.00576436    0.0521004    -0.000776372    0    3.40905e-322
0.00376692    -0.00566174    0.0511647    -0.000763025    0    1.82804e-322
0.00370175    -0.00556419    0.0502755    -0.00075032    -0    2.61855e-322
0.00365386    -0.0054925    0.0496222    -0.000740973    1    2.61855e-322
0.00361528    -0.00543475    0.049096    -0.000733437    -0    2.61855e-322
0.0035543    -0.00534344    0.0482643    -0.000721512    0    3.40905e-322
0.00349335    -0.00525218    0.0474331    -0.000709578    0    1.82804e-322
0.00342808    -0.00515443    0.0465432    -0.000696782    -0    2.61855e-322
0.00338461    -0.00508932    0.0459506    -0.000688249    1    2.61855e-322
0.00332086    -0.00499381    0.0450815    -0.000675722    -0    2.61855e-322
0.00328476    -0.00493973    0.0445895    -0.00066862    0    3.40905e-322
0.00321393    -0.0048336    0.0436243    -0.000654673    0    1.82804e-322
0.00315599    -0.00474676    0.0428347    -0.000643246    -0    2.61855e-322
0.0031006    -0.00466375    0.0420801    -0.00063231    1    2.61855e-322
0.00306456    -0.00460973    0.0415892    -0.000625188    -0    2.61855e-322
0.00301639    -0.00453752    0.0409331    -0.00061566    0    3.40905e-322
0.00298896    -0.00449639    0.0405595    -0.00061023    0    1.82804e-322
0.00295398    -0.00444394    0.0400831    -0.0006033    -0    2.61855e-322
0.00289227    -0.0043514    0.0392427    -0.000591065    1    2.61855e-322
0.00284012    -0.0042732    0.0385328    -0.000580713    -0    2.61855e-322
0.00281407    -0.00423413    0.0381781    -0.000575537    0    3.40905e-322
0.00278742    -0.00419415    0.0378152    -0.000570238    0    1.82804e-322
0.00275071    -0.0041391    0.0373157    -0.000562937    -0    2.61855e-322
0.00270559    -0.00407141    0.0367015    -0.000553954    1    2.61855e-322
0.00266042    -0.00400363    0.0360868    -0.000544953    -0    2.61855e-322
0.00261319    -0.00393276    0.035444    -0.000535531    0    3.40905e-322
0.00258151    -0.00388522    0.035013    -0.000529207    0    1.82804e-322
0.00253154    -0.00381023    0.0343331    -0.000519224    -0    2.61855e-322
0.00250089    -0.00376423    0.0339162    -0.000513096    1    2.61855e-322
0.00246912    -0.00371654    0.033484    -0.000506738    -0    2.61855e-322
0.00244292    -0.00367722    0.0331277    -0.000501493    0    3.40905e-322
0.00238794    -0.00359467    0.0323799    -0.000490477    0    1.82804e-322
0.00236923    -0.0035666    0.0321255    -0.000486726    -0    2.61855e-322
0.00232129    -0.00349461    0.0314736    -0.000477106    1    2.61855e-322
0.00229164    -0.00345009    0.0310705    -0.000471152    -0    2.61855e-322
0.00226724    -0.00341344    0.0307386    -0.000466247    0    3.40905e-322
0.0022347    -0.00336457    0.0302963    -0.000459705    0    1.82804e-322
0.00218527    -0.00329034    0.0296243    -0.00044976    -0    2.61855e-322
0.00213825    -0.00321971    0.0289853    -0.00044029    1    2.61855e-322
0.00209716    -0.00315798    0.0284268    -0.000432006    -0    2.61855e-322
0.00205893    -0.00310055    0.0279073    -0.000424294    0    3.40905e-322
0.00203921    -0.00307093    0.0276394    -0.000420313    0    1.82804e-322
0.00200243    -0.00301566    0.0271396    -0.000412883    -0    2.61855e-322
0.00197529    -0.00297487    0.0267708    -0.000407396    1    2.61855e-322
0.00193704    -0.00291739    0.0262512    -0.00039966    -0    2.61855e-322
0.00189465    -0.00285369    0.0256755    -0.000391081    0    3.40905e-322
0.00185394    -0.00279249    0.0251224    -0.000382832    0    1.82804e-322
0.00181557    -0.00273483    0.0246014    -0.000375054    -0    2.61855e-322
0.0017959    -0.00270525    0.0243343    -0.000371062    1    2.61855e-322
0.00176054    -0.00265209    0.023854    -0.000363884    -0    2.61855e-322
0.00173236    -0.00260972    0.0234714    -0.000358159    0    3.40905e-322
0.0017111    -0.00257775    0.0231827    -0.000353838    0    1.82804e-322
0.00167449    -0.00252271    0.0226858    -0.000346395    -0    2.61855e-322
0.00163864    -0.00246879    0.022199    -0.000339099    1    2.61855e-322
0.00160442    -0.00241733    0.0217345    -0.000332131    -0    2.61855e-322
0.00157994    -0.00238052    0.0214023    -0.000327144    0    3.40905e-322
0.00155401    -0.00234151    0.0210504    -0.000321857    0    1.82804e-322
0.00153814    -0.00231764    0.0208349    -0.000318619    -0    2.61855e-322
0.00151986    -0.00229014    0.0205868    -0.00031489    1    2.61855e-322
0.00148832    -0.00224271    0.020159    -0.000308454    -0    2.61855e-322
0.00146579    -0.0022088    0.0198532    -0.000303851    0    3.40905e-322
0.00144419    -0.00217631    0.0195601    -0.000299438    0    1.82804e-322
0.00141459    -0.00213177    0.0191584    -0.000293386    -0    2.61855e-322
0.00139307    -0.0020994    0.0188666    -0.000288985    1    2.61855e-322
0.00137614    -0.00207393    0.0186369    -0.000285522    -0    2.61855e-322
0.00135774    -0.00204624    0.0183873    -0.000281755    0    3.40905e-322
0.00133326    -0.0020094    0.0180552    -0.000276742    0    1.82804e-322
0.00130831    -0.00197184    0.0177167    -0.000271629    -0    2.61855e-322
0.00129536    -0.00195235    0.0175411    -0.000268975    1    2.61855e-322
0.00127355    -0.00191953    0.0172453    -0.000264504    -0    2.61855e-322
0.00125423    -0.00189045    0.0169833    -0.000260541    0    3.40905e-322
0.00122871    -0.00185205    0.0166373    -0.000255305    0    1.82804e-322
0.00120579    -0.00181754    0.0163264    -0.000250599    -0    2.61855e-322
0.0011931    -0.00179844    0.0161543    -0.000247992    1    2.61855e-322
0.00117983    -0.00177846    0.0159744    -0.000245267    -0    2.61855e-322
0.00116183    -0.00175136    0.0157303    -0.000241566    0    3.40905e-322
0.00115064    -0.00173451    0.0155786    -0.000239267    0    1.82804e-322
0.00113928    -0.00171741    0.0154246    -0.000236932    -0    2.61855e-322
0.00112426    -0.0016948    0.0152209    -0.000233842    1    2.61855e-322
0.00111004    -0.00167339    0.0150282    -0.000230918    -0    2.61855e-322
0.0010859    -0.00163704    0.0147008    -0.000225948    0    3.40905e-322
0.00106264    -0.00160202    0.0143856    -0.000221161    0    1.82804e-322
0.00104443    -0.0015746    0.0141388    -0.00021741    -0    2.61855e-322
0.0010232    -0.00154262    0.0138509    -0.000213034    1    2.61855e-322
0.00100267    -0.00151171    0.0135727    -0.000208803    -0    2.61855e-322
0.000987422    -0.00148875    0.0133661    -0.000205658    0    3.40905e-322
0.00097476    -0.00146968    0.0131945    -0.000203046    0    1.82804e-322
0.000961398    -0.00144955    0.0130134    -0.000200289    -0    2.61855e-322
0.000944417    -0.00142397    0.0127832    -0.000196785    1    2.61855e-322
0.000928399    -0.00139985    0.0125662    -0.000193478    -0    2.61855e-322
0.00091753    -0.00138348    0.0124189    -0.000191233    0    3.40905e-322
0.000908271    -0.00136953    0.0122934    -0.00018932    0    1.82804e-322
0.000900208    -0.00135738    0.0121842    -0.000187655    -0    2.61855e-322
0.000891729    -0.00134461    0.0120693    -0.000185903    1    2.61855e-322
0.000876132    -0.00132112    0.011858    -0.000182679    -0    2.61855e-322
0.000864473    -0.00130355    0.0117    -0.000180269    0    3.40905e-322
0.000854006    -0.00128778    0.0115582    -0.000178104    0    1.82804e-322
0.0008431    -0.00127135    0.0114104    -0.000175849    -0    2.61855e-322
0.000835384    -0.00125973    0.0113059    -0.000174253    1    2.61855e-322
0.000823531    -0.00124187    0.0111453    -0.0001718    -0    2.61855e-322
0.000805561    -0.0012148    0.0109019    -0.000168081    0    3.40905e-322
0.000792241    -0.00119473    0.0107214    -0.000165324    0    1.82804e-322
0.000782926    -0.00118069    0.0105953    -0.000163395    -0    2.61855e-322
0.00076906    -0.0011598    0.0104074    -0.000160523    1    2.61855e-322
0.000754274    -0.00113752    0.0102071    -0.00015746    -0    2.61855e-322
0.000742888    -0.00112036    0.0100529    -0.0001551    0    3.40905e-322
0.00073531    -0.00110895    0.00995028    -0.000153529    0    1.82804e-322
0.000719864    -0.00108567    0.00974107    -0.000150327    -0    2.61855e-322
0.000707501    -0.00106704    0.00957363    -0.000147763    1    2.61855e-322
0.000696506    -0.00105047    0.00942472    -0.000145483    -0    2.61855e-322
0.000688908    -0.00103902    0.00932182    -0.000143906    0    3.40905e-322
0.000677797    -0.00102227    0.00917135    -0.000141601    0    1.82804e-322
0.000668179    -0.00100778    0.0090411    -0.000139605    -0    2.61855e-322
0.000654626    -0.000987352    0.00885756    -0.000136791    1    2.61855e-322
0.000645652    -0.000973827    0.00873605    -0.000134928    -0    2.61855e-322
0.000638249    -0.000962668    0.00863579    -0.000133391    0    3.40905e-322
0.000630136    -0.00095044    0.00852594    -0.000131706    0    1.82804e-322
0.000618333    -0.00093265    0.00836612    -0.000129254    -0    2.61855e-322
0.000607577    -0.000916438    0.00822048    -0.000127019    1    2.61855e-322
0.000593836    -0.000895725    0.00803443    -0.000124163    -0    2.61855e-322
0.000586206    -0.000884224    0.00793112    -0.000122577    0    3.40905e-322
0.000573749    -0.000865446    0.00776246    -0.000119987    0    1.82804e-322
0.000568091    -0.000856917    0.00768586    -0.00011881    -0    2.61855e-322
0.000560156    -0.000844954    0.00757842    -0.000117159    1    2.61855e-322
0.000555727    -0.000838278    0.00751846    -0.000116238    -0    2.61855e-322
0.000544879    -0.000821925    0.0073716    -0.000113981    0    3.40905e-322
0.000534291    -0.000805963    0.00722826    -0.000111778    0    1.82804e-322
0.00052777    -0.000796132    0.00713999    -0.000110421    -0    2.61855e-322
0.000522746    -0.000788557    0.00707197    -0.000109375    1    2.61855e-322
0.000511884    -0.000772182    0.00692493    -0.000107114    -0    2.61855e-322
0.000502357    -0.000757818    0.00679597    -0.00010513    0    3.40905e-322
0.000498057    -0.000751334    0.00673775    -0.000104235    0    1.82804e-322
0.000490815    -0.000740416    0.00663972    -0.000102726    -0    2.61855e-322
0.000479731    -0.000723704    0.00648969    -0.000100417    1    2.61855e-322
0.000470867    -0.000710339    0.00636971    -9.85705e-05    -0    2.61855e-322
0.0004657    -0.000702549    0.00629978    -9.74939e-05    0    3.40905e-322
0.000458766    -0.000692094    0.00620592    -9.60488e-05    0    1.82804e-322
0.000449246    -0.000677739    0.00607707    -9.40644e-05    -0    2.61855e-322
0.00044511    -0.000671502    0.00602108    -9.32021e-05    1    2.61855e-322
0.000440958    -0.000665242    0.00596489    -9.23365e-05    -0    2.61855e-322
0.000434963    -0.000656202    0.00588376    -9.10866e-05    0    3.40905e-322
0.0004296    -0.000648114    0.00581116    -8.99681e-05    0    1.82804e-322
0.000422006    -0.000636663    0.00570839    -8.83843e-05    -0    2.61855e-322
0.00041359    -0.000623972    0.00559449    -8.66289e-05    1    2.61855e-322
0.000409555    -0.000617887    0.00553988    -8.5787e-05    -0    2.61855e-322
0.000406039    -0.000612585    0.0054923    -8.50535e-05    0    3.40905e-322
0.000402536    -0.000607303    0.0054449    -8.43227e-05    0    1.82804e-322
0.000396636    -0.000598406    0.00536505    -8.30915e-05    -0    2.61855e-322
0.0003889    -0.00058674    0.00526036    -8.14772e-05    1    2.61855e-322
0.000381829    -0.000576075    0.00516466    -8.00012e-05    -0    2.61855e-322
0.000376307    -0.000567748    0.00508994    -7.88485e-05    0    3.40905e-322
0.000372692    -0.000562296    0.00504102    -7.80938e-05    0    1.82804e-322
0.000366479    -0.000552926    0.00495694    -7.67965e-05    -0    2.61855e-322
0.000360447    -0.000543829    0.00487532    -7.5537e-05    1    2.61855e-322
0.000354771    -0.000535269    0.00479852    -7.43517e-05    -0    2.61855e-322
0.000348838    -0.00052632    0.00471823    -7.31125e-05    0    3.40905e-322
0.000344231    -0.000519373    0.0046559    -7.21503e-05    0    1.82804e-322
0.000339979    -0.00051296    0.00459836    -7.1262e-05    -0    2.61855e-322
0.000332785    -0.000502109    0.00450102    -6.9759e-05    1    2.61855e-322
0.000327802    -0.000494593    0.00443359    -6.87177e-05    -0    2.61855e-322
0.000324404    -0.000489469    0.00438762    -6.80078e-05    0    3.40905e-322
0.000318897    -0.000481162    0.0043131    -6.68568e-05    0    1.82804e-322
0.000313888    -0.000473607    0.00424532    -6.58099e-05    -0    2.61855e-322
0.000308528    -0.000465523    0.00417281    -6.46896e-05    1    2.61855e-322
0.000303358    -0.000457724    0.00410285    -6.36087e-05    -0    2.61855e-322
0.000299931    -0.000452555    0.00405649    -6.28922e-05    0    3.40905e-322
0.000293864    -0.000443404    0.00397441    -6.16238e-05    0    1.82804e-322
0.000291261    -0.000439478    0.00393919    -6.10795e-05    -0    2.61855e-322
0.000288561    -0.000435405    0.00390266    -6.05148e-05    1    2.61855e-322
0.000282317    -0.000425986    0.00381817    -5.92089e-05    -0    2.61855e-322
0.000279375    -0.000421548    0.00377838    -5.85936e-05    0    3.40905e-322
0.000275159    -0.00041519    0.00372134    -5.77119e-05    0    1.82804e-322
0.000272065    -0.000410521    0.00367948    -5.70646e-05    -0    2.61855e-322
0.000266566    -0.000402227    0.00360509    -5.59143e-05    1    2.61855e-322
0.000263325    -0.000397339    0.00356125    -5.52363e-05    -0    2.61855e-322
0.000259844    -0.000392087    0.00351415    -5.45079e-05    0    3.40905e-322
0.000254393    -0.000383864    0.0034404    -5.33672e-05    0    1.82804e-322
0.000251096    -0.00037889    0.0033958    -5.26772e-05    -0    2.61855e-322
0.000246069    -0.000371308    0.0033278    -5.16253e-05    1    2.61855e-322
0.000241706    -0.000364726    0.00326878    -5.07121e-05    -0    2.61855e-322
0.000239691    -0.000361685    0.00324151    -5.02902e-05    0    3.40905e-322
0.000236883    -0.000357449    0.00320353    -4.97024e-05    0    1.82804e-322
0.000232272    -0.000350493    0.00314115    -4.87371e-05    -0    2.61855e-322
0.000228274    -0.000344463    0.00308708    -4.79003e-05    1    2.61855e-322
0.000223635    -0.000337463    0.00302432    -4.69288e-05    -0    2.61855e-322
0.000220853    -0.000333267    0.00298669    -4.63464e-05    0    3.40905e-322
0.000218395    -0.000329559    0.00295344    -4.58317e-05    0    1.82804e-322
0.000216048    -0.000326018    0.00292169    -4.53401e-05    -0    2.61855e-322
0.000212382    -0.000320487    0.0028721    -4.45724e-05    1    2.61855e-322
0.000210372    -0.000317455    0.00284491    -4.41515e-05    -0    2.61855e-322
0.000206604    -0.000311769    0.00279394    -4.33621e-05    0    3.40905e-322
0.00020257    -0.000305683    0.00273937    -4.25171e-05    0    1.82804e-322
0.000198807    -0.000300006    0.00268847    -4.17289e-05    -0    2.61855e-322
0.000196651    -0.000296754    0.00265931    -4.12772e-05    1    2.61855e-322
0.000193927    -0.000292644    0.00262246    -4.07065e-05    -0    2.61855e-322
0.00019149    -0.000288967    0.0025895    -4.01959e-05    0    3.40905e-322
0.000188751    -0.000284834    0.00255245    -3.9622e-05    0    1.82804e-322
0.000186623    -0.000281624    0.00252367    -3.91762e-05    -0    2.61855e-322
0.000184083    -0.000277792    0.00248932    -3.8644e-05    1    2.61855e-322
0.000181168    -0.000273394    0.00244988    -3.8033e-05    -0    2.61855e-322
0.000179322    -0.000270609    0.00242492    -3.76463e-05    0    3.40905e-322
0.000176429    -0.000266245    0.00238579    -3.704e-05    0    1.82804e-322
0.000175009    -0.000264102    0.00236659    -3.67424e-05    -0    2.61855e-322
0.000172645    -0.000260535    0.00233461    -3.62469e-05    1    2.61855e-322
0.000170307    -0.000257007    0.00230298    -3.57568e-05    -0    2.61855e-322
0.000168197    -0.000253824    0.00227445    -3.53146e-05    0    3.40905e-322
0.000165026    -0.00024904    0.00223156    -3.46499e-05    0    1.82804e-322
0.000163092    -0.000246122    0.00220541    -3.42445e-05    -0    2.61855e-322
0.000160226    -0.000241797    0.00216663    -3.36435e-05    1    2.61855e-322
0.000157647    -0.000237906    0.00213176    -3.31029e-05    -0    2.61855e-322
0    0    0    0    -0    2.61855e-322
0    0    0    0    -1    2.61855e-322
0    0    0    0    0    2.61855e-322
0    0    0    0    0    3.40905e-322
0    0    0    0    -1    2.61855e-322
0    0    0    0    0    3.40905e-322
0    0    0    0    0    1.82804e-322
0    0    0    0    -0    2.61855e-322
0    0    0    0    1    2.61855e-322
0    0    0    0    -0    2.61855e-322
0    0    0    0    0    3.40905e-322
0    0    0    0    2.37152e-322    3.40905e-322
0    0    0    0    0    3.40905e-322
0    0    0    0    1    2.61855e-322
0    0    0    0    -0    2.61855e-322
0    0    0    0    0    3.40905e-322
0    0    0    0    0    1.82804e-322
0    0    0    0    -0    2.61855e-322
0    0    0    0    1    2.61855e-322
0    0    0    0    -0    2.61855e-322
0    0    0    0    0    3.40905e-322
0    0    0    0    0    1.82804e-322
0    0    0    0    -0    2.61855e-322
0    0    0    0    1    2.61855e-322
0    0    0    0    -0    2.61855e-322
0    0    0    0    0    3.40905e-322
0    0    0    0    0    1.82804e-322
0    0    0    0    -0    2.61855e-322
0    0    0    0    1.15453e-319    2.61855e-322
0    0    0    0    -0    2.61855e-322
0    0    0    0    1    2.61855e-322
0    0    0    0    0    3.40905e-322
0    0    0    0    2.37152e-322    3.40905e-322
0    0    0    0    0    1.82804e-322
0    0    0    0    3.83661e-13    3.40905e-322
0    0    0    0    1    2.61855e-322
0    0    0    0    -0    2.61855e-322
0    0    0    0    0    3.40905e-322
0    0    0    0    0    1.82804e-322
0    0    0    0    -0    2.61855e-322
0    0    0    0    1    2.61855e-322
0    0    0    0    -0    2.61855e-322
0    0    0    0    0    3.40905e-322
0    0    0    0    0    1.82804e-322
0    0    0    0    -0    2.61855e-322
0    0    0    0    1    2.61855e-322
0    0    0    0    -0    2.61855e-322
0    0    0    0    0    3.40905e-322
0    0    0    0    0    1.82804e-322
0    0    0    0    -0    2.61855e-322
0    0    0    0    1    2.61855e-322
0    0    0    0    -0    2.61855e-322
0    0    0    0    0    3.40905e-322
0    0    0    0    0    1.82804e-322
0    0    0    0    -0    2.61855e-322
0    0    0    0    1    2.61855e-322
0    0    0    0    -0    2.61855e-322
0    0    0    0    0    3.40905e-322
0    0    0    0    0    1.82804e-322
0    0    0    0    -0    2.61855e-322
0    0    0    0    1    2.61855e-322
0    0    0    0    -0    2.61855e-322
0    0    0    0    0    3.40905e-322
0    0    0    0    0    1.82804e-322
0    0    0    0    -0    2.61855e-322
0    0    0    0    1    2.61855e-322
0    0    0    0    -0    2.61855e-322
0    0    0    0    0    3.40905e-322
0    0    0    0    0    1.82804e-322
0    0    0    0    -0    2.61855e-322
0    0    0    0    1    2.61855e-322
0    0    0    0    -0    2.61855e-322
0    0    0    0    0    3.40905e-322
0    0    0    0    0    1.82804e-322
0    0    0    0    -0    2.61855e-322
0    0    0    0    1    2.61855e-322
0    0    0    0    -0    2.61855e-322
0    0    0    0    0    3.40905e-322
0    0    0    0    0    1.82804e-322
0    0    0    0    -0    2.61855e-322
0    0    0    0    1    2.61855e-322
0    0    0    0    -0    2.61855e-322
0    0    0    0    0    3.40905e-322
0    0    0    0    0    1.82804e-322
