0    0    0    0    2.37152e-322    1.82804e-322
0    0    0    0    0    3.40905e-322
0    0    0    0    -0    2.61855e-322
0    0    0    0    0    3.40905e-322
0    0    0    0    0    1.82804e-322
0    0    0    0    -0    2.61855e-322
0    0    0    0    1    2.61855e-322
0    0    0    0    -0    2.61855e-322
0    0    0    0    0    3.40905e-322
0    0    0    0    0    1.82804e-322
0    0    0    0    -0    2.61855e-322
0    0    0    0    7.16395e-321    2.61855e-322
0    0    0    0    -1    2.61855e-322
0    0    0    0    -0.890091    1.82804e-322
0    0    0    0    9.13033e-321    2.61855e-322
0    0    0    0    4.1469e-13    3.40905e-322
0    0    0    0    -0    2.61855e-322
0    0    0    0    9.72321e-321    1.82804e-322
0    0    0    0    1    2.61855e-322
0    0    0    0    0    1.82804e-322
0    0    0    0    1    2.61855e-322
0    0    0    0    1    2.61855e-322
0    0    0    0    -0    2.61855e-322
0    0    0    0    0    3.40905e-322
0    0    0    0    0    1.82804e-322
0    0    0    0    -0    2.61855e-322
0.0786158    -0.107335    1.13802    -0.00354558    1    2.61855e-322
0.0757544    -0.103856    1.09501    -0.00387926    -0    2.61855e-322
0.0728271    -0.100262    1.05104    -0.0041854    0    2.61855e-322
0.0701762    -0.0969771    1.01128    -0.00443078    0    3.40905e-322
0.0676251    -0.0937885    0.973058    -0.00463874    1    2.61855e-322
0.0651671    -0.0906911    0.936282    -0.00481291    -0    2.61855e-322
0.0627977    -0.0876822    0.900885    -0.00495641    0    3.40905e-322
0.0605148    -0.0847617    0.866835    -0.00507198    0    1.82804e-322
0.0583142    -0.0819265    0.834066    -0.00516228    -0    2.61855e-322
0.0561909    -0.0791725    0.802503    -0.00522976    1    2.61855e-322
0.0541461    -0.0765032    0.772161    -0.00527647    -0    2.61855e-322
0.0521745    -0.0739138    0.74296    -0.00530451    0    3.40905e-322
0.0502738    -0.0714028    0.714862    -0.00531575    0    1.82804e-322
0.0484418    -0.0689689    0.687831    -0.00531189    -0    2.61855e-322
0.0466762    -0.0666108    0.661831    -0.00529453    1    2.61855e-322
0.0449722    -0.0643234    0.636787    -0.00526506    -0    2.61855e-322
0.043218    -0.0619569    0.611056    -0.00522191    0    3.40905e-322
0.0416392    -0.0598165    0.587947    -0.00517156    0    1.82804e-322
0.040118    -0.0577451    0.565725    -0.0051129    -0    2.61855e-322
0.0386517    -0.05574    0.544347    -0.00504695    1    2.61855e-322
0.0372364    -0.0537967    0.523753    -0.00497453    -0    2.61855e-322
0.0358713    -0.051915    0.503929    -0.00489653    0    3.40905e-322
0.0345573    -0.0500971    0.484884    -0.0048139    0    1.82804e-322
0.0332882    -0.0483351    0.466524    -0.00472705    -0    2.61855e-322
0.0320665    -0.046633    0.448884    -0.00463692    1    2.61855e-322
0.0308892    -0.0449875    0.431917    -0.004544    -0    2.61855e-322
0.0297536    -0.0433952    0.415581    -0.00444875    0    3.40905e-322
0.028659    -0.0418559    0.399863    -0.00435171    0    1.82804e-322
0.0276029    -0.0403665    0.384725    -0.00425323    -0    2.61855e-322
0.0265862    -0.0389287    0.370179    -0.00415391    1    2.61855e-322
0.0256062    -0.0375391    0.35618    -0.00405399    -0    2.61855e-322
0.024661    -0.0361955    0.342701    -0.00395373    0    3.40905e-322
0.0237502    -0.0348977    0.329736    -0.00385352    0    1.82804e-322
0.022873    -0.0336447    0.317267    -0.00375365    -0    2.61855e-322
0.0220275    -0.0324346    0.30527    -0.00365429    1    2.61855e-322
0.0212124    -0.0312654    0.293721    -0.00355562    0    3.40905e-322
0.0204281    -0.0301379    0.282625    -0.003458    0    3.40905e-322
0.0196296    -0.0289879    0.271345    -0.00335596    1    2.61855e-322
0.0189022    -0.0279381    0.261085    -0.00326062    -0    2.61855e-322
0.0182014    -0.0269251    0.251214    -0.00316664    0    3.40905e-322
0.0175258    -0.0259467    0.241711    -0.00307406    0    1.82804e-322
0.0168755    -0.0250034    0.232576    -0.00298312    -0    2.61855e-322
0.0162492    -0.0240933    0.223789    -0.00289383    1    2.61855e-322
0.0156453    -0.0232146    0.215327    -0.00280617    -0    2.61855e-322
0.0150638    -0.0223673    0.20719    -0.00272031    0    3.40905e-322
0.0145037    -0.0215499    0.19936    -0.00263624    0    1.82804e-322
0.0139638    -0.0207609    0.191822    -0.00255395    -0    2.61855e-322
0.0134439    -0.0200003    0.184572    -0.00247355    1    2.61855e-322
0.0129433    -0.0192669    0.177597    -0.00239505    -0    2.61855e-322
0.0124609    -0.0185594    0.170884    -0.00231841    0    3.40905e-322
0.0119961    -0.0178768    0.164421    -0.00224362    0    1.82804e-322
0.0115486    -0.017219    0.158207    -0.00217077    -0    2.61855e-322
0.0111175    -0.0165846    0.152225    -0.00209979    1    2.61855e-322
0.0107022    -0.0159728    0.146468    -0.00203066    -0    2.61855e-322
0.0103026    -0.0153836    0.140934    -0.00196347    0    3.40905e-322
0.00991754    -0.0148153    0.135605    -0.00189808    0    1.82804e-322
0.00954663    -0.0142674    0.130477    -0.00183451    -0    2.61855e-322
0.00918965    -0.0137396    0.125545    -0.00177278    1    2.61855e-322
0.00884591    -0.0132309    0.1208    -0.00171283    -0    2.61855e-322
0.00851491    -0.0127407    0.116234    -0.00165463    0    3.40905e-322
0.00819608    -0.0122682    0.11184    -0.00159814    0    1.82804e-322
0.00788918    -0.011813    0.107612    -0.00154336    -0    2.61855e-322
0.00759371    -0.0113744    0.103546    -0.00149024    1    2.61855e-322
0.00730885    -0.0109514    0.0996274    -0.00143869    -0    2.61855e-322
0.00703496    -0.0105443    0.0958625    -0.0013888    0    3.40905e-322
0.0067712    -0.010152    0.0922391    -0.00134046    0    1.82804e-322
0.00651709    -0.00977391    0.0887504    -0.00129361    -0    2.61855e-322
0.0062724    -0.0094096    0.085393    -0.00124825    1    2.61855e-322
0.0060164    -0.00902821    0.0818824    -0.00120052    -0    2.61855e-322
0.0057906    -0.00869162    0.0787876    -0.00115819    0    3.40905e-322
0.00557312    -0.00836728    0.0758087    -0.00111722    0    1.82804e-322
0.00536379    -0.00805492    0.0729426    -0.0010776    -0    2.61855e-322
0.00516208    -0.0077538    0.0701824    -0.00103924    1    2.61855e-322
0.00496805    -0.00746401    0.0675284    -0.00100219    -0    2.61855e-322
0.00478141    -0.00718513    0.0649766    -0.000966399    0    3.40905e-322
0.00460163    -0.00691639    0.0625197    -0.000931786    0    1.82804e-322
0.00442846    -0.00665743    0.0601543    -0.000898319    -0    2.61855e-322
0.00426192    -0.00640828    0.0578803    -0.000866015    1    2.61855e-322
0.00410142    -0.00616807    0.0556895    -0.000834771    -0    2.61855e-322
0.00394697    -0.00593685    0.0535823    -0.000804606    0    3.40905e-322
0.00379842    -0.00571437    0.0515561    -0.000775497    0    1.82804e-322
0.00365552    -0.00550028    0.0496078    -0.000747409    -0    2.61855e-322
0.00351788    -0.00529402    0.0477319    -0.000720276    1    2.61855e-322
0.00338547    -0.00509551    0.0459277    -0.000694097    -0    2.61855e-322
0.00325801    -0.00490439    0.0441917    -0.00066883    0    3.40905e-322
0.00313525    -0.00472024    0.04252    -0.000644428    0    1.82804e-322
0.00301713    -0.00454302    0.0409122    -0.000620892    -0    2.61855e-322
0.00290348    -0.00437246    0.0393655    -0.00059819    1    2.61855e-322
0.0027941    -0.00420827    0.0378774    -0.000576291    -0    2.61855e-322
0.00268868    -0.00404997    0.0364435    -0.000555137    0    3.40905e-322
0.00258743    -0.00389791    0.0350668    -0.000534777    0    1.82804e-322
0.00248978    -0.00375121    0.0337392    -0.000515098    -0    2.61855e-322
0.00239589    -0.00361014    0.0324631    -0.000496143    1    2.61855e-322
0.00230562    -0.00347447    0.0312365    -0.000477881    -0    2.61855e-322
0.00221861    -0.00334368    0.0300544    -0.000460248    0    3.40905e-322
0.00213494    -0.00321789    0.028918    -0.000443263    0    1.82804e-322
0.00205447    -0.00309688    0.0278252    -0.000426898    -0    2.61855e-322
0.00197691    -0.00298023    0.0267721    -0.000411101    1    2.61855e-322
0.00190234    -0.00286805    0.0257599    -0.000395888    -0    2.61855e-322
0.00183047    -0.00275992    0.0247844    -0.000381205    0    3.40905e-322
0.00176128    -0.0026558    0.0238455    -0.000367048    0    1.82804e-322
0.00169481    -0.00255577    0.0229438    -0.000353431    -0    2.61855e-322
0.0016309    -0.00245957    0.0220768    -0.00034032    1    2.61855e-322
0.00156933    -0.00236689    0.0212417    -0.000327673    -0    2.61855e-322
0.00151009    -0.00227769    0.0204384    -0.00031549    0    3.40905e-322
0.00145311    -0.00219188    0.0196657    -0.000303756    0    1.82804e-322
0.00139824    -0.00210925    0.0189218    -0.000292446    -0    2.61855e-322
0.00134548    -0.00202978    0.0182066    -0.000281558    1    2.61855e-322
0.00129472    -0.00195331    0.0175186    -0.000271072    -0    2.61855e-322
0.00124581    -0.00187963    0.0168559    -0.00026096    0    3.40905e-322
0.00119876    -0.00180874    0.0162183    -0.00025122    0    1.82804e-322
0.00115351    -0.00174056    0.0156053    -0.000241847    -0    2.61855e-322
0.00110995    -0.00167491    0.0150151    -0.000232814    1    2.61855e-322
0.00106803    -0.00161173    0.0144472    -0.000224114    0    3.40905e-322
0.00102773    -0.00155098    0.0139014    -0.000215744    0    3.40905e-322
0.000986003    -0.00148808    0.0133363    -0.000207069    1    2.61855e-322
0.000948761    -0.00143193    0.012832    -0.000199321    -0    2.61855e-322
0.000912937    -0.00137792    0.0123469    -0.000191863    0    3.40905e-322
0.000878446    -0.00132591    0.0118799    -0.000184677    0    1.82804e-322
0.000845281    -0.0012759    0.0114309    -0.000177763    -0    2.61855e-322
0.000813368    -0.00122778    0.0109989    -0.000171106    1    2.61855e-322
0.000782632    -0.00118142    0.0105829    -0.00016469    -0    2.61855e-322
0.000753071    -0.00113683    0.0101827    -0.000158515    0    3.40905e-322
0.000724611    -0.00109391    0.00979757    -0.000152568    0    1.82804e-322
0.000697224    -0.00105259    0.00942694    -0.000146841    -0    2.61855e-322
0.000670898    -0.00101288    0.00907069    -0.000141333    1    2.61855e-322
0.000645563    -0.000974658    0.00872787    -0.00013603    -0    2.61855e-322
0.000621149    -0.000937824    0.00839754    -0.000130917    0    3.40905e-322
0.00059766    -0.000902384    0.00807974    -0.000125995    0    1.82804e-322
0.000575083    -0.000868318    0.0077743    -0.000121263    -0    2.61855e-322
0.000553304    -0.000835455    0.00747968    -0.000116695    1    2.61855e-322
0.000532402    -0.000803913    0.00719694    -0.00011231    -0    2.61855e-322
0.000512296    -0.000773571    0.00692497    -0.00010809    0    3.40905e-322
0.000492942    -0.000744362    0.00666318    -0.000104026    0    1.82804e-322
0.00047432    -0.000716258    0.00641132    -0.000100115    -0    2.61855e-322
0.000456404    -0.000689217    0.00616902    -9.63503e-05    1    2.61855e-322
0.000439146    -0.000663168    0.00593562    -9.27227e-05    -0    2.61855e-322
0.000422556    -0.000638127    0.00571126    -8.92344e-05    0    3.40905e-322
0.000406592    -0.000614029    0.00549537    -8.58765e-05    0    1.82804e-322
0.000391231    -0.000590842    0.00528766    -8.26446e-05    -0    2.61855e-322
0.000376447    -0.000568524    0.00508775    -7.95331e-05    1    2.61855e-322
0.000362221    -0.000547048    0.00489539    -7.65382e-05    -0    2.61855e-322
0.000348531    -0.000526382    0.0047103    -7.36555e-05    0    3.40905e-322
0.000335345    -0.000506474    0.00453202    -7.08781e-05    0    1.82804e-322
0.000322671    -0.00048734    0.00436067    -6.82078e-05    -0    2.61855e-322
0.000310475    -0.000468926    0.00419578    -6.56376e-05    1    2.61855e-322
0.000298734    -0.000451198    0.00403705    -6.31626e-05    -0    2.61855e-322
0.000287438    -0.000434143    0.00388434    -6.0781e-05    0    3.40905e-322
0.000276569    -0.000417732    0.00373742    -5.8489e-05    0    1.82804e-322
0.000266106    -0.000401933    0.00359597    -5.6282e-05    -0    2.61855e-322
0.000256044    -0.000386739    0.00345995    -5.41591e-05    1    2.61855e-322
0.000246374    -0.000372137    0.00332924    -5.21186e-05    -0    2.61855e-322
0.000237055    -0.000358065    0.00320328    -5.01519e-05    0    3.40905e-322
0.000228095    -0.000344535    0.00308217    -4.82605e-05    0    1.82804e-322
0.000219478    -0.000331522    0.00296569    -4.64412e-05    -0    2.61855e-322
0.00021118    -0.000318991    0.00285354    -4.4689e-05    1    2.61855e-322
0.000203193    -0.00030693    0.00274559    -4.30023e-05    -0    2.61855e-322
0.000195518    -0.000295339    0.00264186    -4.13811e-05    0    3.40905e-322
0.000188122    -0.000284168    0.00254189    -3.98185e-05    0    1.82804e-322
0.000181007    -0.000273424    0.00244575    -3.83154e-05    -0    2.61855e-322
0.000174169    -0.000263097    0.00235333    -3.68703e-05    1    2.61855e-322
0.000167583    -0.00025315    0.00226432    -3.54785e-05    -0    2.61855e-322
0.000161248    -0.000243582    0.00217871    -3.41394e-05    0    3.40905e-322
0.000155154    -0.000234377    0.00209635    -3.2851e-05    0    1.82804e-322
0.000149285    -0.000225513    0.00201703    -3.16102e-05    -0    2.61855e-322
0.000143641    -0.000216988    0.00194076    -3.04168e-05    1    2.61855e-322
0.000138211    -0.000208788    0.00186739    -2.92686e-05    -0    2.61855e-322
0.000132981    -0.000200888    0.00179671    -2.81624e-05    0    3.40905e-322
0.000127952    -0.000193292    0.00172876    -2.70988e-05    0    1.82804e-322
0.000123115    -0.000185985    0.00166338    -2.60755e-05    -0    2.61855e-322
0.000118459    -0.000178953    0.00160047    -2.50906e-05    1    2.61855e-322
0.000113978    -0.000172185    0.00153993    -2.41426e-05    -0    2.61855e-322
0.00010967    -0.000165677    0.0014817    -2.32309e-05    0    3.40905e-322
0.000105521    -0.00015941    0.00142564    -2.2353e-05    0    1.82804e-322
0.00010153    -0.000153381    0.00137172    -2.15084e-05    -0    2.61855e-322
9.76935e-05    -0.000147587    0.00131988    -2.06965e-05    1    2.61855e-322
9.40002e-05    -0.000142008    0.00126998    -1.99148e-05    -0    2.61855e-322
9.04478e-05    -0.000136642    0.00122198    -1.91628e-05    0    3.40905e-322
8.70291e-05    -0.000131477    0.00117578    -1.84391e-05    0    1.82804e-322
8.37387e-05    -0.000126507    0.00113132    -1.77426e-05    5.51427e-320    1.82804e-322
8.05742e-05    -0.000121727    0.00108857    -1.70726e-05    -0    2.61855e-322
7.75303e-05    -0.000117128    0.00104744    -1.64281e-05    1    2.61855e-322
7.45986e-05    -0.0001127    0.00100783    -1.58074e-05    -0    2.61855e-322
7.17764e-05    -0.000108436    0.000969697    -1.52098e-05    0    3.40905e-322
6.90636e-05    -0.000104338    0.000933044    -1.46353e-05    0    3.40905e-322
6.62743e-05    -0.000100125    0.000895358    -1.40446e-05    1    2.61855e-322
6.3769e-05    -9.63401e-05    0.000861509    -1.3514e-05    5.79292e-320    3.40905e-322
6.13575e-05    -9.26971e-05    0.000828927    -1.30033e-05    5.81268e-320    1.82804e-322
5.90371e-05    -8.91918e-05    0.000797577    -1.25118e-05    0.866043    2.61855e-322
5.68047e-05    -8.58193e-05    0.000767415    -1.2039e-05    3.83617e-13    3.40905e-322
5.4658e-05    -8.25764e-05    0.000738413    -1.15842e-05    0.866042    2.61855e-322
5.25918e-05    -7.9455e-05    0.000710497    -1.11466e-05    1    2.61855e-322
5.06036e-05    -7.64514e-05    0.000683635    -1.07254e-05    -0    2.61855e-322
4.86913e-05    -7.35625e-05    0.000657799    -1.03203e-05    -0    2.61855e-322
4.68503e-05    -7.07813e-05    0.000632927    -9.93024e-06    -5.95102e-320    2.61855e-322
4.50802e-05    -6.81071e-05    0.000609012    -9.55521e-06    5.97078e-320    1.82804e-322
4.33769e-05    -6.55339e-05    0.000586    -9.19434e-06    1    2.61855e-322
4.17367e-05    -6.3056e-05    0.000563841    -8.84682e-06    -0    2.61855e-322
4.01582e-05    -6.06714e-05    0.000542515    -8.51236e-06    6.03007e-320    3.40905e-322
3.86406e-05    -5.83785e-05    0.000522011    -8.19078e-06    -6.04983e-320    2.61855e-322
3.71787e-05    -5.61701e-05    0.000502262    -7.88103e-06    -0    2.61855e-322
3.57732e-05    -5.40466e-05    0.000483273    -7.58318e-06    -0    2.61855e-322
3.44214e-05    -5.20045e-05    0.000465011    -7.29674e-06    0    3.40905e-322
3.31189e-05    -5.00366e-05    0.000447413    -7.02071e-06    0    1.82804e-322
3.18668e-05    -4.81451e-05    0.000430498    -6.75537e-06    -0    2.61855e-322
3.0663e-05    -4.63264e-05    0.000414235    -6.50026e-06    1    2.61855e-322
2.95018e-05    -4.45721e-05    0.000398547    -6.25416e-06    -0    2.61855e-322
2.83866e-05    -4.28873e-05    0.000383482    -6.01782e-06    0    3.40905e-322
2.73139e-05    -4.12666e-05    0.000368989    -5.79046e-06    0    1.82804e-322
2.62797e-05    -3.97042e-05    0.000355018    -5.57128e-06    -0    2.61855e-322
2.52864e-05    -3.82035e-05    0.000341598    -5.36074e-06    1    2.61855e-322
2.43307e-05    -3.67597e-05    0.000328688    -5.1582e-06    -0    2.61855e-322
2.34104e-05    -3.53692e-05    0.000316254    -4.96312e-06    0    3.40905e-322
2.25259e-05    -3.4033e-05    0.000304305    -4.77565e-06    0    1.82804e-322
2.16748e-05    -3.27471e-05    0.000292807    -4.59524e-06    -0    2.61855e-322
2.08546e-05    -3.1508e-05    0.000281727    -4.4214e-06    1    2.61855e-322
2.00662e-05    -3.03169e-05    0.000271077    -4.25429e-06    -0    2.61855e-322
1.93077e-05    -2.91708e-05    0.000260829    -4.09349e-06    0    3.40905e-322
1.85776e-05    -2.80679e-05    0.000250966    -3.93874e-06    0    1.82804e-322
1.78749e-05    -2.70062e-05    0.000241473    -3.78978e-06    -0    2.61855e-322
1.71996e-05    -2.59859e-05    0.00023235    -3.64662e-06    1    2.61855e-322
1.65493e-05    -2.50034e-05    0.000223564    -3.50876e-06    -0    2.61855e-322
1.59238e-05    -2.40585e-05    0.000215115    -3.37618e-06    0    3.40905e-322
1.5322e-05    -2.31492e-05    0.000206984    -3.24859e-06    0    1.82804e-322
1.47427e-05    -2.2274e-05    0.000199159    -3.12579e-06    -0    2.61855e-322
1.41851e-05    -2.14316e-05    0.000191627    -3.00759e-06    1    2.61855e-322
1.36491e-05    -2.06217e-05    0.000184385    -2.89395e-06    -0    2.61855e-322
1.31331e-05    -1.98422e-05    0.000177415    -2.78457e-06    0    3.40905e-322
1.26366e-05    -1.90921e-05    0.000170708    -2.67931e-06    0    1.82804e-322
1.21587e-05    -1.83701e-05    0.000164252    -2.578e-06    -0    2.61855e-322
1.16988e-05    -1.76752e-05    0.000158039    -2.48049e-06    1    2.61855e-322
1.12562e-05    -1.70064e-05    0.000152059    -2.38665e-06    -0    2.61855e-322
1.08307e-05    -1.63636e-05    0.000146311    -2.29644e-06    0    3.40905e-322
1.04209e-05    -1.57445e-05    0.000140775    -2.20957e-06    0    1.82804e-322
1.00271e-05    -1.51496e-05    0.000135455    -2.12608e-06    -0    2.61855e-322
9.64806e-06    -1.45769e-05    0.000130335    -2.04571e-06    1    2.61855e-322
9.28331e-06    -1.40258e-05    0.000125407    -1.96838e-06    -0    2.61855e-322
8.93249e-06    -1.34957e-05    0.000120668    -1.894e-06    0    3.40905e-322
8.59369e-06    -1.29839e-05    0.000116091    -1.82217e-06    0    1.82804e-322
8.26889e-06    -1.24931e-05    0.000111704    -1.75331e-06    -0    2.61855e-322
7.95644e-06    -1.20211e-05    0.000107483    -1.68706e-06    1    2.61855e-322
7.65549e-06    -1.15664e-05    0.000103417    -1.62325e-06    -0    2.61855e-322
7.36612e-06    -1.11292e-05    9.95079e-05    -1.5619e-06    0    3.40905e-322
7.08767e-06    -1.07085e-05    9.57463e-05    -1.50286e-06    0    1.82804e-322
6.81978e-06    -1.03038e-05    9.21275e-05    -1.44606e-06    -0    2.61855e-322
6.56193e-06    -9.91418e-06    8.86442e-05    -1.39139e-06    1    2.61855e-322
6.314e-06    -9.5396e-06    8.52949e-05    -1.33882e-06    -0    2.61855e-322
6.07544e-06    -9.17917e-06    8.20722e-05    -1.28824e-06    0    3.40905e-322
5.84566e-06    -8.832e-06    7.89681e-05    -1.23952e-06    0    1.82804e-322
5.62469e-06    -8.49815e-06    7.5983e-05    -1.19267e-06    -0    2.61855e-322
5.41219e-06    -8.1771e-06    7.31124e-05    -1.14761e-06    1    2.61855e-322
5.20737e-06    -7.86765e-06    7.03456e-05    -1.10419e-06    -0    2.61855e-322
5.01052e-06    -7.57023e-06    6.76863e-05    -1.06245e-06    0    3.40905e-322
4.82113e-06    -7.28408e-06    6.51278e-05    -1.02229e-06    0    1.82804e-322
4.6385e-06    -7.00816e-06    6.26607e-05    -9.83567e-07    -0    2.61855e-322
4.46321e-06    -6.74332e-06    6.02927e-05    -9.46399e-07    1    2.61855e-322
