0    0    0    0    2.37152e-322    1.82804e-322
0    0    0    0    0    3.40905e-322
0    0    0    0    -0    2.61855e-322
0    0    0    0    0    3.40905e-322
0    0    0    0    0    1.82804e-322
0    0    0    0    -0    2.61855e-322
0    0    0    0    1    2.61855e-322
0    0    0    0    -0    2.61855e-322
0    0    0    0    0    3.40905e-322
0    0    0    0    0    1.82804e-322
0    0    0    0    -0    2.61855e-322
0    0    0    0    1    2.61855e-322
0    0    0    0    -0    2.61855e-322
0    0    0    0    0    3.40905e-322
0    0    0    0    0    1.82804e-322
0    0    0    0    -0    2.61855e-322
0    0    0    0    1    2.61855e-322
0    0    0    0    0    3.40905e-322
0    0    0    0    0    3.40905e-322
0    0    0    0    1    2.61855e-322
0    0    0    0    -0    2.61855e-322
0    0    0    0    0    3.40905e-322
0    0    0    0    0    1.82804e-322
0    0    0    0    -0    2.61855e-322
0    0    0    0    1    2.61855e-322
0    0    0    0    -0    2.61855e-322
0    0    0    0    0    3.40905e-322
0    0    0    0    0    1.82804e-322
0    0    0    0    -0    2.61855e-322
0    0    0    0    1.4822e-320    2.61855e-322
0    0    0    0    1    2.61855e-322
0    0    0    0    1    2.61855e-322
0    0    0    0    1.54148e-320    1.82804e-322
0    0    0    0    -0    2.61855e-322
0    0    0    0    0.890091    2.61855e-322
0    0    0    0    1.60077e-320    1.82804e-322
0    0    0    0    -0    2.61855e-322
0    0    0    0    0    1.82804e-322
0    0    0    0    1.66006e-320    1.82804e-322
0    0    0    0    -0    2.61855e-322
0    0    0    0    1.69959e-320    1.82804e-322
0    0    0    0    -0    2.61855e-322
0    0    0    0    1    2.61855e-322
0    0    0    0    1.89622e-320    1.82804e-322
0    0    0    0    1    2.61855e-322
0    0    0    0    1    2.61855e-322
0    0    0    0    -0    2.61855e-322
0    0    0    0    0    3.40905e-322
0    0    0    0    0    1.82804e-322
0    0    0    0    2.37152e-322    3.40905e-322
0    0    0    0    444.692    1.82804e-322
0    0    0    0    0    3.40905e-322
0.0786158    -0.107335    1.13802    -0.00354558    2.07409e-320    1.82804e-322
0.0780826    -0.106688    1.13001    -0.00360898    0    3.40905e-322
0.0773892    -0.105845    1.11959    -0.00368981    1    2.61855e-322
0.0760035    -0.104155    1.09877    -0.00384639    -0    2.61855e-322
0.0743095    -0.10208    1.07332    -0.00402751    0    2.61855e-322
0.0734313    -0.100998    1.06014    -0.00411592    0    3.40905e-322
0.072967    -0.100425    1.05317    -0.00416115    1    2.61855e-322
0.0725655    -0.0999286    1.04715    -0.00419952    -0    2.61855e-322
0.0715551    -0.0986772    1.03199    -0.00429376    0    3.40905e-322
0.0710995    -0.0981113    1.02516    -0.00433459    2.37152e-322    3.40905e-322
0.0704103    -0.0972539    1.01483    -0.00439488    0    3.40905e-322
0.0685281    -0.0949048    0.98663    -0.00455185    1    2.61855e-322
0.0669892    -0.0929731    0.963593    -0.00466856    -0    2.61855e-322
0.0655523    -0.0911605    0.9421    -0.00476839    0    3.40905e-322
0.0648795    -0.0903085    0.932046    -0.00481158    0    1.82804e-322
0.063872    -0.0890296    0.916996    -0.00487308    -0    2.61855e-322
0.0630863    -0.0880292    0.905265    -0.0049179    1    2.61855e-322
0.0618388    -0.0864365    0.886653    -0.00498434    -0    2.61855e-322
0.0609124    -0.0852492    0.872841    -0.00502911    0    3.40905e-322
0.0598187    -0.0838436    0.856548    -0.00507751    0    1.82804e-322
0.0589002    -0.0826592    0.842876    -0.00511409    -0    2.61855e-322
0.0585549    -0.0822129    0.837739    -0.0051267    1    2.61855e-322
0.057762    -0.0811866    0.825947    -0.00515416    -0    2.61855e-322
0.0564309    -0.0794588    0.806166    -0.00519507    0    3.40905e-322
0.0551319    -0.077766    0.786884    -0.00522771    0    1.82804e-322
0.0540851    -0.0763966    0.771361    -0.00524854    -0    2.61855e-322
0.053513    -0.0756462    0.762886    -0.00525766    1    2.61855e-322
0.0524783    -0.0742861    0.747566    -0.00527117    -0    2.61855e-322
0.0515638    -0.0730805    0.73404    -0.00527922    0    3.40905e-322
0.050948    -0.0722665    0.724938    -0.00528245    0    1.82804e-322
0.0500101    -0.0710244    0.711087    -0.00528462    -0    2.61855e-322
0.0495938    -0.0704718    0.704944    -0.00528415    1    2.61855e-322
0.0489169    -0.0695718    0.69496    -0.00528201    -0    2.61855e-322
0.0478372    -0.0681332    0.679048    -0.00527506    0    3.40905e-322
0.0468282    -0.0667847    0.664195    -0.00526403    0    1.82804e-322
0.0462908    -0.0660645    0.656293    -0.00525611    -0    2.61855e-322
0.0458496    -0.0654724    0.649808    -0.00524865    1    2.61855e-322
0.0448251    -0.0640952    0.63476    -0.00522881    -0    2.61855e-322
0.0442924    -0.0633772    0.626945    -0.00521644    0    3.40905e-322
0.0434767    -0.062276    0.614985    -0.00519544    0    1.82804e-322
0.0424469    -0.0608822    0.599902    -0.00516512    -0    2.61855e-322
0.0417464    -0.0599316    0.589655    -0.00514169    1    2.61855e-322
0.040873    -0.0587438    0.576889    -0.00510971    -0    2.61855e-322
0.039985    -0.0575332    0.563925    -0.0050739    0    3.40905e-322
0.0394331    -0.0567791    0.555877    -0.00504976    0    1.82804e-322
0.0385255    -0.0555368    0.542652    -0.0050076    -0    2.61855e-322
0.0380293    -0.0548562    0.53543    -0.00498286    1    2.61855e-322
0.0372342    -0.0537637    0.523866    -0.00494129    -0    2.61855e-322
0.0365488    -0.05282    0.513909    -0.00490323    0    3.40905e-322
0.035716    -0.051671    0.501821    -0.00485443    0    1.82804e-322
0.0351968    -0.0509532    0.494294    -0.00482235    -0    2.61855e-322
0.0348685    -0.0504988    0.489538    -0.00480141    1    2.61855e-322
0.0340463    -0.0493592    0.477633    -0.0047474    -0    2.61855e-322
0.0332636    -0.0482721    0.466315    -0.0046933    0    3.40905e-322
0.0329972    -0.0479013    0.462466    -0.00467414    0    1.82804e-322
0.0322615    -0.0468765    0.451843    -0.00462005    -0    2.61855e-322
0.0316929    -0.0460832    0.443643    -0.00457658    1    2.61855e-322
0.0312628    -0.0454821    0.437445    -0.00454272    -0    2.61855e-322
0.0307259    -0.0447308    0.429712    -0.00449942    0    3.40905e-322
0.0303993    -0.0442733    0.425013    -0.00447241    0    1.82804e-322
0.0297772    -0.0434007    0.416066    -0.00441992    -0    2.61855e-322
0.0294443    -0.0429332    0.411284    -0.00439106    1    2.61855e-322
0.0290367    -0.0423602    0.40543    -0.00435511    -0    2.61855e-322
0.0287598    -0.0419705    0.401456    -0.00433025    0    3.40905e-322
0.028506    -0.0416131    0.397816    -0.00430718    0    1.82804e-322
0.0282055    -0.0411896    0.393507    -0.00427953    -0    2.61855e-322
0.0277544    -0.0405534    0.387043    -0.00423737    1    2.61855e-322
0.0273857    -0.0400328    0.381763    -0.00420225    -0    2.61855e-322
0.0271532    -0.0397042    0.378435    -0.00417977    0    3.40905e-322
0.026532    -0.0388255    0.369549    -0.00411886    0    1.82804e-322
0.0263401    -0.0385536    0.366806    -0.00409962    -0    2.61855e-322
0.0261393    -0.0382692    0.363938    -0.00407934    1    2.61855e-322
0.0257513    -0.037719    0.358397    -0.00403973    -0    2.61855e-322
0.0252355    -0.0369867    0.351035    -0.00398616    0    3.40905e-322
0.02462    -0.0361118    0.34226    -0.00392084    0    1.82804e-322
0.0240428    -0.03529    0.334039    -0.0038581    -0    2.61855e-322
0.0235963    -0.0346535    0.327687    -0.00380856    1    2.61855e-322
0.0232976    -0.0342272    0.32344    -0.00377489    -0    2.61855e-322
0.0228354    -0.0335669    0.316872    -0.00372214    0    3.40905e-322
0.0225509    -0.0331601    0.312832    -0.00368917    0    1.82804e-322
0.0223047    -0.0328079    0.309339    -0.00366036    -0    2.61855e-322
0.022087    -0.0324961    0.30625    -0.00363465    1    2.61855e-322
0.0217201    -0.0319704    0.301048    -0.00359095    -0    2.61855e-322
0.0215027    -0.0316587    0.297968    -0.00356476    0    3.40905e-322
0.0213264    -0.0314058    0.295471    -0.00354337    0    1.82804e-322
0.0209099    -0.0308078    0.289573    -0.0034924    -0    2.61855e-322
0.0207501    -0.0305783    0.287313    -0.00347262    1    2.61855e-322
0.0203198    -0.0299596    0.281227    -0.00341892    0    3.40905e-322
0.0201491    -0.029714    0.278815    -0.00339736    0    3.40905e-322
0.0196728    -0.0290282    0.272086    -0.0033367    1    2.61855e-322
0.0195416    -0.0288392    0.270234    -0.00331978    -0    2.61855e-322
0.0190757    -0.0281672    0.263659    -0.00325925    0    3.40905e-322
0.0189572    -0.0279963    0.261989    -0.00324368    0    1.82804e-322
0.0186644    -0.0275735    0.257862    -0.00320499    -0    2.61855e-322
0.0185022    -0.0273391    0.255577    -0.00318338    1    2.61855e-322
0.018319    -0.0270743    0.252997    -0.00315884    -0    2.61855e-322
0.0179369    -0.0265216    0.247617    -0.00310728    0    3.40905e-322
0.0175849    -0.026012    0.242665    -0.00305923    0    1.82804e-322
0.0172669    -0.0255512    0.238194    -0.00301537    -0    2.61855e-322
0.0168482    -0.0249441    0.232313    -0.00295702    1    2.61855e-322
0.0165486    -0.0245092    0.228107    -0.00291478    -0    2.61855e-322
0.0162151    -0.0240248    0.223429    -0.00286733    0    3.40905e-322
0.0161009    -0.0238588    0.221828    -0.00285095    0    1.82804e-322
0.0159738    -0.023674    0.220046    -0.00283266    -0    2.61855e-322
0.015727    -0.0233151    0.216588    -0.00279698    1    2.61855e-322
0.0156211    -0.0231609    0.215104    -0.00278156    -0    2.61855e-322
0.0155177    -0.0230104    0.213656    -0.00276648    0    3.40905e-322
0.0153742    -0.0228015    0.211647    -0.00274548    0    1.82804e-322
0.0151543    -0.0224811    0.208569    -0.00271314    -0    2.61855e-322
0.0148307    -0.0220095    0.204042    -0.00266522    1    2.61855e-322
0.0145858    -0.0216522    0.200617    -0.00262863    -0    2.61855e-322
0.0142925    -0.0212241    0.196519    -0.00258452    0    3.40905e-322
0.0142031    -0.0210936    0.195271    -0.00257098    0    1.82804e-322
0.0140847    -0.0209206    0.193617    -0.00255299    -0    2.61855e-322
0.0137337    -0.0204077    0.188718    -0.00249945    1    2.61855e-322
0.0136068    -0.0202222    0.186948    -0.00247993    -0    2.61855e-322
0.0132971    -0.0197691    0.182629    -0.00243208    0    3.40905e-322
0.0131945    -0.0196189    0.1812    -0.00241611    0    1.82804e-322
0.0128656    -0.0191372    0.176616    -0.00236471    -0    2.61855e-322
0.0127845    -0.0190183    0.175487    -0.00235195    1    2.61855e-322
0.0124984    -0.0185989    0.171504    -0.00230676    -0    2.61855e-322
0.0124154    -0.0184772    0.170349    -0.00229357    0    3.40905e-322
0.0123492    -0.0183801    0.169429    -0.00228304    0    1.82804e-322
0.0120587    -0.0179539    0.165389    -0.00223664    -0    2.61855e-322
0.0118542    -0.0176536    0.162546    -0.00220374    1    2.61855e-322
0.0117498    -0.0175002    0.161095    -0.00218686    -0    2.61855e-322
0.0116505    -0.0173542    0.159715    -0.00217077    0    3.40905e-322
0.011499    -0.0171317    0.157612    -0.00214616    0    1.82804e-322
0.0112311    -0.0167378    0.153893    -0.00210243    -0    2.61855e-322
0.0109901    -0.0163832    0.150549    -0.00206282    1    2.61855e-322
0.0108546    -0.0161837    0.148669    -0.00204043    -0    2.61855e-322
0.0106793    -0.0159255    0.146239    -0.00201136    0    3.40905e-322
0.0105006    -0.0156623    0.143762    -0.00198159    0    1.82804e-322
0.0103516    -0.0154427    0.141698    -0.00195667    -0    2.61855e-322
0.0101568    -0.0151555    0.139    -0.00192395    1    2.61855e-322
0.0100836    -0.0150476    0.137987    -0.00191161    -0    2.61855e-322
0.00992503    -0.0148137    0.135792    -0.00188481    0    3.40905e-322
0.00972403    -0.014517    0.133011    -0.0018507    0    1.82804e-322
0.00961463    -0.0143555    0.131498    -0.00183205    -0    2.61855e-322
0.00937477    -0.0140013    0.128182    -0.00179103    1    2.61855e-322
0.00921857    -0.0137704    0.126023    -0.00176417    -0    2.61855e-322
0.0090101    -0.0134623    0.123143    -0.00172817    0    3.40905e-322
0.00882947    -0.0131951    0.120649    -0.00169684    0    1.82804e-322
0.00867322    -0.012964    0.118492    -0.00166962    -0    2.61855e-322
0.00862167    -0.0128877    0.117781    -0.00166061    1    2.61855e-322
0.00844867    -0.0126316    0.115394    -0.00163032    -0    2.61855e-322
0.00826497    -0.0123595    0.112861    -0.00159802    0    3.40905e-322
0.00807006    -0.0120708    0.110174    -0.0015636    0    1.82804e-322
0.00788804    -0.011801    0.107666    -0.00153131    -0    2.61855e-322
0.00771645    -0.0115466    0.105303    -0.00150075    1    2.61855e-322
0.00752618    -0.0112643    0.102683    -0.00146672    -0    2.61855e-322
0.00737566    -0.0110409    0.100611    -0.00143968    0    3.40905e-322
0.00720478    -0.0107872    0.0982605    -0.00140888    0    1.82804e-322
0.00702627    -0.0105221    0.0958056    -0.00137658    -0    2.61855e-322
0.0068963    -0.010329    0.0940189    -0.00135297    1    2.61855e-322
0.00679172    -0.0101736    0.0925817    -0.00133392    -0    2.61855e-322
0.00673366    -0.0100873    0.0917839    -0.00132332    0    3.40905e-322
0.00658729    -0.00986968    0.0897732    -0.00129655    0    1.82804e-322
0.00643599    -0.00964466    0.0876954    -0.00126879    -0    2.61855e-322
0.00636819    -0.00954379    0.0867646    -0.00125631    1    2.61855e-322
0.00625255    -0.00937171    0.0851772    -0.00123499    -0    2.61855e-322
0.00618864    -0.0092766    0.0843003    -0.00122319    0    3.40905e-322
0.00607878    -0.00911306    0.0827929    -0.00120285    0    1.82804e-322
0.00601913    -0.00902425    0.0819746    -0.00119179    -0    2.61855e-322
0.00590347    -0.00885201    0.0803884    -0.0011703    1    2.61855e-322
0.0058349    -0.00874986    0.0794481    -0.00115753    -0    2.61855e-322
0.00576603    -0.00864726    0.0785039    -0.00114468    0    3.40905e-322
0.00570883    -0.00856205    0.0777199    -0.001134    0    1.82804e-322
0.00567025    -0.00850456    0.0771911    -0.00112679    -0    2.61855e-322
0.00556899    -0.00835363    0.0758034    -0.00110783    1    2.61855e-322
0.00551493    -0.00827305    0.0750626    -0.00109769    -0    2.61855e-322
0.00541453    -0.00812336    0.0736873    -0.00107883    0    3.40905e-322
0.00533086    -0.0079986    0.0725414    -0.00106308    0    1.82804e-322
0.00519957    -0.00780277    0.0707436    -0.00103831    -0    2.61855e-322
0.00514317    -0.00771863    0.0699715    -0.00102764    1    2.61855e-322
0.00506016    -0.00759477    0.0688353    -0.00101192    -0    2.61855e-322
0.00496091    -0.00744664    0.0674771    -0.000993094    0    3.40905e-322
0.00492341    -0.00739066    0.066964    -0.000985966    0    1.82804e-322
0.00485136    -0.00728309    0.0659782    -0.000972256    -0    2.61855e-322
0.00476861    -0.00715954    0.0648465    -0.000956488    1    2.61855e-322
0.0046539    -0.00698823    0.0632778    -0.000934584    -0    2.61855e-322
0.00458758    -0.00688915    0.062371    -0.000921892    0    3.40905e-322
0.00453271    -0.00680718    0.061621    -0.000911378    0    1.82804e-322
0.00443231    -0.00665716    0.0602488    -0.000892111    -0    2.61855e-322
0.00437065    -0.00656501    0.0594061    -0.000880255    1    2.61855e-322
0.00434721    -0.00652997    0.0590859    -0.000875743    -0    2.61855e-322
0.00429446    -0.00645111    0.0583652    -0.000865582    0    3.40905e-322
0.00422042    -0.00634042    0.0573538    -0.000851303    0    1.82804e-322
0.00412814    -0.00620244    0.0560935    -0.000833477    -0    2.61855e-322
0.00408721    -0.00614122    0.0555345    -0.000825556    1    2.61855e-322
0.00401066    -0.00602672    0.0544893    -0.000810727    -0    2.61855e-322
0.00395093    -0.00593737    0.053674    -0.00079914    0    3.40905e-322
0.00389216    -0.00584944    0.0528718    -0.000787724    0    1.82804e-322
0.00384795    -0.00578328    0.0522684    -0.000779125    -0    2.61855e-322
0.0037731    -0.00567127    0.051247    -0.000764552    1    2.61855e-322
0.00373938    -0.0056208    0.050787    -0.000757979    -0    2.61855e-322
0.00367328    -0.00552185    0.0498852    -0.00074508    0    3.40905e-322
0.00365084    -0.00548825    0.0495791    -0.000740696    0    1.82804e-322
0.00360143    -0.00541428    0.0489052    -0.000731038    -0    2.61855e-322
0.00353249    -0.00531105    0.047965    -0.000717546    1    2.61855e-322
0.00346645    -0.00521215    0.0470645    -0.000704604    -0    2.61855e-322
0.00340406    -0.00511869    0.0462139    -0.000692359    0    3.40905e-322
0.00336252    -0.00505647    0.0456477    -0.000684198    0    1.82804e-322
0.0033323    -0.0050112    0.0452357    -0.000678256    -0    2.61855e-322
0.00327425    -0.00492423    0.0444446    -0.000666832    1    2.61855e-322
0.00321603    -0.00483698    0.0436512    -0.000655361    -0    2.61855e-322
0.00315225    -0.00474139    0.0427821    -0.000642778    0    3.40905e-322
0.00311496    -0.0046855    0.0422741    -0.000635412    0    1.82804e-322
0.00305239    -0.00459171    0.0414219    -0.000623044    -0    2.61855e-322
0.00302398    -0.00454911    0.0410348    -0.00061742    1    2.61855e-322
0.0029525    -0.00444194    0.0400613    -0.000603261    -0    2.61855e-322
0.00289646    -0.0043579    0.0392982    -0.000592145    0    3.40905e-322
0.00284336    -0.00427827    0.0385753    -0.000581602    0    1.82804e-322
0.00281368    -0.00423376    0.0381713    -0.000575702    -0    2.61855e-322
0.00276889    -0.00416657    0.0375616    -0.000566793    1    2.61855e-322
0.00274933    -0.00413722    0.0372953    -0.000562898    -0    2.61855e-322
0.00272055    -0.00409404    0.0369036    -0.000557166    0    3.40905e-322
0.00265857    -0.00400105    0.0360601    -0.000544813    0    1.82804e-322
0.0026081    -0.00392533    0.0353734    -0.000534743    -0    2.61855e-322
0.00258932    -0.00389715    0.0351179    -0.000530992    1    2.61855e-322
0.00256984    -0.00386791    0.0348529    -0.0005271    -0    2.61855e-322
0.00253775    -0.00381975    0.0344163    -0.000520685    0    3.40905e-322
0.00249511    -0.00375575    0.0338363    -0.000512155    0    1.82804e-322
0.00245244    -0.0036917    0.0332559    -0.000503612    -0    2.61855e-322
0.0024068    -0.00362318    0.0326352    -0.000494466    1    2.61855e-322
0.00238023    -0.00358328    0.0322737    -0.000489136    -0    2.61855e-322
0.00233083    -0.00350911    0.0316021    -0.000479222    0    3.40905e-322
0.00230504    -0.00347038    0.0312514    -0.000474042    0    1.82804e-322
0.00227762    -0.00342921    0.0308786    -0.000468531    -0    2.61855e-322
0.00225697    -0.0033982    0.0305979    -0.000464379    1    2.61855e-322
0.00220064    -0.00331359    0.0298321    -0.000453044    -0    2.61855e-322
0.00218877    -0.00329576    0.0296708    -0.000450654    0    3.40905e-322
0.002141    -0.003224    0.0290215    -0.000441029    0    1.82804e-322
0.00211551    -0.0031857    0.028675    -0.000435889    -0    2.61855e-322
0.00209636    -0.00315694    0.0284148    -0.000432025    1    2.61855e-322
0.00206692    -0.00311271    0.0280148    -0.000426084    -0    2.61855e-322
0.00201645    -0.00303688    0.0273291    -0.00041589    0    3.40905e-322
0.00196884    -0.00296532    0.0266821    -0.000406263    0    1.82804e-322
0.00192836    -0.0029045    0.0261323    -0.000398072    -0    2.61855e-322
0.00189126    -0.00284873    0.0256283    -0.000390557    1    2.61855e-322
0.00187669    -0.00282683    0.0254304    -0.000387604    -0    2.61855e-322
0.00184103    -0.00277322    0.0249461    -0.000380374    0    3.40905e-322
0.00181716    -0.00273735    0.024622    -0.000375533    0    1.82804e-322
0.00177948    -0.00268069    0.0241103    -0.000367883    -0    2.61855e-322
0.00173652    -0.00261611    0.023527    -0.000359156    1    2.61855e-322
0.00169558    -0.00255454    0.0229711    -0.000350831    -0    2.61855e-322
0.00165743    -0.00249717    0.0224532    -0.000343068    0    3.40905e-322
0.00164189    -0.00247381    0.0222423    -0.000339905    0    1.82804e-322
0.00160721    -0.00242164    0.0217715    -0.000332838    -0    2.61855e-322
0.00158113    -0.00238243    0.0214176    -0.000327524    1    2.61855e-322
0.00156336    -0.00235569    0.0211764    -0.000323898    -0    2.61855e-322
0.00152673    -0.00230059    0.0206793    -0.000316425    0    3.40905e-322
0.00149079    -0.00224653    0.0201916    -0.000309087    0    1.82804e-322
0.00145684    -0.00219545    0.0197309    -0.00030215    -0    2.61855e-322
0.00143465    -0.00216206    0.0194298    -0.000297613    1    2.61855e-322
0.00141054    -0.00212579    0.0191028    -0.000292682    -0    2.61855e-322
0.00139849    -0.00210766    0.0189393    -0.000290216    0    3.40905e-322
0.00138345    -0.00208502    0.0187353    -0.000287137    0    1.82804e-322
0.00135222    -0.00203803    0.0183116    -0.000280743    -0    2.61855e-322
0.00133178    -0.00200726    0.0180343    -0.000276554    1    2.61855e-322
0.00131241    -0.00197812    0.0177717    -0.000272585    -0    2.61855e-322
0.00128322    -0.00193417    0.0173757    -0.000266598    0    3.40905e-322
0.0012637    -0.0019048    0.0171111    -0.000262595    0    1.82804e-322
0.00124967    -0.00188368    0.0169207    -0.000259715    -0    2.61855e-322
0.00123426    -0.00186048    0.0167118    -0.000256551    1    2.61855e-322
0.00121084    -0.00182523    0.0163942    -0.000251741    -0    2.61855e-322
0.00118684    -0.0017891    0.0160688    -0.00024681    0    3.40905e-322
0.00117718    -0.00177457    0.0159379    -0.000244826    0    1.82804e-322
0.00115667    -0.00174368    0.0156597    -0.000240608    -0    2.61855e-322
0.00113919    -0.00171736    0.0154227    -0.000237013    1    2.61855e-322
0.00111409    -0.00167957    0.0150824    -0.000231848    -0    2.61855e-322
0.00109207    -0.00164641    0.0147839    -0.000227314    0    3.40905e-322
0.0010824    -0.00163185    0.0146528    -0.000225323    0    1.82804e-322
0.00107186    -0.00161599    0.01451    -0.000223153    -0    2.61855e-322
0.00105553    -0.00159138    0.0142886    -0.000219788    1    2.61855e-322
0.00104738    -0.00157911    0.0141781    -0.000218108    -0    2.61855e-322
0.00103891    -0.00156636    0.0140634    -0.000216363    0    3.40905e-322
0.00102588    -0.00154674    0.0138868    -0.000213677    0    1.82804e-322
0.0010138    -0.00152855    0.0137231    -0.000211186    -0    2.61855e-322
0.000989571    -0.00149206    0.0133947    -0.000206188    1    2.61855e-322
0.000966357    -0.00145709    0.0130801    -0.000201397    -0    2.61855e-322
0.000949225    -0.00143129    0.0128479    -0.00019786    0    3.40905e-322
0.000928314    -0.00139979    0.0125645    -0.000193542    0    1.82804e-322
0.000908212    -0.00136951    0.0122921    -0.000189388    -0    2.61855e-322
0.000894344    -0.00134862    0.0121042    -0.000186522    1    2.61855e-322
0.000883619    -0.00133246    0.0119589    -0.000184304    -0    2.61855e-322
0.000871969    -0.00131491    0.0118011    -0.000181895    0    3.40905e-322
0.00085583    -0.0012906    0.0115824    -0.000178557    0    1.82804e-322
0.000840851    -0.00126803    0.0113795    -0.000175458    -0    2.61855e-322
0.000832017    -0.00125472    0.0112598    -0.000173629    1    2.61855e-322
0.000825102    -0.0012443    0.0111661    -0.000172198    -0    2.61855e-322
0.000819541    -0.00123592    0.0110908    -0.000171047    0    3.40905e-322
0.000813415    -0.00122669    0.0110078    -0.000169778    0    1.82804e-322
0.000798565    -0.00120432    0.0108067    -0.000166703    -0    2.61855e-322
0.000788525    -0.00118919    0.0106707    -0.000164624    1    2.61855e-322
0.000779791    -0.00117603    0.0105523    -0.000162814    -0    2.61855e-322
0.000770479    -0.001162    0.0104262    -0.000160884    0    3.40905e-322
0.000765004    -0.00115375    0.0103521    -0.00015975    0    1.82804e-322
0.000754428    -0.00113781    0.0102088    -0.000157558    -0    2.61855e-322
0.000736323    -0.00111053    0.00996359    -0.000153804    1    2.61855e-322
0.000723846    -0.00109172    0.0097946    -0.000151216    -0    2.61855e-322
0.000716159    -0.00108014    0.0096905    -0.000149622    0    3.40905e-322
0.000702934    -0.00106021    0.00951138    -0.000146878    0    1.82804e-322
0.000688517    -0.00103848    0.00931614    -0.000143886    -0    2.61855e-322
0.000678144    -0.00102285    0.00917568    -0.000141733    1    2.61855e-322
0.000672199    -0.00101389    0.00909517    -0.000140498    -0    2.61855e-322
0.000656767    -0.000990629    0.00888619    -0.000137294    0    3.40905e-322
0.000645057    -0.000972978    0.00872762    -0.000134861    0    1.82804e-322
0.000634937    -0.000957725    0.00859059    -0.000132759    -0    2.61855e-322
0.000628937    -0.000948681    0.00850935    -0.000131512    1    2.61855e-322
0.000618589    -0.000933083    0.00836924    -0.000129361    -0    2.61855e-322
0.000610053    -0.000920216    0.00825367    -0.000127587    0    3.40905e-322
0.000596712    -0.000900106    0.00807304    -0.000124813    0    1.82804e-322
0.000588855    -0.000888261    0.00796665    -0.000123179    -0    2.61855e-322
0.000582863    -0.000879228    0.00788553    -0.000121933    1    2.61855e-322
0.000575965    -0.00086883    0.00779214    -0.000120498    -0    2.61855e-322
0.000564506    -0.000851555    0.00763701    -0.000118114    0    3.40905e-322
0.000554308    -0.000836181    0.00749894    -0.000115992    0    1.82804e-322
0.00054044    -0.000815274    0.00731121    -0.000113105    -0    2.61855e-322
0.000533927    -0.000805454    0.00722304    -0.000111749    1    2.61855e-322
0.000521515    -0.000786741    0.00705501    -0.000109165    -0    2.61855e-322
0.000517333    -0.000780436    0.00699841    -0.000108294    0    3.40905e-322
0.000510347    -0.000769903    0.00690384    -0.000106839    0    1.82804e-322
0.000507586    -0.00076574    0.00686647    -0.000106264    -0    2.61855e-322
0.000496954    -0.000749709    0.00672255    -0.000104049    1    2.61855e-322
0.000486631    -0.000734144    0.00658282    -0.000101898    -0    2.61855e-322
0.000481167    -0.000725907    0.00650887    -0.000100759    0    3.40905e-322
0.00047751    -0.000720392    0.00645936    -9.99967e-05    0    1.82804e-322
0.000466726    -0.000704131    0.0063134    -9.77488e-05    -0    2.61855e-322
0.000457529    -0.000690264    0.00618893    -9.58313e-05    1    2.61855e-322
0.000454651    -0.000685923    0.00614997    -9.52311e-05    -0    2.61855e-322
0.000448151    -0.000676121    0.00606199    -9.38755e-05    0    3.40905e-322
0.000436936    -0.00065921    0.00591021    -9.15364e-05    0    1.82804e-322
0.000428424    -0.000646374    0.00579501    -8.97607e-05    -0    2.61855e-322
0.00042434    -0.000640215    0.00573974    -8.89086e-05    1    2.61855e-322
0.000418068    -0.000630757    0.00565486    -8.75998e-05    -0    2.61855e-322
0.000408606    -0.000616488    0.00552681    -8.56252e-05    0    3.40905e-322
0.000405664    -0.00061205    0.00548699    -8.50111e-05    0    1.82804e-322
0.000402698    -0.000607578    0.00544686    -8.43921e-05    -0    2.61855e-322
0.000397488    -0.000599721    0.00537636    -8.33045e-05    1    2.61855e-322
0.000392969    -0.000592906    0.00531521    -8.23611e-05    -0    2.61855e-322
0.000385734    -0.000581994    0.00521729    -8.08503e-05    0    3.40905e-322
0.000377457    -0.000569511    0.00510529    -7.91218e-05    0    1.82804e-322
0.000374464    -0.000564997    0.00506479    -7.84968e-05    -0    2.61855e-322
0.000372095    -0.000561424    0.00503274    -7.8002e-05    1    2.61855e-322
0.000369725    -0.00055785    0.00500067    -7.75071e-05    -0    2.61855e-322
0.000364368    -0.00054977    0.00492817    -7.63879e-05    0    3.40905e-322
0.000356719    -0.000538234    0.00482468    -7.47901e-05    0    1.82804e-322
0.000349886    -0.000527928    0.00473222    -7.33624e-05    -0    2.61855e-322
0.000344939    -0.000520467    0.00466529    -7.23286e-05    1    2.61855e-322
0.00034229    -0.00051647    0.00462943    -7.17749e-05    -0    2.61855e-322
0.00033644    -0.000507648    0.00455029    -7.05524e-05    0    3.40905e-322
0.000330763    -0.000499085    0.00447348    -6.93658e-05    0    1.82804e-322
0.000325496    -0.000491141    0.00440221    -6.82647e-05    -0    2.61855e-322
0.000319897    -0.000482694    0.00432645    -6.7094e-05    1    2.61855e-322
0.000315885    -0.000476644    0.00427218    -6.62553e-05    -0    2.61855e-322
0.000312289    -0.000471218    0.00422351    -6.55032e-05    0    3.40905e-322
0.000305082    -0.000460348    0.00412601    -6.39961e-05    0    1.82804e-322
0.000300559    -0.000453525    0.00406481    -6.305e-05    -0    2.61855e-322
0.000297943    -0.00044958    0.00402943    -6.2503e-05    1    2.61855e-322
0.000292735    -0.000441723    0.00395896    -6.14135e-05    -0    2.61855e-322
0.000288104    -0.000434738    0.00389632    -6.04448e-05    0    3.40905e-322
0.000283013    -0.000427057    0.00382743    -5.93795e-05    0    1.82804e-322
0.000278136    -0.0004197    0.00376146    -5.8359e-05    -0    2.61855e-322
0.000275366    -0.000415522    0.00372398    -5.77794e-05    1    2.61855e-322
0.000269344    -0.000406438    0.00364252    -5.65192e-05    -0    2.61855e-322
0.000267531    -0.000403703    0.00361799    -5.61397e-05    0    3.40905e-322
0.000265586    -0.000400768    0.00359167    -5.57326e-05    0    1.82804e-322
0.000259276    -0.000391249    0.00350631    -5.44118e-05    -0    2.61855e-322
0.000257019    -0.000387845    0.00347579    -5.39395e-05    1    2.61855e-322
0.000253186    -0.000382063    0.00342394    -5.31371e-05    -0    2.61855e-322
0.000250708    -0.000378324    0.00339041    -5.26182e-05    0    3.40905e-322
0.000245234    -0.000370066    0.00331636    -5.14721e-05    0    1.82804e-322
0.00024251    -0.000365957    0.00327952    -5.09018e-05    -0    2.61855e-322
0.00023949    -0.000361401    0.00323867    -5.02693e-05    1    2.61855e-322
0.000234018    -0.000353145    0.00316464    -4.91233e-05    -0    2.61855e-322
0.000231169    -0.000348847    0.0031261    -4.85266e-05    0    3.40905e-322
0.000226177    -0.000341316    0.00305858    -4.74811e-05    0    1.82804e-322
0.000221995    -0.000335006    0.00300201    -4.66051e-05    -0    2.61855e-322
0.000220655    -0.000332985    0.00298389    -4.63244e-05    1    2.61855e-322
0.000218345    -0.000329499    0.00295264    -4.58404e-05    -0    2.61855e-322
0.000213793    -0.000322632    0.00289107    -4.48868e-05    0    3.40905e-322
0.000209979    -0.000316878    0.00283948    -4.40876e-05    0    1.82804e-322
0.000205355    -0.0003099    0.00277692    -4.31186e-05    -0    2.61855e-322
0.000202999    -0.000306346    0.00274506    -4.26249e-05    1    2.61855e-322
0.000201027    -0.000303371    0.00271839    -4.22117e-05    -0    2.61855e-322
0.000199168    -0.000300566    0.00269324    -4.18221e-05    0    3.40905e-322
0.000195667    -0.000295284    0.00264589    -4.10884e-05    0    1.82804e-322
0.000194188    -0.000293053    0.00262589    -4.07785e-05    -0    2.61855e-322
0.000190537    -0.000287544    0.00257651    -4.00131e-05    1    2.61855e-322
0.000186545    -0.000281521    0.00252251    -3.91763e-05    -0    2.61855e-322
0.000182864    -0.000275967    0.00247272    -3.84047e-05    0    3.40905e-322
0.000181165    -0.000273403    0.00244975    -3.80485e-05    0    1.82804e-322
0.000178753    -0.000269765    0.00241713    -3.75429e-05    -0    2.61855e-322
0.000176673    -0.000266626    0.00238899    -3.71067e-05    1    2.61855e-322
0.000174191    -0.000262881    0.00235543    -3.65864e-05    -0    2.61855e-322
0.00017246    -0.000260269    0.00233201    -3.62233e-05    0    3.40905e-322
0.000170215    -0.000256881    0.00230165    -3.57526e-05    0    1.82804e-322
0.000167497    -0.000252781    0.00226489    -3.51827e-05    -0    2.61855e-322
0.000166083    -0.000250647    0.00224576    -3.48861e-05    1    2.61855e-322
0.000163358    -0.000246535    0.0022089    -3.43146e-05    -0    2.61855e-322
0.000162444    -0.000245157    0.00219655    -3.4123e-05    0    3.40905e-322
0.000160347    -0.000241991    0.00216818    -3.36831e-05    0    1.82804e-322
0.00015827    -0.000238857    0.00214009    -3.32474e-05    -0    2.61855e-322
0.000156458    -0.000236124    0.00211559    -3.28675e-05    1    2.61855e-322
0.000153322    -0.000231392    0.00207318    -3.22096e-05    -0    2.61855e-322
0.000151711    -0.000228961    0.00205139    -3.18717e-05    0    3.40905e-322
0.000148935    -0.000224771    0.00201384    -3.12893e-05    0    1.82804e-322
0.000146501    -0.000221099    0.00198093    -3.07788e-05    -0    2.61855e-322
0.000143031    -0.000215863    0.00193399    -3.00507e-05    1    2.61855e-322
0.000140307    -0.000211753    0.00189717    -2.94793e-05    -0    2.61855e-322
0.000137293    -0.000207204    0.00185639    -2.88467e-05    0    3.40905e-322
0.000134648    -0.000203213    0.00182063    -2.82918e-05    0    1.82804e-322
0.000133094    -0.000200868    0.00179961    -2.79657e-05    -0    2.61855e-322
0.000130665    -0.000197202    0.00176676    -2.74559e-05    1    2.61855e-322
0.000129959    -0.000196137    0.00175721    -2.73078e-05    -0    2.61855e-322
0.000127886    -0.00019301    0.00172919    -2.68728e-05    0    3.40905e-322
0.00012505    -0.00018873    0.00169083    -2.62775e-05    0    1.82804e-322
0.000122836    -0.000185389    0.00166089    -2.58129e-05    -0    2.61855e-322
0.000120604    -0.000182021    0.00163071    -2.53444e-05    1    2.61855e-322
0.000118714    -0.000179169    0.00160515    -2.49477e-05    0    3.40905e-322
0.000117126    -0.000176772    0.00158367    -2.46143e-05    0    3.40905e-322
0.000115362    -0.000174111    0.00155982    -2.42441e-05    1    2.61855e-322
0.000113091    -0.000170684    0.00152911    -2.37674e-05    -0    2.61855e-322
0.000110679    -0.000167043    0.00149648    -2.32609e-05    0    3.40905e-322
0.000108593    -0.000163896    0.00146828    -2.28231e-05    0    1.82804e-322
0.000107684    -0.000162524    0.00145599    -2.26322e-05    -0    2.61855e-322
0.000107043    -0.000161556    0.00144732    -2.24976e-05    1    2.61855e-322
0.000106308    -0.000160448    0.00143739    -2.23434e-05    -0    2.61855e-322
0.000104285    -0.000157395    0.00141003    -2.19186e-05    0    3.40905e-322
0.000103339    -0.000155966    0.00139723    -2.17199e-05    0    1.82804e-322
0.000101508    -0.000153203    0.00137247    -2.13354e-05    -0    2.61855e-322
9.95463e-05    -0.000150243    0.00134595    -2.09235e-05    1    2.61855e-322
9.78887e-05    -0.000147741    0.00132353    -2.05754e-05    -0    2.61855e-322
9.73684e-05    -0.000146956    0.0013165    -2.04662e-05    0    3.40905e-322
9.68416e-05    -0.000146161    0.00130937    -2.03555e-05    0    1.82804e-322
9.57304e-05    -0.000144484    0.00129435    -2.01222e-05    -0    2.61855e-322
9.47192e-05    -0.000142958    0.00128067    -1.99098e-05    1    2.61855e-322
9.29759e-05    -0.000140327    0.0012571    -1.95437e-05    1.15646e-319    1.82804e-322
9.08894e-05    -0.000137179    0.00122888    -1.91055e-05    1    2.61855e-322
9.00759e-05    -0.000135951    0.00121788    -1.89347e-05    -0    2.61855e-322
8.89839e-05    -0.000134303    0.00120312    -1.87053e-05    1    2.61855e-322
8.73256e-05    -0.0001318    0.00118069    -1.8357e-05    1.16436e-319    1.82804e-322
8.53278e-05    -0.000128785    0.00115368    -1.79374e-05    -0    2.61855e-322
8.37602e-05    -0.00012642    0.00113248    -1.76082e-05    1    2.61855e-322
8.27909e-05    -0.000124957    0.00111938    -1.74046e-05    1.17029e-319    2.61855e-322
8.08866e-05    -0.000122083    0.00109363    -1.70046e-05    1    2.61855e-322
8.01574e-05    -0.000120982    0.00108377    -1.68514e-05    0    2.61855e-322
7.94821e-05    -0.000119963    0.00107463    -1.67095e-05    1.17622e-319    2.61855e-322
7.82598e-05    -0.000118119    0.00105811    -1.64527e-05    0    3.40905e-322
7.65485e-05    -0.000115536    0.00103497    -1.60933e-05    1    2.61855e-322
7.51085e-05    -0.000113363    0.0010155    -1.57907e-05    1.18215e-319    1.82804e-322
7.33494e-05    -0.000110708    0.00099171    -1.54212e-05    1    2.61855e-322
7.26781e-05    -0.000109695    0.000982633    -1.52801e-05    1    2.61855e-322
7.17203e-05    -0.000108249    0.000969683    -1.50789e-05    1.18808e-319    1.82804e-322
7.03266e-05    -0.000106146    0.000950837    -1.47861e-05    1.18808e-319    1.82804e-322
6.87326e-05    -0.00010374    0.000929283    -1.44512e-05    1    2.61855e-322
6.76144e-05    -0.000102052    0.000914164    -1.42162e-05    1    2.61855e-322
6.62541e-05    -9.99995e-05    0.000895771    -1.39304e-05    -0    2.61855e-322
6.46663e-05    -9.76031e-05    0.000874301    -1.35968e-05    1    2.61855e-322
6.40239e-05    -9.66337e-05    0.000865616    -1.34618e-05    1.19994e-319    1.82804e-322
6.24969e-05    -9.4329e-05    0.000844969    -1.31409e-05    -1    2.61855e-322
6.14768e-05    -9.27895e-05    0.000831176    -1.29265e-05    -0    2.61855e-322
6.0004e-05    -9.05666e-05    0.000811262    -1.2617e-05    -0    2.61855e-322
5.90932e-05    -8.91921e-05    0.000798947    -1.24256e-05    -0    2.61855e-322
5.8126e-05    -8.77323e-05    0.000785869    -1.22224e-05    1.20982e-319    2.61855e-322
5.67255e-05    -8.56186e-05    0.000766933    -1.19281e-05    0    2.61855e-322
5.55153e-05    -8.37921e-05    0.00075057    -1.16737e-05    1.21377e-319    1.82804e-322
5.43173e-05    -8.1984e-05    0.000734372    -1.14219e-05    -0    2.61855e-322
5.33835e-05    -8.05746e-05    0.000721746    -1.12257e-05    2.37152e-322    7.36158e-322
5.23999e-05    -7.90901e-05    0.000708447    -1.10189e-05    1    2.61855e-322
5.10785e-05    -7.70958e-05    0.00069058    -1.07412e-05    -0    2.61855e-322
4.98518e-05    -7.52444e-05    0.000673995    -1.04834e-05    1    2.61855e-322
4.92646e-05    -7.4358e-05    0.000666054    -1.03599e-05    -0    2.61855e-322
4.81421e-05    -7.2664e-05    0.000650878    -1.0124e-05    -0    2.61855e-322
4.73186e-05    -7.14211e-05    0.000639744    -9.95092e-06    -0    2.61855e-322
4.64638e-05    -7.01309e-05    0.000628186    -9.77123e-06    -0    2.61855e-322
4.55116e-05    -6.86937e-05    0.000615311    -9.57107e-06    -0    2.61855e-322
4.45644e-05    -6.72642e-05    0.000602505    -9.37197e-06    -0    2.61855e-322
4.36199e-05    -6.58386e-05    0.000589734    -9.17342e-06    -1    2.61855e-322
4.31589e-05    -6.51428e-05    0.000583501    -9.07651e-06    0    2.61855e-322
4.24064e-05    -6.40071e-05    0.000573328    -8.91833e-06    0    3.40905e-322
4.17825e-05    -6.30654e-05    0.000564892    -8.78716e-06    1    2.61855e-322
4.14219e-05    -6.25211e-05    0.000560016    -8.71135e-06    -0    2.61855e-322
4.05437e-05    -6.11958e-05    0.000548143    -8.52675e-06    1.24737e-319    3.40905e-322
3.96273e-05    -5.98125e-05    0.000535752    -8.33409e-06    0    7.36158e-322
3.8726e-05    -5.84523e-05    0.000523567    -8.14462e-06    1.25132e-319    1.82804e-322
3.80069e-05    -5.73668e-05    0.000513843    -7.99342e-06    1    2.61855e-322
3.74924e-05    -5.65903e-05    0.000506888    -7.88526e-06    -0    2.61855e-322
3.68341e-05    -5.55967e-05    0.000497987    -7.74686e-06    -0    2.61855e-322
3.61992e-05    -5.46385e-05    0.000489403    -7.61337e-06    0    3.40905e-322
3.554e-05    -5.36435e-05    0.000480491    -7.47478e-06    0    1.82804e-322
3.4969e-05    -5.27816e-05    0.00047277    -7.35472e-06    -0    2.61855e-322
3.46799e-05    -5.23454e-05    0.000468862    -7.29395e-06    1    2.61855e-322
3.40947e-05    -5.14621e-05    0.00046095    -7.17091e-06    -0    2.61855e-322
3.38919e-05    -5.1156e-05    0.000458208    -7.12826e-06    0    3.40905e-322
3.32372e-05    -5.01679e-05    0.000449357    -6.99062e-06    0    1.82804e-322
3.27166e-05    -4.93821e-05    0.000442317    -6.88115e-06    -0    2.61855e-322
3.19991e-05    -4.82991e-05    0.000432617    -6.73029e-06    1    2.61855e-322
3.1499e-05    -4.75443e-05    0.000425855    -6.62513e-06    -0    2.61855e-322
3.12603e-05    -4.71841e-05    0.000422629    -6.57495e-06    0    3.40905e-322
3.07885e-05    -4.6472e-05    0.00041625    -6.47575e-06    0    1.82804e-322
3.03112e-05    -4.57516e-05    0.000409797    -6.37539e-06    -0    2.61855e-322
3.01211e-05    -4.54646e-05    0.000407226    -6.33542e-06    1    2.61855e-322
2.94713e-05    -4.44839e-05    0.000398441    -6.19878e-06    -0    2.61855e-322
2.90882e-05    -4.39056e-05    0.000393261    -6.11823e-06    0    3.40905e-322
2.85629e-05    -4.31127e-05    0.000386158    -6.00775e-06    0    1.82804e-322
2.81532e-05    -4.24944e-05    0.00038062    -5.92162e-06    -0    2.61855e-322
2.79225e-05    -4.21462e-05    0.000377501    -5.87311e-06    1    2.61855e-322
2.75444e-05    -4.15754e-05    0.000372389    -5.79359e-06    -0    2.61855e-322
2.72602e-05    -4.11466e-05    0.000368547    -5.73384e-06    0    3.40905e-322
2.68926e-05    -4.05916e-05    0.000363576    -5.65653e-06    0    1.82804e-322
2.67411e-05    -4.0363e-05    0.000361528    -5.62467e-06    -0    2.61855e-322
2.62151e-05    -3.95691e-05    0.000354417    -5.51407e-06    1    2.61855e-322
2.57758e-05    -3.8906e-05    0.000348477    -5.42168e-06    -0    2.61855e-322
2.52198e-05    -3.80668e-05    0.00034096    -5.30477e-06    0    3.40905e-322
2.47926e-05    -3.7422e-05    0.000335184    -5.21493e-06    0    1.82804e-322
2.44398e-05    -3.68895e-05    0.000330414    -5.14073e-06    -0    2.61855e-322
2.40773e-05    -3.63423e-05    0.000325513    -5.0645e-06    1    2.61855e-322
2.34705e-05    -3.54265e-05    0.00031731    -4.93691e-06    -0    2.61855e-322
2.33183e-05    -3.51967e-05    0.000315252    -4.90489e-06    0    3.40905e-322
2.31602e-05    -3.49581e-05    0.000313114    -4.87164e-06    0    1.82804e-322
2.27401e-05    -3.4324e-05    0.000307434    -4.78329e-06    -0    2.61855e-322
2.23475e-05    -3.37314e-05    0.000302127    -4.70073e-06    1    2.61855e-322
2.21288e-05    -3.34014e-05    0.00029917    -4.65474e-06    -0    2.61855e-322
2.19144e-05    -3.30778e-05    0.000296272    -4.60966e-06    0    3.40905e-322
2.15219e-05    -3.24853e-05    0.000290965    -4.5271e-06    0    1.82804e-322
2.10105e-05    -3.17134e-05    0.000284051    -4.41956e-06    -0    2.61855e-322
2.05882e-05    -3.1076e-05    0.000278341    -4.33074e-06    1    2.61855e-322
2.02873e-05    -3.06218e-05    0.000274273    -4.26746e-06    -0    2.61855e-322
2.00019e-05    -3.01911e-05    0.000270415    -4.20745e-06    0    3.40905e-322
1.95555e-05    -2.95173e-05    0.000264379    -4.11355e-06    0    1.82804e-322
1.90791e-05    -2.87983e-05    0.000257939    -4.01337e-06    -0    2.61855e-322
1.86159e-05    -2.80991e-05    0.000251676    -3.91594e-06    1    2.61855e-322
1.81827e-05    -2.74452e-05    0.00024582    -3.82484e-06    -0    2.61855e-322
1.78073e-05    -2.68786e-05    0.000240744    -3.74588e-06    0    3.40905e-322
1.75937e-05    -2.65561e-05    0.000237856    -3.70095e-06    0    1.82804e-322
1.73114e-05    -2.61301e-05    0.00023404    -3.64159e-06    -0    2.61855e-322
1.71437e-05    -2.5877e-05    0.000231773    -3.60632e-06    1    2.61855e-322
1.68886e-05    -2.54919e-05    0.000228323    -3.55265e-06    -0    2.61855e-322
1.64783e-05    -2.48727e-05    0.000222777    -3.46637e-06    0    3.40905e-322
1.62375e-05    -2.45091e-05    0.000219521    -3.41571e-06    0    1.82804e-322
1.58645e-05    -2.39461e-05    0.000214478    -3.33726e-06    -0    2.61855e-322
1.54737e-05    -2.33563e-05    0.000209195    -3.25507e-06    1    2.61855e-322
1.5334e-05    -2.31454e-05    0.000207306    -3.22569e-06    -0    2.61855e-322
1.51104e-05    -2.28079e-05    0.000204283    -3.17865e-06    0    3.40905e-322
1.47945e-05    -2.23311e-05    0.000200012    -3.11221e-06    0    1.82804e-322
1.44893e-05    -2.18705e-05    0.000195886    -3.04802e-06    -0    2.61855e-322
1.41503e-05    -2.13588e-05    0.000191304    -2.97673e-06    1    2.61855e-322
1.40023e-05    -2.11354e-05    0.000189302    -2.94559e-06    -0    2.61855e-322
1.37145e-05    -2.0701e-05    0.000185411    -2.88505e-06    0    3.40905e-322
1.3377e-05    -2.01916e-05    0.000180849    -2.81407e-06    0    1.82804e-322
1.32177e-05    -1.9951e-05    0.000178694    -2.78055e-06    -0    2.61855e-322
1.30412e-05    -1.96846e-05    0.000176308    -2.74342e-06    1    2.61855e-322
1.28257e-05    -1.93594e-05    0.000173395    -2.69811e-06    -0    2.61855e-322
1.26155e-05    -1.90422e-05    0.000170554    -2.6539e-06    0    3.40905e-322
1.23912e-05    -1.87036e-05    0.000167521    -2.60671e-06    0    1.82804e-322
1.22782e-05    -1.85331e-05    0.000165993    -2.58295e-06    -0    2.61855e-322
1.20957e-05    -1.82576e-05    0.000163526    -2.54455e-06    1    2.61855e-322
