0    0    0    0    2.37152e-322    1.82804e-322
0    0    0    0    0    3.40905e-322
0    0    0    0    -0    2.61855e-322
0    0    0    0    -0    2.61855e-322
0    0    0    0    -0    2.61855e-322
0    0    0    0    -0    2.61855e-322
0    0    0    0    -0    2.61855e-322
0    0    0    0    -0    2.61855e-322
0    0    0    0    -0    2.61855e-322
0    0    0    0    -0    2.61855e-322
0    0    0    0    -0    2.61855e-322
0    0    0    0    0    3.40905e-322
0    0    0    0    2.37152e-322    2.61855e-322
0    0    0    0    1    2.61855e-322
0    0    0    0    1    2.61855e-322
0    0    0    0    -0    2.61855e-322
0    0    0    0    0    3.40905e-322
0    0    0    0    0    1.82804e-322
0    0    0    0    -0    2.61855e-322
0    0    0    0    1    2.61855e-322
0    0    0    0    -0    2.61855e-322
0    0    0    0    0    3.40905e-322
0    0    0    0    0    1.82804e-322
0    0    0    0    -0    2.61855e-322
0    0    0    0    1    2.61855e-322
0    0    0    0    1.2658e-320    1.82804e-322
0    0    0    0    -0    2.61855e-322
0    0    0    0    1.44267e-320    3.40905e-322
0    0    0    0    1.46243e-320    1.82804e-322
0    0    0    0    -0    2.61855e-322
0    0    0    0    1.50196e-320    2.61855e-322
0    0    0    0    1    2.61855e-322
0    0    0    0    1    2.61855e-322
0    0    0    0    -0    2.61855e-322
0    0    0    0    0    3.40905e-322
0    0    0    0    0    1.82804e-322
0    0    0    0    -0    2.61855e-322
0    0    0    0    1    2.61855e-322
0    0    0    0    -0    2.61855e-322
0    0    0    0    0    3.40905e-322
0    0    0    0    2.37152e-322    3.40905e-322
0    0    0    0    0    3.40905e-322
0.0786158    -0.107335    1.13802    -0.00354558    1    2.61855e-322
0.0763229    -0.104548    1.10356    -0.00381426    -0    2.61855e-322
0.0740952    -0.10182    1.07009    -0.00405413    1    2.61855e-322
0.0719312    -0.0991509    1.03761    -0.00426712    1    2.61855e-322
0.0698352    -0.0965471    1.00618    -0.00445456    -0    2.61855e-322
0.0677997    -0.0940014    0.975692    -0.00461878    0    3.40905e-322
0.065825    -0.0915156    0.946144    -0.00476132    0    1.82804e-322
0.0639059    -0.0890846    0.91746    -0.00488398    -0    2.61855e-322
0.0620431    -0.0867108    0.889653    -0.00498807    1    2.61855e-322
0.0602356    -0.0843942    0.862707    -0.00507493    -0    2.61855e-322
0.0584795    -0.0821307    0.83656    -0.005146    0    3.40905e-322
0.0567754    -0.0799225    0.811222    -0.00520239    0    1.82804e-322
0.0551186    -0.0777645    0.786624    -0.00524532    -0    2.61855e-322
0.0535116    -0.0756609    0.7628    -0.00527576    1    2.61855e-322
0.0519517    -0.0736092    0.739708    -0.00529474    -0    2.61855e-322
0.0504342    -0.0716041    0.717277    -0.00530323    0    3.40905e-322
0.0489602    -0.0696476    0.695522    -0.00530204    0    1.82804e-322
0.0475299    -0.0677411    0.674445    -0.00529199    -0    2.61855e-322
0.0461418    -0.065883    0.654021    -0.00527387    1    2.61855e-322
0.0447922    -0.0640693    0.634195    -0.00524833    0    3.40905e-322
0.0434816    -0.0623013    0.614974    -0.00521608    0    3.40905e-322
0.0420986    -0.0604284    0.59472    -0.00517423    1    2.61855e-322
0.0408647    -0.0587511    0.576683    -0.00512982    -0    2.61855e-322
0.0396652    -0.0571148    0.559174    -0.00508041    0    3.40905e-322
0.0385028    -0.055524    0.542235    -0.00502664    0    1.82804e-322
0.0373735    -0.0539734    0.525803    -0.00496887    -0    2.61855e-322
0.0362761    -0.052462    0.509861    -0.0049075    1    2.61855e-322
0.0352095    -0.0509887    0.49439    -0.00484293    -0    2.61855e-322
0.0341738    -0.0495538    0.479391    -0.00477556    0    3.40905e-322
0.0331701    -0.0481593    0.464876    -0.0047059    0    1.82804e-322
0.0321919    -0.0467966    0.450751    -0.00463387    -0    2.61855e-322
0.0312433    -0.0454718    0.437075    -0.00456011    1    2.61855e-322
0.0303231    -0.0441834    0.423828    -0.0044849    -0    2.61855e-322
0.0294299    -0.0429296    0.410988    -0.00440842    0    3.40905e-322
0.0285626    -0.0417094    0.398538    -0.00433092    0    1.82804e-322
0.02772    -0.0405213    0.38646    -0.00425254    -0    2.61855e-322
0.0269009    -0.0393637    0.374736    -0.00417346    1    2.61855e-322
0.0261036    -0.0382346    0.363338    -0.00409373    -0    2.61855e-322
0.0253324    -0.0371402    0.35233    -0.00401404    0    3.40905e-322
0.0245836    -0.0360755    0.341655    -0.00393424    0    1.82804e-322
0.0238567    -0.0350398    0.331305    -0.00385449    -0    2.61855e-322
0.0231509    -0.0340324    0.321269    -0.00377491    1    2.61855e-322
0.0224653    -0.0330522    0.311533    -0.00369558    -0    2.61855e-322
0.0217996    -0.0320987    0.302092    -0.00361665    0    3.40905e-322
0.0211539    -0.0311723    0.292945    -0.00353828    0    1.82804e-322
0.0205267    -0.030271    0.284071    -0.00346048    -0    2.61855e-322
0.0199177    -0.0293945    0.275464    -0.00338333    1    2.61855e-322
0.0193265    -0.0285422    0.267118    -0.00330693    -0    2.61855e-322
0.0187507    -0.0277111    0.259    -0.00323111    0    3.40905e-322
0.0181934    -0.0269054    0.251151    -0.00315638    0    1.82804e-322
0.0176528    -0.0261228    0.243545    -0.00308263    -0    2.61855e-322
0.017128    -0.0253621    0.236169    -0.00300986    1    2.61855e-322
0.0165695    -0.0245513    0.228327    -0.00293116    -0    2.61855e-322
0.0160761    -0.0238344    0.221409    -0.00286053    0    3.40905e-322
0.0155974    -0.0231377    0.214701    -0.002791    0    1.82804e-322
0.0151293    -0.0224557    0.208149    -0.00272207    -0    2.61855e-322
0.0146782    -0.0217978    0.201841    -0.00265479    1    2.61855e-322
0.0142406    -0.0211589    0.195728    -0.0025887    -0    2.61855e-322
0.0138152    -0.0205372    0.18979    -0.00252368    0    3.40905e-322
0.0134028    -0.0199337    0.184038    -0.0024599    0    1.82804e-322
0.0130026    -0.0193476    0.178463    -0.00239734    -0    2.61855e-322
0.0126141    -0.0187781    0.173053    -0.00233596    1    2.61855e-322
0.0122371    -0.018225    0.16781    -0.0022758    -0    2.61855e-322
0.0118713    -0.0176876    0.162724    -0.00221683    0    3.40905e-322
0.0115151    -0.0171642    0.157778    -0.0021589    0    1.82804e-322
0.0111704    -0.0166571    0.152994    -0.00210232    -0    2.61855e-322
0.0108363    -0.0161651    0.148361    -0.00204699    1    2.61855e-322
0.0105109    -0.0156857    0.143852    -0.00199267    -0    2.61855e-322
0.0101958    -0.015221    0.139488    -0.00193964    0    3.40905e-322
0.00989044    -0.0147704    0.135262    -0.00188785    0    1.82804e-322
0.00959335    -0.0143316    0.131154    -0.00183709    -0    2.61855e-322
0.00930519    -0.0139058    0.127171    -0.0017875    1    2.61855e-322
0.00902633    -0.0134934    0.12332    -0.00173917    -0    2.61855e-322
0.00875536    -0.0130924    0.11958    -0.00169191    0    3.40905e-322
0.0084927    -0.0127035    0.115956    -0.0016458    0    1.82804e-322
0.00823785    -0.0123259    0.112443    -0.00160079    -0    2.61855e-322
0.00799044    -0.0119592    0.109034    -0.00155683    1    2.61855e-322
0.00775058    -0.0116034    0.105731    -0.00151397    -0    2.61855e-322
0.00751776    -0.0112578    0.102526    -0.00147213    0    3.40905e-322
0.00729146    -0.0109218    0.0994134    -0.00143125    0    1.82804e-322
0.00707218    -0.010596    0.0963983    -0.00139144    -0    2.61855e-322
0.00685945    -0.0102798    0.093475    -0.00135262    1    2.61855e-322
0.00665307    -0.00997286    0.0906402    -0.00131478    -0    2.61855e-322
0.00645307    -0.00967528    0.0878943    -0.00127794    0    3.40905e-322
0.00625904    -0.00938646    0.0852317    -0.00124204    0    1.82804e-322
0.00607073    -0.00910602    0.0826488    -0.00120705    -0    2.61855e-322
0.0058881    -0.00883392    0.0801447    -0.00117297    1    2.61855e-322
0.00571086    -0.00856974    0.0777156    -0.00113976    -0    2.61855e-322
0.00553893    -0.00831337    0.0753602    -0.00110743    0    3.40905e-322
0.0053722    -0.00806467    0.0730771    -0.00107596    0    1.82804e-322
0.00521046    -0.00782331    0.0708631    -0.00104531    -0    2.61855e-322
0.0050535    -0.00758899    0.0687153    -0.00101547    1    2.61855e-322
0.00490122    -0.00736159    0.0666324    -0.00098642    -0    2.61855e-322
0.00475359    -0.00714105    0.0646137    -0.000958165    0    3.40905e-322
0.00461028    -0.00692689    0.0626548    -0.00093065    0    1.82804e-322
0.00447134    -0.00671919    0.0607562    -0.000903891    -0    2.61855e-322
0.00433665    -0.00651779    0.0589164    -0.000877876    1    2.61855e-322
0.00420579    -0.00632205    0.0571295    -0.000852528    0    3.40905e-322
0.00407887    -0.00613217    0.055397    -0.000827876    0    3.40905e-322
0.00394386    -0.00593009    0.0535543    -0.000801578    1    2.61855e-322
0.00382491    -0.00575202    0.0519316    -0.000778347    -0    2.61855e-322
0.00370958    -0.00557931    0.0503586    -0.000755764    0    3.40905e-322
0.00359768    -0.0054117    0.0488328    -0.000733802    0    1.82804e-322
0.00348896    -0.00524879    0.0473507    -0.000712412    -0    2.61855e-322
0.00338364    -0.00509097    0.0459155    -0.000691646    1    2.61855e-322
0.00328151    -0.00493787    0.044524    -0.000671464    -0    2.61855e-322
0.00318246    -0.00478936    0.0431748    -0.00065185    0    3.40905e-322
0.00308633    -0.0046452    0.0418657    -0.000632776    0    1.82804e-322
0.00299323    -0.00450555    0.0405981    -0.000614265    -0    2.61855e-322
0.00290271    -0.00436974    0.039366    -0.000596233    1    2.61855e-322
0.00281509    -0.00423826    0.0381736    -0.000578747    -0    2.61855e-322
0.0027301    -0.0041107    0.0370172    -0.000561755    0    3.40905e-322
0.00264755    -0.00398677    0.0358943    -0.000545221    0    1.82804e-322
0.00256745    -0.00386651    0.0348049    -0.000529153    -0    2.61855e-322
0.00248991    -0.00375006    0.0337504    -0.000513571    1    2.61855e-322
0.00241464    -0.003637    0.0327271    -0.000498422    -0    2.61855e-322
0.00234165    -0.00352736    0.031735    -0.00048371    0    3.40905e-322
0.00227096    -0.00342114    0.0307742    -0.000469439    0    1.82804e-322
0.00220225    -0.00331789    0.0298406    -0.000455549    -0    2.61855e-322
0.0021357    -0.00321786    0.0289364    -0.000442077    1    2.61855e-322
0.00207118    -0.00312089    0.0280601    -0.000428999    -0    2.61855e-322
0.00200856    -0.00302674    0.0272096    -0.000416289    0    3.40905e-322
0.00194783    -0.00293543    0.0263849    -0.000403948    0    1.82804e-322
0.00188896    -0.00284689    0.0255855    -0.000391968    -0    2.61855e-322
0.00183176    -0.00276087    0.0248091    -0.000380317    1    2.61855e-322
0.0017764    -0.00267759    0.0240576    -0.000369026    -0    2.61855e-322
0.0017227    -0.0025968    0.0233287    -0.000358061    0    3.40905e-322
0.00167062    -0.00251845    0.022622    -0.000347417    0    1.82804e-322
0.00162014    -0.0024425    0.0219372    -0.000337089    -0    2.61855e-322
0.00157118    -0.0023688    0.0212728    -0.00032706    1    2.61855e-322
0.00152362    -0.00229723    0.0206277    -0.000317311    -0    2.61855e-322
0.00147756    -0.0022279    0.020003    -0.000307859    0    3.40905e-322
0.00143286    -0.0021606    0.0193967    -0.000298678    0    1.82804e-322
0.00138948    -0.0020953    0.0188085    -0.00028976    -0    2.61855e-322
0.00134746    -0.00203202    0.0182387    -0.000281114    1    2.61855e-322
0.00130671    -0.00197067    0.0176863    -0.000272724    -0    2.61855e-322
0.00126716    -0.00191111    0.0171501    -0.000264573    0    3.40905e-322
0.00122884    -0.00185339    0.0166306    -0.000256668    0    1.82804e-322
0.00119167    -0.00179741    0.0161269    -0.000248997    -0    2.61855e-322
0.00115561    -0.00174309    0.0156382    -0.000241548    1    2.61855e-322
0.00112065    -0.00169042    0.0151645    -0.000234322    -0    2.61855e-322
0.00108673    -0.00163932    0.0147048    -0.000227306    0    3.40905e-322
0.00105385    -0.00158978    0.0142593    -0.0002205    0    1.82804e-322
0.00102197    -0.00154174    0.0138274    -0.000213897    -0    2.61855e-322
0.000991016    -0.00149509    0.0134081    -0.000207482    1    2.61855e-322
0.000961008    -0.00144987    0.0130016    -0.000201259    -0    2.61855e-322
0.000931914    -0.00140602    0.0126075    -0.000195222    0    3.40905e-322
0.000903657    -0.00136343    0.0122248    -0.000189355    0    1.82804e-322
0.000876302    -0.0013222    0.0118543    -0.000183673    -0    2.61855e-322
0.000849795    -0.00128224    0.0114954    -0.000178163    1    2.61855e-322
0.00082406    -0.00124345    0.0111469    -0.000172812    -0    2.61855e-322
0.000799075    -0.00120578    0.0108086    -0.000167614    0    3.40905e-322
0.000774904    -0.00116934    0.0104813    -0.000162582    0    1.82804e-322
0.000751433    -0.00113395    0.0101635    -0.000157694    -0    2.61855e-322
0.000728691    -0.00109966    0.00985566    -0.000152956    1    2.61855e-322
0.00070662    -0.00106638    0.00955688    -0.000148355    -0    2.61855e-322
0.000685221    -0.00103411    0.00926722    -0.000143893    0    3.40905e-322
0.000664475    -0.00100282    0.0089864    -0.000139565    0    1.82804e-322
0.000644366    -0.000972498    0.00871423    -0.000135368    -0    2.61855e-322
0.000624848    -0.000943062    0.00845007    -0.000131293    1    2.61855e-322
0.000605907    -0.000914494    0.00819372    -0.000127337    -0    2.61855e-322
0.000587549    -0.000886804    0.00794528    -0.000123501    0    3.40905e-322
0.000569725    -0.00085992    0.00770409    -0.000119775    0    1.82804e-322
0.000552471    -0.000833892    0.0074706    -0.000116168    -0    2.61855e-322
0.000535733    -0.000808644    0.00724412    -0.000112667    1    2.61855e-322
0.000519495    -0.000784149    0.00702441    -0.000109269    -0    2.61855e-322
0.000503746    -0.00076039    0.00681132    -0.000105973    0    3.40905e-322
0.000488488    -0.00073737    0.00660488    -0.000102778    0    1.82804e-322
0.000473695    -0.000715052    0.00640475    -9.96806e-05    -0    2.61855e-322
0.000458047    -0.000691443    0.00619305    -9.64026e-05    1    2.61855e-322
0.000444174    -0.000670513    0.00600538    -9.34956e-05    -0    2.61855e-322
0.000430717    -0.000650208    0.00582334    -9.0675e-05    0    3.40905e-322
0.000417678    -0.000630534    0.00564695    -8.79412e-05    0    1.82804e-322
0.000405027    -0.000611443    0.00547582    -8.52881e-05    -0    2.61855e-322
0.000392737    -0.000592899    0.00530959    -8.27102e-05    1    2.61855e-322
0.000380841    -0.000574947    0.00514868    -8.02142e-05    -0    2.61855e-322
0.000369285    -0.000557509    0.00499238    -7.77891e-05    0    3.40905e-322
0.000358082    -0.000540603    0.00484086    -7.54376e-05    0    1.82804e-322
0.000347232    -0.000524227    0.00469411    -7.31594e-05    -0    2.61855e-322
0.000336709    -0.000508346    0.00455179    -7.09496e-05    1    2.61855e-322
0.0003265    -0.000492939    0.00441373    -6.88053e-05    -0    2.61855e-322
0.000316612    -0.000478016    0.00428001    -6.6728e-05    0    3.40905e-322
0.000307023    -0.000463544    0.00415033    -6.47133e-05    0    1.82804e-322
0.000297717    -0.000449499    0.00402449    -6.27575e-05    -0    2.61855e-322
0.000288693    -0.000435878    0.00390245    -6.08605e-05    1    2.61855e-322
0.000279942    -0.00042267    0.00378412    -5.90209e-05    -0    2.61855e-322
0.000271446    -0.000409847    0.00366924    -5.72344e-05    0    3.40905e-322
0.00026322    -0.00039743    0.00355801    -5.55044e-05    0    1.82804e-322
0.00025525    -0.000385399    0.00345024    -5.38279e-05    -0    2.61855e-322
0.00024751    -0.000373717    0.00334559    -5.21998e-05    1    2.61855e-322
0.000240012    -0.000362398    0.00324421    -5.06221e-05    -0    2.61855e-322
0.000232746    -0.00035143    0.00314597    -4.90931e-05    0    3.40905e-322
0.000225691    -0.000340779    0.00305057    -4.76082e-05    0    1.82804e-322
0.000218856    -0.000330461    0.00295816    -4.61695e-05    -0    2.61855e-322
0.000212226    -0.000320454    0.00286853    -4.47739e-05    1    2.61855e-322
0.000205784    -0.000310728    0.00278143    -4.34175e-05    -0    2.61855e-322
0.000199544    -0.000301308    0.00269707    -4.21035e-05    0    3.40905e-322
0.000193503    -0.000292188    0.00261539    -4.08312e-05    0    1.82804e-322
0.000187636    -0.00028333    0.00253607    -3.95954e-05    -0    2.61855e-322
0.000181948    -0.000274743    0.00245918    -3.83973e-05    1    2.61855e-322
0.000176437    -0.000266424    0.00238468    -3.72363e-05    -0    2.61855e-322
0.000171084    -0.000258342    0.00231231    -3.61085e-05    0    3.40905e-322
0.000165899    -0.000250515    0.00224223    -3.50161e-05    0    1.82804e-322
0.000160876    -0.00024293    0.00217432    -3.39574e-05    -0    2.61855e-322
0.000155999    -0.000235567    0.00210839    -3.29296e-05    1    2.61855e-322
0.00015127    -0.000228428    0.00204447    -3.19329e-05    -0    2.61855e-322
0.000146689    -0.000221511    0.00198254    -3.09672e-05    0    3.40905e-322
0.000142241    -0.000214796    0.00192241    -3.00295e-05    0    1.82804e-322
0.000137933    -0.000208291    0.00186418    -2.91212e-05    -0    2.61855e-322
0.000133754    -0.000201982    0.00180769    -2.82401e-05    1    2.61855e-322
0.000129701    -0.000195861    0.0017529    -2.73854e-05    -0    2.61855e-322
0.000125769    -0.000189925    0.00169975    -2.65562e-05    0    3.40905e-322
0.000121958    -0.000184171    0.00164825    -2.57526e-05    0    1.82804e-322
0.000118262    -0.000178591    0.00159829    -2.4973e-05    -0    2.61855e-322
0.000114678    -0.000173178    0.00154984    -2.4217e-05    1    2.61855e-322
0.000111202    -0.00016793    0.00150286    -2.34838e-05    -0    2.61855e-322
0.000107831    -0.00016284    0.00145729    -2.27726e-05    0    3.40905e-322
0.000104564    -0.000157907    0.00141313    -2.20834e-05    0    1.82804e-322
0.000101396    -0.000153123    0.00137032    -2.1415e-05    -0    2.61855e-322
9.83212e-05    -0.00014848    0.00132876    -2.07662e-05    1    2.61855e-322
9.53416e-05    -0.000143981    0.00128848    -2.01375e-05    -0    2.61855e-322
9.24523e-05    -0.000139618    0.00124943    -1.95277e-05    0    3.40905e-322
8.96489e-05    -0.000135385    0.00121154    -1.89361e-05    0    1.82804e-322
8.69333e-05    -0.000131284    0.00117484    -1.8363e-05    -0    2.61855e-322
8.42992e-05    -0.000127307    0.00113924    -1.78071e-05    1    2.61855e-322
8.17438e-05    -0.000123448    0.0011047    -1.72677e-05    -0    2.61855e-322
7.92681e-05    -0.00011971    0.00107124    -1.67451e-05    0    3.40905e-322
7.68672e-05    -0.000116084    0.00103879    -1.62384e-05    0    1.82804e-322
7.45361e-05    -0.000112564    0.00100728    -1.57463e-05    -0    2.61855e-322
7.2275e-05    -0.00010915    0.000976723    -1.52689e-05    1    2.61855e-322
7.00859e-05    -0.000105844    0.000947137    -1.48068e-05    -0    2.61855e-322
6.79603e-05    -0.000102634    0.00091841    -1.4358e-05    0    3.40905e-322
6.59009e-05    -9.95242e-05    0.000890577    -1.39232e-05    0    1.82804e-322
6.39034e-05    -9.65078e-05    0.000863581    -1.35014e-05    -0    2.61855e-322
6.19662e-05    -9.35823e-05    0.000837399    -1.30924e-05    1    2.61855e-322
6.00894e-05    -9.07482e-05    0.000812035    -1.26961e-05    -0    2.61855e-322
5.82683e-05    -8.79982e-05    0.000787424    -1.23115e-05    0    3.40905e-322
5.65026e-05    -8.53316e-05    0.00076356    -1.19387e-05    0    1.82804e-322
5.4791e-05    -8.27469e-05    0.000740428    -1.15772e-05    -0    2.61855e-322
5.31319e-05    -8.02415e-05    0.000718007    -1.12268e-05    7.15654e-320    2.61855e-322
5.15209e-05    -7.78085e-05    0.000696234    -1.08866e-05    0    2.61855e-322
4.99605e-05    -7.54522e-05    0.000675146    -1.0557e-05    0    1.82804e-322
4.84481e-05    -7.31683e-05    0.000654708    -1.02376e-05    -0    2.61855e-322
4.69807e-05    -7.09521e-05    0.000634876    -9.92765e-06    -0    2.61855e-322
4.55574e-05    -6.88029e-05    0.000615642    -9.62704e-06    -0    2.61855e-322
4.41785e-05    -6.67204e-05    0.000597006    -9.33578e-06    -0    2.61855e-322
4.28404e-05    -6.46997e-05    0.000578923    -9.05313e-06    -0    2.61855e-322
4.15417e-05    -6.27384e-05    0.000561373    -8.7788e-06    -0    2.61855e-322
4.0283e-05    -6.08375e-05    0.000544362    -8.5129e-06    -0    2.61855e-322
3.90622e-05    -5.89938e-05    0.000527864    -8.25501e-06    -0    2.61855e-322
3.78789e-05    -5.72068e-05    0.000511872    -8.00503e-06    -0    2.61855e-322
3.67312e-05    -5.54736e-05    0.000496363    -7.76258e-06    -0    2.61855e-322
3.56183e-05    -5.37929e-05    0.000481322    -7.52746e-06    -0    2.61855e-322
3.45395e-05    -5.21638e-05    0.000466744    -7.29956e-06    -0    2.61855e-322
3.34924e-05    -5.05823e-05    0.000452593    -7.07833e-06    -0    2.61855e-322
3.24778e-05    -4.90502e-05    0.000438883    -6.86398e-06    -0    2.61855e-322
3.1494e-05    -4.75643e-05    0.000425587    -6.65612e-06    -0    2.61855e-322
3.05405e-05    -4.61245e-05    0.000412703    -6.45467e-06    -0    2.61855e-322
2.96156e-05    -4.47275e-05    0.000400203    -6.25923e-06    -0    2.61855e-322
2.87184e-05    -4.33726e-05    0.000388079    -6.06968e-06    -0    2.61855e-322
2.7846e-05    -4.2055e-05    0.000376289    -5.88533e-06    -0    2.61855e-322
2.70023e-05    -4.07809e-05    0.000364888    -5.70707e-06    -0    2.61855e-322
2.61841e-05    -3.95452e-05    0.000353831    -5.53418e-06    -0    2.61855e-322
2.53905e-05    -3.83467e-05    0.000343106    -5.36649e-06    -0    2.61855e-322
