0    0    0    0    2.37152e-322    1.82804e-322
0    0    0    0    0    3.40905e-322
0    0    0    0    -0    2.61855e-322
0    0    0    0    -0    2.61855e-322
0    0    0    0    -0    2.61855e-322
0    0    0    0    -0    2.61855e-322
0    0    0    0    -0    2.61855e-322
0    0    0    0    -0    2.61855e-322
0    0    0    0    -0    2.61855e-322
0    0    0    0    -0    2.61855e-322
0    0    0    0    -0    2.61855e-322
0    0    0    0    0    3.40905e-322
0    0    0    0    2.37152e-322    2.61855e-322
0    0    0    0    1    2.61855e-322
0    0    0    0    1    2.61855e-322
0    0    0    0    -0    2.61855e-322
0    0    0    0    0    3.40905e-322
0    0    0    0    4.1469e-13    3.40905e-322
0    0    0    0    1.12746e-320    7.36158e-322
0    0    0    0    1    2.61855e-322
0    0    0    0    1    2.61855e-322
0.0786158    -0.107335    1.13802    -0.00354558    -0    2.61855e-322
0.0751884    -0.103166    1.0865    -0.00394333    0    2.61855e-322
0.0719112    -0.0991337    1.03729    -0.00427704    0    3.40905e-322
0.0687773    -0.0952367    0.990299    -0.0045534    1    2.61855e-322
0.0657804    -0.0914725    0.945434    -0.00477846    -0    2.61855e-322
0.0629153    -0.0878393    0.902616    -0.00495768    0    3.40905e-322
0.0601754    -0.084334    0.861748    -0.00509613    0    3.40905e-322
0.057379    -0.0807253    0.820121    -0.00520474    1    2.61855e-322
0.0548762    -0.0774684    0.782949    -0.00527291    -0    2.61855e-322
0.052483    -0.0743306    0.747482    -0.00531285    0    3.40905e-322
0.0501925    -0.0713061    0.713615    -0.00532796    0    1.82804e-322
0.0480006    -0.0683921    0.68128    -0.00532124    -0    2.61855e-322
0.0459035    -0.0655865    0.650417    -0.0052954    1    2.61855e-322
0.0438965    -0.0628852    0.62095    -0.0052529    -0    2.61855e-322
0.0419762    -0.0602857    0.592822    -0.00519596    0    3.40905e-322
0.0401374    -0.0577831    0.565953    -0.00512652    0    1.82804e-322
0.0383781    -0.0553764    0.540307    -0.00504643    -0    2.61855e-322
0.0366953    -0.0530631    0.515834    -0.00495733    1    2.61855e-322
0.035085    -0.0508393    0.49247    -0.00486063    -0    2.61855e-322
0.0335438    -0.0487016    0.470161    -0.00475762    0    3.40905e-322
0.0320693    -0.0466481    0.448868    -0.00464949    0    1.82804e-322
0.0306032    -0.0445979    0.427742    -0.00453278    -0    2.61855e-322
0.0292552    -0.0427057    0.408363    -0.00441724    1    2.61855e-322
0.0279649    -0.040888    0.389854    -0.00429932    -0    2.61855e-322
0.026731    -0.0391439    0.372191    -0.00417986    0    3.40905e-322
0.0255506    -0.0374702    0.35533    -0.00405947    0    1.82804e-322
0.0244198    -0.0358619    0.339211    -0.00393854    -0    2.61855e-322
0.0233397    -0.0343212    0.323843    -0.00381791    1    2.61855e-322
0.022306    -0.0328428    0.309166    -0.00369779    -0    2.61855e-322
0.0213177    -0.0314255    0.295159    -0.00357866    0    3.40905e-322
0.0203726    -0.0300667    0.281788    -0.00346083    0    1.82804e-322
0.0194686    -0.0287641    0.269023    -0.00334457    -0    2.61855e-322
0.0186037    -0.0275149    0.256829    -0.00323006    1    2.61855e-322
0.0177772    -0.0263188    0.245198    -0.00311766    -0    2.61855e-322
0.0169869    -0.0251727    0.234094    -0.00300746    0    3.40905e-322
0.016231    -0.0240743    0.223489    -0.00289956    0    1.82804e-322
0.0155085    -0.0230225    0.213368    -0.00279416    -0    2.61855e-322
0.0148176    -0.022015    0.203704    -0.0026913    1    2.61855e-322
0.0141571    -0.0210501    0.194478    -0.00259107    -0    2.61855e-322
0.0135256    -0.0201262    0.18567    -0.00249351    0    3.40905e-322
0.0129219    -0.0192416    0.17726    -0.00239865    0    1.82804e-322
0.0123449    -0.018395    0.169233    -0.00230656    -0    2.61855e-322
0.011759    -0.017534    0.161091    -0.00221161    1    2.61855e-322
0.0112332    -0.0167603    0.153794    -0.00212515    -0    2.61855e-322
0.0107305    -0.0160197    0.146825    -0.00204139    0    3.40905e-322
0.01025    -0.015311    0.140172    -0.00196034    0    1.82804e-322
0.00979092    -0.0146331    0.133822    -0.001882    -0    2.61855e-322
0.00935184    -0.0139841    0.127754    -0.00180622    1    2.61855e-322
0.00893281    -0.013364    0.121969    -0.00173315    -0    2.61855e-322
0.00853221    -0.0127706    0.116444    -0.00166261    0    3.40905e-322
0.0081493    -0.0122029    0.111167    -0.00159454    0    1.82804e-322
0.00778345    -0.01166    0.10613    -0.00152893    -0    2.61855e-322
0.00743406    -0.0111411    0.101324    -0.00146574    1    2.61855e-322
0.00710012    -0.0106448    0.0967333    -0.00140487    -0    2.61855e-322
0.00678106    -0.0101702    0.0923507    -0.00134628    0    3.40905e-322
0.00647636    -0.00971661    0.0881685    -0.00128992    0    1.82804e-322
0.00618509    -0.00928274    0.0841736    -0.00123568    -0    2.61855e-322
0.005907    -0.00886822    0.0803618    -0.00118356    1    2.61855e-322
0.0056412    -0.00847175    0.0767209    -0.00113344    -0    2.61855e-322
0.00538713    -0.00809256    0.0732428    -0.00108526    0    3.40905e-322
0.00514453    -0.00773029    0.0699237    -0.001039    0    1.82804e-322
0.00491289    -0.00738417    0.0667563    -0.000994595    -0    2.61855e-322
0.00469166    -0.00705345    0.0637329    -0.000951979    1    2.61855e-322
0.00448028    -0.0067373    0.0608457    -0.000911069    -0    2.61855e-322
0.00427839    -0.00643518    0.0580893    -0.000871818    0    3.40905e-322
0.00408556    -0.00614649    0.055458    -0.000834172    0    1.82804e-322
0.00390138    -0.00587065    0.0529459    -0.000798069    -0    2.61855e-322
0.0037255    -0.00560711    0.050548    -0.00076346    1    2.61855e-322
0.00355747    -0.00535524    0.048258    -0.000730273    -0    2.61855e-322
0.00339686    -0.00511441    0.0460703    -0.000698444    0    3.40905e-322
0.00324365    -0.00488457    0.0439838    -0.000667978    0    1.82804e-322
0.00309725    -0.0046649    0.0419911    -0.000638778    -0    2.61855e-322
0.00295743    -0.00445501    0.0400884    -0.000610803    1    2.61855e-322
0.00280768    -0.00423016    0.0380515    -0.000580756    -0    2.61855e-322
0.00268082    -0.0040396    0.0363264    -0.000555224    0    3.40905e-322
0.00255972    -0.00385766    0.0346802    -0.000530791    0    1.82804e-322
0.00244415    -0.00368397    0.0331097    -0.000507416    -0    2.61855e-322
0.00233374    -0.003518    0.0316097    -0.000485032    1    2.61855e-322
0.00222836    -0.00335954    0.0301782    -0.000463619    -0    2.61855e-322
0.0021277    -0.00320815    0.0288114    -0.000443123    0    3.40905e-322
0.00203154    -0.0030635    0.027506    -0.000423505    0    1.82804e-322
0.00193977    -0.00292541    0.0262605    -0.000404744    -0    2.61855e-322
0.00185213    -0.00279351    0.0250712    -0.000386795    1    2.61855e-322
0.00176845    -0.00266755    0.0239359    -0.000369629    -0    2.61855e-322
0.00168853    -0.00254723    0.0228519    -0.000353206    0    3.40905e-322
0.0016122    -0.00243229    0.0218168    -0.000337495    0    1.82804e-322
0.00153931    -0.00232252    0.0208286    -0.000322471    -0    2.61855e-322
0.00146971    -0.00221768    0.019885    -0.000308103    1    2.61855e-322
0.00140324    -0.00211754    0.0189841    -0.000294363    -0    2.61855e-322
0.00133977    -0.00202192    0.0181241    -0.000281227    0    3.40905e-322
0.00127916    -0.00193058    0.0173028    -0.000268666    0    1.82804e-322
0.00122131    -0.00184338    0.016519    -0.000256662    -0    2.61855e-322
0.00116609    -0.00176015    0.0157711    -0.000245192    1    2.61855e-322
0.00111334    -0.00168063    0.0150566    -0.000234223    -0    2.61855e-322
0.00106299    -0.00160471    0.0143748    -0.000223742    0    3.40905e-322
0.0010149    -0.0015322    0.0137236    -0.000213721    0    1.82804e-322
0.00096899    -0.00146296    0.0131021    -0.000204146    -0    2.61855e-322
0.000925142    -0.00139683    0.0125085    -0.000194992    1    2.61855e-322
0.000883281    -0.00133369    0.0119419    -0.000186246    -0    2.61855e-322
0.000843302    -0.00127338    0.0114008    -0.000177887    0    3.40905e-322
0.000805153    -0.00121583    0.0108845    -0.000169904    0    1.82804e-322
0.000768695    -0.00116082    0.0103912    -0.000162268    -0    2.61855e-322
0.00073391    -0.00110834    0.0099205    -0.000154979    1    2.61855e-322
0.000700691    -0.00105821    0.00947107    -0.000148012    -0    2.61855e-322
0.00066898    -0.00101035    0.00904208    -0.000141358    0    3.40905e-322
0.000638699    -0.000964654    0.00863247    -0.000135    0    1.82804e-322
0.000609804    -0.000921043    0.00824163    -0.000128929    -0    2.61855e-322
0.000582194    -0.000879368    0.00786819    -0.000123125    1    2.61855e-322
0.000555842    -0.00083959    0.0075118    -0.000117582    -0    2.61855e-322
0.000530678    -0.000801602    0.0071715    -0.000112287    0    3.40905e-322
0.000506644    -0.000765319    0.0068465    -0.000107227    0    1.82804e-322
0.00048369    -0.000730665    0.00653613    -0.000102392    -0    2.61855e-322
0.000461795    -0.000697607    0.00624007    -9.77781e-05    1    2.61855e-322
0.000440895    -0.00066605    0.0059575    -9.3372e-05    -0    2.61855e-322
0.000420931    -0.000635906    0.0056876    -8.91616e-05    0    3.40905e-322
0.000401877    -0.000607134    0.00543002    -8.51416e-05    0    1.82804e-322
0.000383678    -0.000579651    0.00518399    -8.13003e-05    -0    2.61855e-322
0.000366303    -0.000553412    0.00494912    -7.76319e-05    1    2.61855e-322
0.000349718    -0.000528365    0.00472494    -7.4129e-05    0    3.40905e-322
0.000333887    -0.000504457    0.00451097    -7.07844e-05    0    3.40905e-322
0.000317473    -0.000479667    0.00428913    -6.73156e-05    1    2.61855e-322
0.000303101    -0.00045796    0.00409488    -6.42773e-05    -0    2.61855e-322
0.000289374    -0.000437226    0.00390936    -6.13745e-05    0    3.40905e-322
0.000276267    -0.000417428    0.00373222    -5.8602e-05    0    1.82804e-322
0.000263758    -0.000398533    0.00356317    -5.59555e-05    -0    2.61855e-322
0.000251807    -0.00038048    0.00340167    -5.34264e-05    1    2.61855e-322
0.000240403    -0.000363253    0.00324757    -5.10125e-05    -0    2.61855e-322
0.000229514    -0.000346804    0.00310043    -4.87071e-05    0    3.40905e-322
0.00021912    -0.000331103    0.00295999    -4.65061e-05    0    1.82804e-322
0.000209199    -0.000316115    0.00282592    -4.44047e-05    -0    2.61855e-322
0.000199723    -0.0003018    0.0026979    -4.23974e-05    1    2.61855e-322
0.000190671    -0.000288124    0.00257559    -4.04794e-05    -0    2.61855e-322
0.000182037    -0.00027508    0.00245893    -3.86496e-05    0    3.40905e-322
0.000173794    -0.000262626    0.00234756    -3.69025e-05    0    1.82804e-322
0.00016592    -0.000250729    0.00224118    -3.52332e-05    -0    2.61855e-322
0.000158407    -0.000239379    0.00213968    -3.36404e-05    1    2.61855e-322
0.000151235    -0.000228542    0.00204278    -3.21195e-05    -0    2.61855e-322
0.000144386    -0.000218194    0.00195025    -3.0667e-05    0    3.40905e-322
0.000137848    -0.000208315    0.00186193    -2.92802e-05    0    1.82804e-322
0.000131603    -0.000198879    0.00177756    -2.79553e-05    -0    2.61855e-322
0.000125643    -0.000189873    0.00169704    -2.66909e-05    1    2.61855e-322
0.00011995    -0.000181272    0.00162014    -2.5483e-05    -0    2.61855e-322
0.000114518    -0.000173063    0.00154675    -2.43302e-05    0    3.40905e-322
0.000109327    -0.00016522    0.00147664    -2.32286e-05    0    1.82804e-322
0.000104376    -0.000157739    0.00140976    -2.21778e-05    -0    2.61855e-322
9.96489e-05    -0.000150595    0.0013459    -2.11743e-05    1    2.61855e-322
9.51327e-05    -0.000143771    0.0012849    -2.02155e-05    -0    2.61855e-322
9.08256e-05    -0.000137262    0.00122672    -1.93011e-05    0    3.40905e-322
8.67114e-05    -0.000131045    0.00117114    -1.84275e-05    0    1.82804e-322
8.27841e-05    -0.000125111    0.00111809    -1.75936e-05    -0    2.61855e-322
7.9036e-05    -0.000119447    0.00106747    -1.67976e-05    1    2.61855e-322
7.54552e-05    -0.000114035    0.0010191    -1.60372e-05    -0    2.61855e-322
7.20372e-05    -0.00010887    0.000972931    -1.53112e-05    0    3.40905e-322
6.87737e-05    -0.000103938    0.000928851    -1.46181e-05    0    1.82804e-322
6.56593e-05    -9.9232e-05    0.000886785    -1.39565e-05    -0    2.61855e-322
6.26845e-05    -9.47365e-05    0.000846605    -1.33246e-05    1    2.61855e-322
5.98461e-05    -9.0447e-05    0.000808267    -1.27216e-05    -0    2.61855e-322
5.71361e-05    -8.63515e-05    0.000771663    -1.21458e-05    0    3.40905e-322
5.45489e-05    -8.24417e-05    0.000736719    -1.15961e-05    0    1.82804e-322
5.20783e-05    -7.8708e-05    0.00070335    -1.10712e-05    -0    2.61855e-322
4.97197e-05    -7.51435e-05    0.000671493    -1.057e-05    1    2.61855e-322
4.74681e-05    -7.17408e-05    0.000641082    -1.00916e-05    -0    2.61855e-322
4.53173e-05    -6.84903e-05    0.000612032    -9.63453e-06    0    3.40905e-322
4.32629e-05    -6.53856e-05    0.000584285    -9.19795e-06    0    1.82804e-322
4.13037e-05    -6.24246e-05    0.000557824    -8.78158e-06    -0    2.61855e-322
3.94329e-05    -5.95974e-05    0.000532557    -8.38399e-06    1    2.61855e-322
3.76472e-05    -5.68986e-05    0.000508439    -8.00446e-06    -0    2.61855e-322
3.59422e-05    -5.43219e-05    0.000485412    -7.64208e-06    0    3.40905e-322
3.43144e-05    -5.18618e-05    0.000463427    -7.29609e-06    0    1.82804e-322
3.276e-05    -4.95125e-05    0.000442433    -6.96568e-06    -0    2.61855e-322
3.12761e-05    -4.72699e-05    0.000422391    -6.65026e-06    1    2.61855e-322
2.98584e-05    -4.51273e-05    0.000403244    -6.3489e-06    -0    2.61855e-322
2.85066e-05    -4.30844e-05    0.000384988    -6.06156e-06    0    3.40905e-322
2.72151e-05    -4.11325e-05    0.000367545    -5.78701e-06    0    1.82804e-322
2.59824e-05    -3.92694e-05    0.000350896    -5.52495e-06    -0    2.61855e-322
2.48052e-05    -3.74902e-05    0.000334997    -5.27468e-06    1    2.61855e-322
2.36811e-05    -3.57913e-05    0.000319816    -5.0357e-06    -0    2.61855e-322
2.26084e-05    -3.41701e-05    0.000305329    -4.80765e-06    0    3.40905e-322
2.1584e-05    -3.26219e-05    0.000291494    -4.58987e-06    0    1.82804e-322
2.06066e-05    -3.11447e-05    0.000278294    -4.38206e-06    1    2.61855e-322
1.96729e-05    -2.97335e-05    0.000265683    -4.18354e-06    5.43522e-320    2.61855e-322
1.87822e-05    -2.83873e-05    0.000253654    -3.99416e-06    1    2.61855e-322
1.79318e-05    -2.7102e-05    0.000242169    -3.81335e-06    -0    2.61855e-322
1.71199e-05    -2.5875e-05    0.000231205    -3.64073e-06    -0    2.61855e-322
1.63445e-05    -2.47031e-05    0.000220732    -3.47585e-06    -0    2.61855e-322
1.56045e-05    -2.35846e-05    0.000210738    -3.31851e-06    -0    2.61855e-322
1.48979e-05    -2.25168e-05    0.000201196    -3.16827e-06    -0    2.61855e-322
1.42234e-05    -2.14973e-05    0.000192087    -3.02485e-06    -0    2.61855e-322
1.35792e-05    -2.05236e-05    0.000183386    -2.88785e-06    0    3.40905e-322
1.2964e-05    -1.95939e-05    0.000175078    -2.75704e-06    2.37152e-322    2.61855e-322
1.23236e-05    -1.86261e-05    0.00016643    -2.62088e-06    1    2.61855e-322
1.17653e-05    -1.77823e-05    0.00015889    -2.50216e-06    1    2.61855e-322
1.12324e-05    -1.69767e-05    0.000151692    -2.38882e-06    -0    2.61855e-322
1.07234e-05    -1.62074e-05    0.000144818    -2.28058e-06    0    3.40905e-322
1.02379e-05    -1.54737e-05    0.000138262    -2.17735e-06    0    1.82804e-322
9.77422e-06    -1.47729e-05    0.000132    -2.07874e-06    -0    2.61855e-322
9.3314e-06    -1.41036e-05    0.000126019    -1.98457e-06    1    2.61855e-322
8.90865e-06    -1.34647e-05    0.00012031    -1.89467e-06    -0    2.61855e-322
8.50521e-06    -1.28549e-05    0.000114862    -1.80887e-06    0    3.40905e-322
8.11983e-06    -1.22724e-05    0.000109657    -1.72692e-06    0    1.82804e-322
7.75194e-06    -1.17164e-05    0.000104689    -1.64868e-06    -0    2.61855e-322
7.40075e-06    -1.11856e-05    9.99461e-05    -1.574e-06    1    2.61855e-322
7.06544e-06    -1.06788e-05    9.54176e-05    -1.50269e-06    -0    2.61855e-322
6.74542e-06    -1.01952e-05    9.10959e-05    -1.43463e-06    0    3.40905e-322
6.43989e-06    -9.73337e-06    8.69697e-05    -1.36965e-06    0    1.82804e-322
6.14797e-06    -9.29216e-06    8.30273e-05    -1.30757e-06    -0    2.61855e-322
5.86934e-06    -8.87103e-06    7.92644e-05    -1.24831e-06    1    2.61855e-322
5.60347e-06    -8.46919e-06    7.56738e-05    -1.19177e-06    -0    2.61855e-322
5.34955e-06    -8.08541e-06    7.22447e-05    -1.13777e-06    0    3.40905e-322
5.1072e-06    -7.71912e-06    6.89717e-05    -1.08623e-06    0    1.82804e-322
