60.4856
26.5867
42.8269
42.5095
47.0344
18.4878
27.9583
41.282
21.8208
32.7642
29.6675
39.9185
25.1702
32.9043
48.8181
47.3562
36.0344
44.2041
16.405
34.8652
11.2317
20.2834
16.1611
42.7544
16.9358
26.6941
21.0691
15.1772
53.218
19.3718
31.115
44.1514
35.1995
22.4211
36.061
31.5449
30.3076
49.512
22.3254
41.5015
39.6155
41.3865
26.6812
46.3328
21.9919
24.7378
42.9512
47.3542
13.4368
48.7485
31.6528
14.0837
18.4456
37.1965
46.312
24.562
13.1436
11.439
28.9463
13.2388
20.1528
55.5837
46.6985
44.6106
21.3438
32.2952
25.5845
41.1216
31.1553
37.3325
31.9248
12.1892
28.1506
47.9009
47.8367
39.4543
21.9731
40.1641
36.187
24.8003
38.2134
17.2771
28.3274
45.793
43.7454
23.7959
19.7603
46.3149
24.6265
38.1511
49.054
34.1609
43.3005
44.9443
28.5447
47.5823
26.6155
43.197
38.0142
47.042
29.9998
19.2441
48.6382
47.3904
16.5103
45.9409
36.2944
27.9434
35.3538
21.8718
42.103
22.9871
28.4641
19.6062
18.135
21.6643
32.8545
27.2808
17.4343
46.9656
14.8452
15.6357
30.4524
41.0808
49.998
48.0398
38.032
25.9219
40.6143
25.4958
22.3315
19.9717
33.9736
20.4597
16.7617
39.9243
15.6084
42.3665
17.1565
48.2671
13.6106
48.6641
12.6665
31.5063
17.7236
20.1907
42.5264
40.0024
36.8452
49.3835
36.2095
41.0188
14.3323
16.0615
31.4324
13.7051
13.4568
18.8096
29.0854
43.4089
33.5715
40.853
12.7017
16.9441
50.6008
18.7615
46.2029
15.6584
50.5864
12.7869
45.3979
13.4656
10.8074
47.687
34.3813
17.8528
17.1299
26.3333
47.196
43.4583
24.9714
32.6985
33.8677
28.7229
38.074
14.584
31.8086
40.9617
22.7517
50.4395
33.6816
45.7029
40.5088
35.7512
12.0088
40.5283
43.9089
47.6138
45.5286
43.9026
49.7537
40.3484
46.7332
49.9683
37.2981
30.5725
17.2346
43.8145
46.2898
21.228
36.5911
20.5913
35.762
19.7666
38.7009
23.395
23.7686
19.9734
13.6067
35.9568
19.5432
36.646
31.1018
49.5669
21.8284
32.4749
39.4631
15.2085
29.4417
34.3076
48.3813
28.6616
24.05
44.5371
27.9712
10.7832
24.3955
34.6584
43.9475
19.9304
37.6409
29.9265
29.8906
22.8269
39.0815
17.9541
35.5134
12.272
27.1846
38.4504
37.5474
36.1492
24.5029
18.0488
34.9778
35.7034
39.8188
23.7522
40.3188
18.6875
47.4478
38.0979
36.7893
20.9482
31.9473
14.1782
21.0056
45.7124
38.0862
14.4453
15.0942
25.0527
33.7068
34.3062
37.3301
22.1506
41.6228
22.1921
23.8589
18.1799
50.0574
10.8157
43.7664
23.8757
18.1506
28.1536
48.9573
47.3445
41.2119
38.5735
15.4421
38.0933
25.9802
41.5698
48.385
47.2559
45.0918
18.7817
42.3376
32.5088
22.5295
46.947
47.1665
45.6282
30.5225
33.6616
17.115
21.5496
45.2231
30.2859
29.1306
44.5632
30.4609
22.2441
24.7002
38.0112
39.696
16.2935
34.908
30.2644
44.1267
39.593
17.7297
19.491
30.5237
15.46
16.187
25.116
23.5774
47.8623
46.9744
35.5005
44.1091
43.3577
30.5728
24.0105
26.3975
37.0574
35.0425
21.0342
16.6396
13.4937
14.9651
36.5488
25.1704
22.1753
23.9065
14.2253
27.6746
48.042
33.9214
21.2571
36.9673
41.0537
30.156
17.5471
45.9539
35.6899
31.4016
18.9138
32.9314
27.6191
43.77
26.356
20.3662
23.6858
39.8181
36.1565
50.0701
24.1208
46.5244
16.0457
27.0273
10.8269
41.9187
41.5708
22.4675
15.2122
45.1941
39.4314
12.5894
28.6113
50.0767
38.9836
19.0762
29.5762
45.2878
14.4094
14.6279
25.8867
22.7495
36.8438
42.9365
15.8645
12.6584
12.7429
28.9949
42.0017
38.3267
28.2891
15.3713
34.1907
33.7617
31.8616
34.4209
25.0886
22.7812
46.1699
29.6665
17.4097
34.9766
31.6455
35.3608
34.4763
19.9248
43.752
13.468
14.5471
47.533
17.4106
29.8359
19.585
43.6807
22.2178
24.9158
45.7129
24.3569
43.2
36.9895
12.0742
20.9465
41.7053
35.6892
44.0596
22.9495
19.4321
18.5032
35.1621
15.1162
37.616
41.9138
39.4734
18.5862
26.6292
23.282
28.0974
19.885
26.04
31.9399
16.8899
32.8254
11.1848
25.8315
25.9116
22.8953
40.0996
21.0156
36.6101
32.6851
47.3865
38.0864
42.9839
38.5305
23.0884
36.5093
10.8057
31.9006
44.3645
35.415
36.3445
31.3462
26.7666
30.1155
39.3752
42.6755
37.6873
16.7437
11.9148
13.7236
38.0667
18.1543
35.4419
38.6531
33.3088
10.6311
10.8223
22.9517
21.1289
36.8145
44.887
17.9036
24.249
37.2771
45.7598
36.7461
23.1482
46.0068
18.033
16.8511
30.7595
43.7375
37.6277
46.8467
18.3052
26.3596
38.8699
45.3367
32.5393
40.2397
47.9363
19.8682
47.7063
32.6462
47.9194
30.3582
32.739
48.1919
42.6711
43.1626
34.3872
36.8523
50.439
48.0339
23.5623
45.5693
34.2136
36.134
40.99
41.6248
42.3931
21.1389
34.8699
29.4292
17.2627
42.4016
45.2107
45.488
37.1443
27.0737
35.1174
34.4761
36.4216
32.137
16.531
33.7524
11.8987
38.6321
31.3315
43.8623
31.2617
15.1519
30.1865
31.0059
12.5444
43.1487
25.9985
36.1245
28.6831
16.3904
27.0854
20.634
26.9744
11.2686
39.3391
33.5186
43.1394
33.8823
28.4629
29.667
50.4004
12.9746
13.5625
36.2791
34.5278
19.5706
19.3767
35.8271
47.5244
40.2
29.2336
28.1296
44.6423
48.7192
48.5618
46.5403
41.2947
23.9946
32.0837
19.3767
29.7681
48.5798
29.2354
45.9475
49.2627
18.0559
29.1665
41.8137
41.2559
46.79
20.9214
41.113
49.2124
23.8281
26.7107
33.0388
32.7771
35.5635
18.2354
29.7322
25.0435
36.7896
