59.7627
32.4492
44.0276
44.5051
47.9343
26.4753
30.6194
43.5999
28.8918
37.1873
34.876
43.7717
31.5664
36.0002
49.1799
48.0771
39.6816
47.4116
24.8435
38.7961
21.1235
27.8586
24.748
44.7002
25.2937
32.6292
29.8757
23.8447
50.5413
27.136
35.998
45.7637
38.9661
29.4854
39.7437
36.3196
35.4158
49.783
29.446
43.7476
42.0334
43.7231
32.5874
47.3518
29.1301
31.1504
44.8333
48.1829
22.6968
49.1946
36.3672
23.2529
26.3401
40.4614
47.3066
31.0566
22.532
21.2183
34.3042
22.4663
27.8879
55.7075
47.6655
46.114
28.5884
36.7654
31.822
43.3875
35.9817
40.6079
36.5732
21.7456
33.709
48.5593
48.4954
42.219
29.1147
42.7268
39.7693
31.2549
41.2085
25.5486
33.8174
46.9958
45.4827
30.4937
27.4905
47.4597
31.1057
41.2524
49.324
38.2622
44.533
46.3875
33.856
48.4749
32.5386
45.0576
41.094
47.9333
35.1016
27.0481
49.092
48.2026
25.0186
47.0537
39.8376
33.5647
39.1831
29.0588
44.2156
29.8542
34.0303
27.3477
26.2292
28.8948
37.4006
33.1172
25.6953
47.8
23.7332
24.4092
35.4417
43.4268
50.1621
48.6931
41.1177
32.1252
43.075
31.7146
29.416
28.5293
38.1208
27.9299
25.1868
42.5544
24.3516
44.3977
25.5281
48.1218
22.8757
49.1802
22.1497
36.2317
25.8936
27.7988
44.5571
42.5554
40.3005
49.5898
39.8433
43.4221
23.3687
24.665
36.1816
23.032
22.7019
26.7759
34.4263
45.1721
37.7725
43.2695
22.2249
25.3015
50.5854
26.7241
47.3867
24.3438
50.499
22.2339
46.7239
22.7434
20.7412
48.2979
38.4226
26.1042
25.5334
32.313
47.9866
45.1655
31.3486
37.1467
37.9729
34.1521
41.2178
23.6143
36.5049
43.2949
29.7676
50.3872
37.9187
46.9324
43.1084
39.4424
21.6877
43.0405
45.5879
48.3577
46.8577
45.4993
49.9626
42.9023
47.6987
50.1294
40.6257
35.4902
25.4822
45.5459
47.2617
28.9141
40.0928
28.0205
39.4871
27.4443
41.6777
30.1052
30.4729
27.5496
22.845
39.5881
27.3203
40.1499
35.9004
49.8079
29.0007
37.0051
42.1707
24.0193
34.7571
38.3577
48.9448
34.1416
30.7085
46.0471
33.6201
20.6653
30.9397
38.5193
45.5964
27.6636
40.8894
35.0664
35.0745
29.7754
41.97
26.0718
39.2666
21.7197
32.7864
41.2217
40.553
39.4666
30.7554
25.8838
38.6282
39.1807
42.2629
30.2175
42.5715
26.4114
47.9648
40.8818
39.9534
28.0862
36.3792
23.0376
28.1912
46.6724
40.9353
23.1738
23.6819
31.2178
37.6992
38.2031
40.375
29.0061
43.6152
29.0002
30.2329
26.0312
49.873
20.4551
45.1956
30.3396
26.0273
33.4656
49.1296
47.9482
43.3184
41.3389
24.0095
40.9412
31.8884
43.6028
48.6897
47.8682
46.2285
26.4873
44.2061
36.8135
29.3074
47.5227
47.6636
46.595
35.3149
37.6511
25.2571
28.606
46.304
35.1018
34.2495
45.8074
35.218
29.0669
28.6936
40.8972
42.186
24.5134
38.4253
35.1138
45.481
42.0657
25.6887
26.9924
35.2874
23.9785
24.4849
31.1543
30.0779
48.3091
47.5898
39.0259
45.4749
44.8828
35.2163
30.3904
32.1829
40.1174
38.616
28.1108
24.8867
22.5093
23.5947
39.7534
31.2483
28.991
30.2805
23.0703
33.157
48.3755
37.8538
28.3081
40.1077
43.1914
34.9629
25.0642
46.8428
39.1064
35.884
26.5708
37.0652
33.1218
45.2537
32.1858
27.6807
30.1265
42.2346
39.5024
49.877
30.4822
47.2898
24.4312
32.6619
20.5518
43.9163
43.5964
29.1614
23.7849
46.3027
41.9626
21.8118
33.8025
49.926
41.5745
26.6667
34.542
46.2827
23.1382
23.2959
31.8171
