120.406
90.5742
90.5725
90.5916
90.5649
90.6338
90.5854
90.55
90.5559
90.5842
90.5498
96.1423
90.6594
90.6624
90.5862
90.644
90.6387
96.7034
90.582
90.6372
90.551
90.5813
90.6038
90.6099
90.5796
90.5532
96.6125
90.6494
90.5989
90.6157
90.6243
90.6035
90.6096
90.5972
90.647
90.6311
90.5896
90.5857
90.5999
90.5803
94.1304
90.6074
90.6533
90.6125
90.603
90.7302
90.6072
90.6421
90.614
90.6023
90.6016
90.6506
90.5769
90.5762
90.6047
90.5728
90.582
90.5818
90.5847
90.5911
90.5664
96.2212
90.5964
90.6284
90.6318
90.6016
90.6816
90.564
90.6003
90.6299
90.624
90.5781
90.6062
90.6123
90.573
90.6208
90.5686
90.6147
90.6687
90.6323
90.5969
90.5791
90.6047
90.6023
90.5955
90.5933
90.5801
90.6067
90.6704
90.5757
90.613
90.6238
101.622
90.6731
90.6309
90.5737
90.6094
90.5676
90.5864
90.6135
90.5681
90.5767
90.5603
90.5767
90.5957
90.5942
90.6028
90.6145
90.6033
90.6279
90.5964
90.5562
90.5986
90.5701
90.5996
90.583
90.6089
90.5991
90.6189
90.5671
90.6511
90.5894
90.6067
90.5898
90.6011
90.5505
90.6223
90.5911
90.6055
90.6362
90.6658
90.5894
90.5669
90.6084
90.5784
90.6177
90.6123
90.5957
90.5728
98.3572
90.5764
90.6111
90.6243
90.5867
90.6492
90.6067
90.6167
90.5945
90.5825
90.6094
90.6677
90.5898
90.5823
90.6353
90.5762
90.573
90.5889
90.5776
90.6294
90.5886
90.627
90.5972
90.6626
90.5818
90.5947
90.6541
90.5603
90.605
90.5945
90.5605
90.6194
90.6064
90.6138
90.5769
90.6201
90.5693
90.5737
90.5676
90.5894
90.5859
90.5762
90.6287
90.6714
90.5776
90.5903
90.575
90.5796
90.5842
90.6045
90.5957
90.6602
90.5471
90.614
90.5959
90.6196
90.6367
90.5979
90.6187
90.571
90.6279
90.5549
90.5559
90.5493
90.5918
90.5522
90.5588
90.5535
90.5913
90.6064
98.7922
90.6072
90.6033
90.6289
90.5474
90.5852
90.6116
90.6074
90.5745
90.6245
90.6147
90.6074
90.6177
90.5864
90.5901
90.6609
90.6438
90.5967
90.6304
90.6072
90.6226
90.571
