51.4561
28.4893
36.3115
36.5559
38.8035
24.5447
27.3025
35.9033
26.1111
31.645
30.1382
38.4985
27.8899
30.9824
39.7053
38.9272
33.2966
40.4658
23.4084
32.7234
20.9011
25.4443
23.3394
36.6567
23.8726
28.6421
29.2551
22.7722
40.5955
25.073
30.8159
37.4351
32.8267
26.5305
33.3162
31.0557
30.4958
40.0723
26.4229
36.1504
39.5757
36.0281
28.5867
38.4651
26.2627
27.636
36.7708
38.9854
22.0278
39.6177
31.0977
22.395
24.5286
33.8396
38.4775
27.6453
21.9426
21.0017
29.9033
21.8169
25.4714
49.1985
38.6743
37.6919
25.9717
31.3896
28.1572
35.8298
30.8926
33.9321
31.2329
21.4204
29.3538
39.24
39.2307
35.1113
26.2856
35.4512
33.4407
27.7976
34.3293
23.9536
29.3816
38.2209
37.2092
27.2314
25.2588
38.4878
27.6343
34.3726
39.7305
32.4004
39.8362
37.8035
29.3972
39.0574
28.6553
36.9866
34.2856
38.8235
30.3972
24.9814
39.6365
39.1499
23.5969
38.2168
33.489
29.2427
32.9785
26.281
36.3877
26.8167
29.5786
25.1772
24.3987
26.1812
31.7659
28.9883
24.0327
38.7319
22.6348
23.0918
30.6326
35.801
40.2903
39.3428
35.2708
28.2773
35.5901
28.0481
26.4858
28.0232
32.252
25.4736
23.6577
35.2554
23.1589
36.4517
23.8645
41.4482
22.0781
39.585
21.6631
31.0007
24.2007
25.3994
36.5459
35.3528
33.7393
39.9944
33.3752
35.7952
22.4453
23.2844
31.0974
22.1541
22.1365
24.6899
29.9402
37.0508
32.1018
35.7913
21.6274
23.7576
40.6936
24.6982
38.4023
23.1345
40.6086
21.7129
38.0698
22.0327
20.6436
39.147
32.5503
24.2725
23.8826
28.4661
38.8347
36.9766
27.8484
31.6694
32.1724
29.6624
34.3608
22.6709
31.2605
35.8022
26.6816
40.4832
32.158
38.1602
35.5686
33.2004
21.3152
35.6282
37.2795
39.1243
38.103
37.2583
40.2173
35.4705
38.749
40.2729
33.9749
30.605
23.9351
37.2397
38.3933
26.915
33.658
25.5789
33.2012
25.2087
34.582
26.9478
27.1765
25.2034
22.2092
33.2917
25.0659
33.6697
30.8354
40.0205
26.3738
31.5125
35.0266
22.9365
30.0745
32.4326
39.4971
29.6155
27.3447
37.5859
29.3511
20.6848
27.5493
32.6443
37.2551
25.3591
34.0891
30.2991
30.2976
26.6814
34.8547
24.324
33.0813
21.4387
28.8772
34.5037
34.095
33.3931
27.5696
24.3777
32.8303
33.1384
35.1914
27.2151
35.4026
24.6255
39.0847
34.3042
33.6443
25.782
31.2488
22.3269
25.8438
38.1206
34.3157
22.6611
22.8467
27.8667
32.1248
32.4609
33.9365
26.4294
36.1179
26.3425
27.1968
24.3877
40.2766
20.6506
37.1545
27.2549
24.3469
29.3403
39.76
39.1333
35.9202
34.6252
23.1045
34.3091
28.283
36.0942
39.4866
38.9854
37.8889
24.7051
36.5017
31.5544
26.5334
38.6697
38.8459
38.1548
30.5508
32.1301
23.8594
26.094
37.9102
30.5522
29.8706
37.6729
30.5259
26.4456
29.8733
34.3259
35.116
23.3604
32.6443
30.4827
37.3945
35.1523
24.1934
25.0195
30.615
23.0422
23.3711
27.865
27.2224
39.2686
38.7812
33.0876
37.3098
36.9678
30.5259
27.2788
28.5452
33.7905
32.749
25.8379
23.6587
22.0435
22.7654
33.6589
27.9192
26.3459
27.2844
22.4185
29.1907
39.4207
32.2637
25.929
33.7651
35.8291
30.3472
23.7451
38.2729
33.1499
31.02
24.7925
31.759
29.2292
37.24
28.4797
25.5925
27.1643
35.2273
33.4338
40.2615
27.4648
38.5295
23.3254
28.7969
20.7571
36.3203
36.1116
26.5586
22.8535
37.9692
35.0371
21.5667
29.6123
40.3279
34.844
24.7769
30.0957
38.0029
22.4941
22.7256
28.2458
26.6421
33.7954
36.804
23.21
21.6624
21.656
29.7695
36.1978
34.4319
29.5178
23.019
32.4309
32.2195
31.1812
32.5212
27.8882
26.6711
38.3704
30.1855
24.1118
32.832
31.1797
32.9954
32.5356
25.3835
37.2009
22.0002
22.5696
39.0408
23.9929
30.2559
25.0918
37.2075
26.4534
27.7378
38.2581
27.4949
36.8931
33.79
21.373
25.7361
36.2249
33.1147
37.3298
26.7354
25.0171
24.553
33.1138
22.8162
34.1418
36.2737
34.9675
24.6326
28.7922
26.9583
29.2825
25.21
28.4363
31.3286
23.6885
31.7148
20.8831
28.2034
28.3655
26.7039
35.416
25.78
33.6118
31.7253
38.9685
34.3696
36.7668
34.5591
26.8743
33.4941
20.7812
31.2729
37.4478
32.9548
33.4573
31.0078
28.6416
34.6667
34.9546
36.6396
34.1902
23.6658
21.2405
21.8286
34.3247
24.3755
32.9868
34.6328
32.0059
20.5964
20.8398
26.6848
25.8472
33.7476
37.7957
24.2246
27.4602
33.9751
38.1497
33.6482
26.9543
38.28
24.3748
23.8157
30.6562
37.1362
34.1714
38.7251
24.5142
28.5376
34.7803
37.9775
31.6057
35.4719
39.2576
25.2395
39.1899
31.6667
39.3076
30.4731
31.6252
39.4182
36.5952
36.8691
32.4663
33.7954
40.6001
39.3726
27.1448
38.0964
32.4011
33.3262
35.7878
36.0979
36.5471
25.9419
32.6665
30.0603
23.9937
36.5105
38.071
38.1274
33.9302
28.8484
32.8484
32.5251
33.4707
31.4138
23.5588
32.1943
21.2266
34.6411
31.0232
37.2812
30.9072
22.856
30.4331
30.8914
21.6177
36.8733
28.2512
33.3521
29.6016
23.4639
28.906
25.5352
28.8618
20.9529
34.926
32.0837
36.9167
32.2466
29.5125
30.1963
40.5391
21.7537
22.0964
33.4192
32.5134
25.01
24.9763
33.2949
39.0569
35.3977
29.8455
29.4236
37.6062
39.7158
39.6042
38.5693
35.9211
27.2585
31.2844
25.064
30.1589
39.5535
