62.4661
27.4514
39.0793
39.6243
42.959
21.5139
25.6184
38.6055
23.9548
32.1792
29.8926
38.8091
26.5776
30.9707
44.1404
43.1294
34.6521
42.4048
19.8418
33.7778
16.0701
22.9102
19.6758
39.7249
20.3596
27.6646
25.6975
18.8506
45.5715
22.1628
30.9578
40.8152
34.0085
24.5181
34.7175
31.5139
30.4231
44.7874
24.3904
38.9019
38.5674
38.6714
27.6326
42.3716
24.2307
26.3113
39.8425
43.2183
20.6582
44.1184
31.4778
18.219
21.3606
35.5251
42.3169
26.0051
17.6555
16.2737
29.3906
17.5232
22.7688
49.8604
42.6731
41.1511
23.6438
31.7456
26.9011
38.5139
31.0601
35.6204
31.5137
16.7756
28.7163
43.5291
43.5151
37.3298
24.1094
37.7136
34.8049
26.1782
36.2429
20.666
28.781
41.9814
40.4656
25.5271
22.4487
42.4189
26.0935
36.1592
44.2896
33.2249
41.1726
41.447
28.7588
43.3853
27.6306
40.0669
36.1282
42.9541
30.1292
22.106
44.1194
43.2334
23.5588
42.0793
34.8875
28.542
34.2341
24.02
39.2153
24.8108
29.1372
22.4392
21.2603
23.9001
32.292
28.1506
20.7322
42.8555
18.6707
19.4192
30.5518
38.3645
45.1079
43.6311
36.1667
27.2175
38.0898
26.6409
24.5344
22.5703
33.1892
22.9609
20.1995
37.5564
19.4487
39.4475
20.5159
44.1086
17.8286
44.1194
17.197
31.2319
21.0054
22.8738
39.5059
37.6216
35.2817
44.6104
34.7725
38.3975
18.3665
19.6582
31.2812
17.9714
17.6619
21.7646
29.4775
40.2205
32.7925
38.3125
17.189
20.4016
45.7312
21.7405
42.272
19.3716
45.5144
17.2612
41.8518
17.7617
15.7366
43.2966
33.4065
21.0261
20.5415
27.3652
42.9917
40.1917
26.3503
32.2263
33.002
29.1909
36.2551
18.615
31.5278
38.395
24.7456
45.3745
32.9084
41.917
38.1577
34.4915
16.6633
38.2253
40.575
43.3396
41.8157
40.5403
44.9587
37.9255
42.7148
45.0806
35.5728
30.6101
20.4937
40.5256
42.3064
22.2478
35.0842
23.0645
34.5044
22.5464
36.7188
25.1328
25.5208
22.5413
17.8459
34.5623
22.3975
35.1262
30.9663
44.7275
24.1091
32.021
37.1448
19.0391
29.7371
33.3843
43.9468
29.1396
25.7224
41.0342
28.7334
15.6748
25.9563
33.6511
40.5891
22.6318
35.918
30.1106
30.1296
24.793
36.9456
21.1091
34.2922
16.9587
28.0247
36.5664
35.9187
34.7607
25.9888
21.2087
33.8816
34.4419
37.522
25.4663
37.8257
21.8276
43.2947
36.1985
35.2341
23.333
31.5518
18.2544
23.4922
41.9299
36.1843
18.4092
19.0083
26.4229
32.9146
33.5015
35.624
24.322
38.834
24.2856
25.4866
21.2847
45.1472
15.7092
40.5891
25.6147
21.3611
28.7817
44.3577
43.1453
38.5369
36.5457
19.2024
36.1633
27.179
38.8223
43.8616
43.0798
41.4778
21.72
39.4688
32.084
24.5957
42.8738
42.9114
41.8477
30.5723
32.8889
20.4688
23.813
41.5698
30.3386
29.522
41.0701
30.47
24.345
26.7864
36.1221
37.4976
19.8289
33.7222
30.3889
40.7478
37.3704
21.0798
22.2737
30.5669
19.2842
19.77
26.4099
25.3232
43.5664
42.8865
34.3162
40.7153
40.1702
30.4573
25.678
27.4485
35.3674
33.9602
23.4402
20.2063
17.7744
18.8586
35.019
26.644
24.2417
25.5679
18.323
28.4077
43.6858
33.1038
23.5364
35.4556
38.4885
30.2185
20.4199
42.0513
34.3777
31.1089
21.8359
32.2842
28.4041
40.6011
27.4377
22.9517
25.4424
37.49
34.8169
45.2664
25.7168
42.5317
19.7361
27.9573
15.8242
39.0659
38.8899
24.425
19.0532
41.5837
37.2463
17.1313
29.0986
45.1941
36.9746
21.9578
29.7961
41.5269
18.425
18.6643
27.2051
24.6763
35.3716
39.9053
19.5239
17.1775
17.2607
29.3303
39.0251
36.3848
28.9373
19.2217
33.3582
32.9331
31.5056
33.4648
26.4204
24.7168
42.3379
29.9614
20.7383
33.969
31.427
34.1628
33.5291
22.6025
40.47
17.72
18.5505
43.2949
20.8472
30.188
22.502
40.4341
24.3228
26.4482
41.9739
25.9287
40.0488
35.4724
16.6824
23.437
38.9443
34.4285
40.6611
24.8826
22.2664
21.5
33.9465
18.9307
35.8374
39.061
37.1631
21.6921
27.7136
25.1401
28.6133
22.5525
27.2236
31.6821
20.3792
32.2698
16.1045
27.0198
27.0972
24.7771
37.7161
23.4407
35.1602
32.1936
43.1699
36.1978
40.0618
36.4851
24.9556
35.0596
15.7615
31.6362
40.9878
34.1665
34.9194
31.1914
27.6497
35.2991
37.239
39.623
36.0083
20.1636
16.5757
17.5281
36.2412
21.2834
34.1997
36.627
32.6936
15.6689
15.8096
24.7693
23.4326
35.3135
41.3337
21.0857
25.8655
35.6287
41.9541
35.1565
24.9768
42.1816
21.1389
20.2998
30.6653
40.4373
35.9045
42.8408
21.3511
27.5439
36.7769
41.6753
31.9722
37.7561
43.5564
22.5671
43.397
32.1899
43.7009
30.407
32.1777
43.7476
39.563
40.0005
33.4307
35.3601
45.5042
43.6921
25.3694
41.813
33.3667
34.7063
38.3469
38.8474
39.4446
23.5349
33.7854
29.7039
20.6038
39.4656
41.5198
41.7603
35.5142
28.0356
34.009
33.4875
34.991
31.7776
20.0479
33.0811
