147.201
100.562
100.621
100.56
100.701
100.758
100.645
100.608
100.68
100.576
100.575
110.818
100.542
100.596
100.683
100.665
100.562
104.088
100.717
100.671
100.576
100.604
100.605
100.692
100.606
100.564
104.589
100.729
100.693
100.67
100.637
100.573
100.647
100.648
100.688
100.576
100.608
100.595
100.643
100.656
113.241
100.566
100.589
100.609
100.636
100.595
100.639
100.634
100.653
100.669
100.597
100.549
100.581
100.553
100.615
100.7
100.612
100.573
100.567
100.61
100.616
103.785
100.595
100.684
100.697
100.626
100.608
100.583
100.71
100.653
100.63
100.623
100.589
100.721
100.619
100.596
100.625
100.758
100.652
100.574
100.574
100.669
100.604
100.588
100.606
100.651
100.659
100.738
100.575
100.808
100.6
100.682
104.061
100.599
100.572
100.599
100.579
100.71
100.598
100.596
100.687
100.703
100.635
100.67
100.634
100.662
100.63
100.61
100.584
100.742
100.888
100.589
100.591
100.636
100.663
100.615
100.618
100.625
100.696
100.611
100.653
100.576
100.717
100.656
100.584
100.602
100.641
100.625
100.621
100.62
100.625
100.685
100.62
100.57
100.602
100.635
100.576
100.661
100.671
109.17
100.616
100.57
100.683
100.687
100.569
100.592
100.681
100.613
100.591
100.594
100.604
100.655
100.682
100.584
100.619
100.638
100.569
100.554
100.628
100.582
100.581
100.59
100.597
100.654
100.583
100.571
100.584
100.685
100.627
100.564
100.561
100.672
100.581
100.573
100.603
100.571
100.601
100.589
100.618
100.578
100.655
100.677
100.607
100.638
