99.9429
75.71
75.5579
75.5771
75.603
75.6169
75.7012
75.5598
75.5637
75.5623
75.7063
78.7458
75.5686
75.6421
75.55
75.5916
75.6094
82.418
75.5969
75.5913
75.6035
75.5999
75.5413
75.5681
75.5881
75.5959
80.2996
75.6689
75.5889
75.5881
75.6118
75.5938
75.6064
75.6836
75.6184
75.6345
75.6394
75.6265
75.6016
75.6812
80.8132
75.6382
75.5913
75.5767
75.6658
75.7019
75.5854
75.7271
75.6235
75.5974
75.6475
75.6433
75.7136
75.6204
75.6316
75.6851
75.665
75.6311
75.6279
75.6621
75.5571
79.824
75.624
75.6108
75.6575
75.5857
75.5674
75.6221
75.5813
75.5786
75.6267
75.5916
75.5745
75.5972
75.6409
75.5933
75.6235
75.6392
75.5671
75.6201
75.6384
75.5942
75.5918
75.5911
75.6162
75.594
75.5833
75.6804
75.5791
75.5959
75.6458
75.6587
82.2229
75.5898
75.6206
75.613
75.6826
75.6309
75.5774
75.6228
75.6719
75.6055
75.7004
75.678
75.6274
75.5811
75.6301
75.5969
75.5964
75.6575
75.6282
75.6082
75.6025
75.7139
75.5559
75.7195
75.6401
75.574
75.6865
75.6204
75.5833
75.688
75.6211
75.7349
75.7671
75.6323
75.5737
75.6509
75.6401
75.6104
75.6514
75.5955
75.5767
75.6641
75.6538
75.5952
75.6362
75.6384
75.5593
81.3086
75.6313
75.6047
75.6443
75.5886
75.5869
75.6511
75.6162
75.6511
75.6582
75.5803
75.5891
75.6948
75.689
75.6064
75.7939
75.6035
75.5793
75.6067
75.5974
75.5874
75.6689
75.5959
75.6021
75.5957
75.614
75.616
75.6184
75.6987
75.6196
75.6243
75.6643
75.6523
75.6501
75.6914
75.6497
75.5598
75.6692
75.6172
75.5801
75.6338
75.6592
75.5637
75.6787
75.6501
75.5747
75.6409
75.6218
75.6057
75.6687
75.6274
75.613
75.6985
75.6411
75.6282
75.644
75.6616
75.615
75.6729
75.6531
75.5767
75.6204
75.5908
75.6045
75.624
75.5876
75.563
75.6335
75.6716
75.5977
80.7808
75.6104
75.6396
75.6401
75.6335
75.5845
75.6111
75.613
75.5852
75.6228
75.571
75.5706
75.6292
75.6445
75.5889
75.6667
75.6155
75.5757
75.6868
75.6125
75.5562
75.7437
75.6023
75.5862
75.7266
75.6013
75.5862
75.6565
75.5662
75.5703
75.6794
75.6108
75.6104
75.6216
75.6533
75.5647
75.624
75.5867
75.5942
75.6162
75.6389
75.5825
75.5996
75.6143
75.6379
75.6545
75.676
75.6028
75.6658
75.5801
75.6079
75.6116
75.582
75.8582
75.5923
75.5742
75.6506
75.5994
75.6038
75.592
75.6204
75.5679
75.5654
75.6438
75.6021
75.5588
75.689
75.606
75.5994
75.7605
75.5818
75.5613
75.6382
