79.9253
60.8171
60.6853
60.7573
60.6331
60.6018
60.6418
60.5618
60.5747
60.5735
60.5996
68.0811
60.6113
60.6145
60.5723
60.5881
60.606
65.1619
60.5999
60.6033
60.6536
60.6343
60.6426
60.6438
60.6194
60.6196
64.5159
60.6487
60.5825
60.6521
60.7231
60.5828
60.5522
60.6448
60.6064
60.5828
60.5945
60.5728
60.6086
60.627
64.8491
60.5752
60.6472
60.7048
60.5808
60.6069
60.5686
60.6333
60.6172
60.5781
60.615
60.5767
60.646
60.5737
60.5459
60.6472
60.6611
60.606
60.5652
60.6284
60.6182
65.8667
60.6604
60.7214
60.5867
60.6079
60.6401
60.6858
60.6799
60.5557
60.7681
60.6799
60.6169
60.593
60.5835
60.6138
60.677
60.8296
60.5964
60.5964
60.5854
60.584
60.6099
60.6111
60.561
60.584
60.5935
60.5969
60.7839
60.6116
60.5674
60.5708
66.4126
60.5999
60.5886
61.0398
60.605
60.5789
60.6685
60.6174
60.5925
60.6208
60.5999
60.6094
60.7913
60.6401
60.5747
60.7844
60.6702
60.5891
60.749
60.7285
60.5732
60.6567
60.6018
60.6006
60.6348
60.5889
60.6138
60.7273
60.6562
60.6514
60.6543
60.5886
60.5864
60.6111
60.5947
60.6196
60.614
60.5928
60.5945
60.6199
60.6243
60.5908
60.6335
60.6055
60.5635
60.6616
60.6523
66.5239
60.6008
60.5815
60.5952
60.7017
60.6218
60.6128
60.6052
60.6399
60.5549
60.699
60.5808
60.5852
60.6736
60.6995
60.5923
60.6416
60.6292
60.5486
60.6799
60.5986
60.5723
60.6184
60.6145
60.5964
60.6953
60.5818
60.5938
60.5847
60.55
60.5684
60.6482
60.572
60.6189
60.6531
60.5891
60.5742
60.6296
60.5835
60.5803
60.6084
60.5867
60.6206
60.5913
60.5823
60.6538
60.6338
60.6191
60.7126
60.6089
60.5627
60.6301
60.7007
60.5571
60.635
60.585
60.6313
60.6184
60.605
60.5742
60.6282
60.6724
60.6426
60.7146
60.6143
60.6328
60.6589
60.6711
60.6174
60.6011
66.1067
60.606
60.627
60.5779
60.6116
60.7144
60.6118
60.7131
60.7002
60.6326
60.637
60.6643
60.5928
60.594
60.645
60.6462
60.6431
60.718
60.6309
60.5803
60.6611
60.6072
60.5642
60.6472
60.5854
60.5979
60.7288
60.6616
60.5676
60.6548
60.6423
60.5891
60.6897
60.6211
60.5742
60.6416
60.6335
60.5818
60.6584
60.5845
60.6006
60.623
60.6401
60.6045
60.6191
60.626
60.6274
60.6396
60.6042
60.6001
60.6587
60.6172
60.6174
60.6521
60.5898
60.6069
60.6572
60.5803
60.5813
60.6592
60.6775
60.583
60.6611
60.6121
60.6262
60.6353
60.5789
60.616
60.613
60.5876
60.564
60.6487
60.5764
60.5461
60.583
60.5908
60.5403
60.5791
60.6326
60.6047
60.615
60.5891
60.5996
60.6016
60.5754
60.6379
60.5862
60.5886
60.5491
60.5776
60.5881
60.7615
60.5955
60.6057
60.6211
60.5715
60.5715
