62.6323
29.5549
33.4609
33.6152
34.6868
27.5918
28.9585
33.3662
28.4033
31.1624
30.3997
36.3767
29.3284
30.7175
35.113
34.7507
31.9255
37.1638
27.0938
31.6411
25.7349
28.0068
26.9993
33.7148
27.1287
29.604
33.1958
26.6853
35.5718
27.812
30.7253
34.0906
31.8162
28.5249
31.9812
30.8333
30.5344
35.3186
28.5396
33.3062
34.6929
33.2856
29.5527
34.5364
28.4224
29.1548
33.6912
34.8413
26.3159
35.1807
30.9246
26.468
27.4958
32.2195
34.4939
29.0679
26.2529
25.949
30.1768
26.2417
28.052
39.9033
34.6318
34.0674
28.2932
30.9895
29.3713
33.1819
30.7402
32.2505
30.9514
26.0264
29.981
34.926
34.9319
32.7598
28.4758
32.9973
31.9729
29.1409
32.5027
27.261
29.9705
34.4414
33.9456
28.9001
27.9792
34.5388
29.0706
32.4868
35.1689
31.5173
37.7715
34.1904
30.0305
34.8132
29.6104
33.8098
32.4893
37.8501
30.4282
27.7563
35.1892
34.7522
27.1125
34.4814
32.0896
29.9126
31.8457
28.4365
33.4302
28.658
30.1196
27.9175
27.4341
28.3445
31.2678
29.7598
27.3206
34.665
26.6265
26.9036
30.5142
33.2617
35.9736
34.9597
32.3984
30.2935
33.0776
29.2251
28.5413
27.9211
31.4509
28.021
27.7827
32.9758
26.8381
33.5886
27.2705
36.5713
26.3811
35.1462
26.1099
30.7864
27.3726
28.0818
33.5437
32.9888
32.1638
35.2617
31.9944
33.2026
26.5122
26.9272
30.8716
26.3687
26.3169
27.6643
30.2803
33.7876
31.3562
33.1628
26.092
27.2036
35.5837
27.6477
34.5381
26.8604
35.5569
26.2244
34.2842
26.2905
25.6675
34.8276
31.5151
27.3574
27.3423
29.5842
34.7039
33.7864
29.1877
31.1038
31.4233
30.1143
32.5264
26.614
30.9895
33.1704
28.6289
35.5537
31.3965
34.3604
33.0593
31.9929
25.9946
33.127
34.0452
34.9021
34.353
33.8804
35.4016
33.0398
34.6221
35.4365
32.3362
30.6047
27.2004
34.0552
34.5569
32.0161
32.1494
28.0784
31.8516
27.9033
32.6355
28.7451
28.9646
27.8921
26.3384
31.906
27.8071
32.2158
30.676
35.2759
28.4482
31.0657
32.7666
26.7864
30.3193
31.5269
35.0259
30.1245
28.9556
34.0662
29.9395
25.6248
29.187
31.6152
33.9399
28.0078
32.5708
30.4453
30.4404
28.6689
32.7185
27.4578
31.8923
26.0667
29.7234
32.5525
32.3843
32.0747
29.0718
27.4575
31.7422
31.8696
32.9246
28.873
33.0085
27.6658
34.8096
32.4265
32.1165
28.3484
30.9331
26.4939
28.1899
34.3677
32.4392
26.5522
26.708
29.2117
31.3567
31.5452
32.3218
28.5942
33.3318
28.458
28.9993
27.4739
35.4592
25.6375
33.8796
28.9119
27.4622
30.0457
35.1863
34.9199
33.2563
32.6123
26.9089
32.5208
29.4136
33.4146
35.0735
34.7593
34.198
27.7107
33.5378
31.0576
28.7034
34.7219
34.687
34.3242
30.7471
31.3564
27.2117
28.3528
34.2214
30.5408
30.3455
34.1482
30.583
28.6245
35.4146
32.4253
32.9229
26.9734
31.5911
30.5803
34.0559
32.9319
27.4182
27.8518
30.6055
26.8188
26.9592
29.2642
28.9048
34.9138
34.687
31.9072
33.9956
33.7988
30.6292
28.9221
29.5396
32.4014
31.717
28.2
27.1711
26.356
26.7161
32.0894
29.1968
28.5085
28.949
26.5085
29.8362
35.0222
31.4004
28.3608
32.2554
33.1775
30.4995
27.2129
34.4285
31.9197
30.8044
27.6665
31.2153
29.875
33.9165
29.5996
28.0444
28.8901
33.019
32.0166
35.4324
29.012
34.5618
26.9661
29.8896
25.6553
33.5059
33.3755
28.5793
26.7266
34.3389
32.7856
26.0654
30.0654
35.4338
32.6472
27.7366
30.3467
34.2927
26.5757
26.5928
29.4507
28.6079
32.2573
33.7175
26.9314
26.1838
26.1807
30.1482
33.4749
32.5203
30.0439
26.834
31.5686
31.429
30.9231
31.5674
29.2114
28.6377
34.5234
30.3767
27.2778
31.7493
30.8513
31.7581
31.6277
27.9353
33.9763
26.3818
26.5718
34.8188
27.3613
30.386
27.9185
33.8423
28.5137
29.1934
34.3682
29.0325
33.7012
32.2324
25.9473
28.2097
33.3516
31.8538
33.9526
28.7009
27.9363
27.6348
31.7207
26.7104
32.4062
33.387
32.7986
27.6428
29.5911
28.7405
30.0737
27.918
29.4717
30.9917
27.106
31.2168
25.834
29.3738
29.427
28.6182
32.9238
28.2671
32.1033
31.0947
34.8679
32.4363
33.6855
32.54
28.6877
32.0474
25.6416
30.981
34.0544
31.7629
32.0945
30.7424
29.6621
35.375
32.7686
33.614
32.4246
27.1936
25.9041
26.2136
32.521
27.5378
31.8096
32.5901
31.2578
25.5981
25.7024
28.7009
28.2058
32.1763
34.187
27.4717
28.9753
32.3726
34.3792
32.1091
28.7581
34.5098
27.4507
27.2339
30.6917
33.8826
32.4133
34.9224
27.4866
29.7239
32.7039
34.2925
31.0781
33.0374
34.9092
27.9226
34.9578
31.137
34.9062
30.5798
31.1055
34.9749
33.5986
33.7329
31.5056
32.1638
35.593
35.0608
28.8765
34.3091
31.6221
31.9546
33.1965
33.3564
33.6042
28.3171
31.6296
30.4014
27.2849
33.5205
34.3066
34.3647
32.3357
29.7571
31.7229
31.5366
32.0647
31.0544
27.0623
31.3738
25.8997
32.6462
30.8772
33.9485
30.7307
26.7485
30.5022
30.7004
26.0869
33.7703
29.4675
32.0928
30.1003
27.0776
