58.1018
30.6226
30.6353
30.6077
30.5911
30.5615
30.5806
30.5801
30.6042
30.551
30.553
34.6941
30.6013
30.5918
30.6577
30.6018
30.6492
35.8997
30.6304
30.6272
30.5708
30.5637
30.6658
30.6414
30.5784
30.79
35.1853
30.5916
30.5879
30.5659
30.5762
30.5842
30.6934
30.5981
30.5762
30.5576
30.575
30.5596
30.6038
30.6521
33.8352
30.6162
30.6648
30.5703
30.6213
30.6299
30.7344
30.5701
30.6509
30.5872
30.6111
30.6624
30.5823
30.6018
30.6438
30.5769
30.5647
30.6245
30.6157
30.5557
30.6448
36.0083
30.603
30.5613
30.5808
30.7351
30.6499
30.5774
30.6582
30.5823
30.616
30.5845
30.5876
30.6372
30.6833
30.6011
30.6116
30.6353
30.6201
30.6069
30.575
30.6008
30.5696
30.5991
30.6111
30.571
30.6084
30.8167
30.554
30.6794
30.6042
30.5603
36.1924
30.6257
30.5833
30.697
30.6235
30.667
30.5786
30.5815
30.6497
30.6204
30.5925
30.5706
30.5637
30.6108
30.5615
30.595
30.6841
30.6287
30.5938
30.6013
30.6067
30.5557
30.6848
30.5615
30.5566
30.6726
30.6377
30.5598
30.6858
30.6331
30.6094
30.646
30.5962
30.5811
30.6758
30.6829
31.1953
30.592
30.6252
33.9688
30.5671
30.6074
33.9583
30.5764
30.6455
30.698
30.6243
34.7383
30.6455
30.626
30.7275
30.6316
30.5564
30.6907
30.6472
30.6655
30.6685
30.6628
30.5959
30.7966
30.5991
30.575
30.6431
30.5769
30.6367
30.6484
30.657
30.6023
30.6414
30.6006
30.5798
30.6831
30.6418
30.5974
30.6931
30.728
30.5779
30.6526
30.5857
30.5688
30.6541
30.5471
30.5767
30.6484
30.5706
30.616
30.6707
30.604
30.6274
30.6626
30.5935
30.5688
30.6316
30.6807
30.5847
30.6699
30.6477
30.5791
30.6604
30.6223
30.6226
30.6887
30.6616
30.6003
30.6692
30.6079
30.6392
30.6875
30.647
30.5991
30.6006
30.6414
30.6238
30.6562
30.6111
30.6626
30.6279
35.3623
31.4993
30.7046
30.6113
30.5571
30.6143
30.6057
30.5991
30.6101
30.5615
30.5779
30.575
30.6453
30.6396
30.7627
30.5771
30.5847
30.5999
30.582
30.6899
30.6362
30.6272
30.6235
30.5964
30.5989
30.6067
30.6765
30.6021
30.6292
30.6223
30.5999
30.5957
30.6428
30.5994
30.6694
30.6328
30.5811
30.6638
30.6279
30.5776
30.6011
30.5825
30.6567
30.6218
30.6753
30.5903
30.656
30.6086
30.6353
30.6299
30.6711
30.5942
30.5991
30.6445
30.5854
30.5947
30.6226
30.5681
30.6445
30.613
30.5686
30.7092
30.644
30.6128
30.6492
30.6433
30.5981
30.6809
30.5989
30.5903
30.5999
30.6013
30.6272
30.6726
30.6296
30.5908
30.6306
30.6245
30.5928
30.6555
30.5908
30.6897
30.6287
30.7146
30.5959
30.6257
30.6213
30.5886
30.6458
30.6904
30.5745
30.6892
30.582
30.6509
30.6421
30.6555
30.5598
30.6548
30.6531
30.592
30.6367
30.6191
30.5701
30.6575
30.5884
36.4583
30.6533
30.6106
30.5796
30.6797
30.6016
30.6292
30.7146
30.5784
30.5908
30.7363
30.6313
30.5801
30.5803
30.5781
30.6721
30.6091
30.6118
30.5884
30.6335
30.6482
30.6038
30.6223
30.6189
30.6023
30.6672
30.627
30.6189
30.6846
30.6753
30.5996
30.6213
30.5659
30.635
30.5935
30.6033
30.5535
30.5935
30.6069
30.6418
30.5649
30.6555
30.6196
30.6497
30.6387
30.6108
30.5806
30.7156
30.6301
30.647
30.6809
30.6411
30.6133
30.686
30.5906
30.6233
30.6343
30.6189
30.5713
30.6165
30.6702
30.6108
30.6228
30.6641
30.5952
30.6487
30.5977
30.5911
30.6177
30.6184
30.5774
30.6555
30.6079
30.6018
30.6592
30.6013
30.5925
30.647
30.5935
30.6033
30.7146
30.6301
30.6448
30.6187
30.5911
30.6177
30.613
30.5867
30.571
30.6541
30.595
30.5908
30.6494
30.6328
30.5845
30.6228
30.5908
30.571
30.6621
30.6113
30.572
30.6765
30.6072
30.561
30.6687
30.844
30.5815
30.6033
30.634
30.7026
30.6311
30.6392
30.5911
30.6067
30.5676
30.6553
30.6401
30.6138
30.6021
30.7139
30.6211
30.6431
30.6792
30.6902
30.5996
30.7007
30.613
30.5969
30.6406
30.6221
30.5977
30.6047
30.6143
30.6357
30.5898
30.6443
30.564
30.6104
30.6143
30.595
30.6177
30.6008
30.5752
30.605
30.6292
30.54
30.7009
30.5823
30.5813
30.9312
30.6882
30.6055
30.6436
30.5669
30.5854
30.6877
30.6152
30.5815
37.4524
30.5969
30.5798
30.7188
30.6375
30.6072
30.6562
30.5984
30.6118
30.5923
30.5508
30.6406
30.6167
30.6274
30.5757
30.5808
30.6013
30.575
30.5757
30.5959
30.5762
30.6194
30.623
30.6316
30.5857
30.6689
30.5896
30.5852
30.6631
30.5933
30.6121
30.6838
30.6172
30.5688
30.6414
30.6313
30.5769
30.6455
30.7161
30.5984
30.7058
30.6431
30.5608
30.6619
30.6641
30.5679
30.6528
30.6309
30.6023
30.6755
30.5884
30.6614
30.6042
30.5886
